180 170 100
179 170 100
178 170 100
177 170 100
176 170 100
175 170 100
174 170 100
173 170 100
172 170 100
171 170 100
170 170 100
170 170 2450
169 170 100
169 170 2450
168 170 100
168 170 2450
167 170 100
167 170 2450
166 170 100
166 170 2450
165 170 100
165 170 2450
164 170 100
164 170 2450
163 170 100
163 170 2450
162 170 100
162 170 2450
161 170 100
161 170 2450
160 170 100
160 170 2450
159 170 100
159 170 2450
158 170 100
158 170 2450
157 170 100
157 170 2450
156 170 100
156 170 2450
155 170 100
155 170 2450
154 170 100
154 170 2450
153 170 100
153 170 2450
152 170 100
152 170 2450
151 170 100
151 170 2450
150 170 100
150 170 2450
149 170 100
149 170 2450
148 170 100
148 170 2450
148 170 1225
147 170 100
147 170 2450
147 170 1225
146 170 100
146 170 2450
146 170 1225
145 170 100
145 170 2450
145 170 1225
144 170 100
144 170 2450
144 170 1225
143 170 100
143 170 2450
143 170 1225
142 170 100
142 170 2450
142 170 1225
141 170 100
141 170 2450
141 170 1225
140 170 100
140 170 2450
140 170 1225
139 170 100
139 170 2450
139 170 1225
138 170 100
138 170 2450
138 170 1225
137 170 100
137 170 2450
137 170 1225
136 170 100
136 170 2450
136 170 1225
135 170 100
135 170 2450
134 170 100
134 170 2450
133 170 100
133 170 2450
132 170 100
132 170 2450
131 170 100
131 170 2450
130 170 100
130 170 2450
129 170 100
129 170 2450
128 170 100
128 170 2450
127 170 100
127 170 2450
126 170 100
126 170 2450
125 170 100
125 170 2450
124 170 100
124 170 2450
123 170 100
123 170 2450
122 170 100
121 170 100
120 170 100
119 170 100
118 170 100
117 170 100
116 170 100
115 170 100
114 170 100
113 170 100
112 170 100
111 170 100
110 170 100
109 170 100
108 170 100
107 170 100
106 170 100
105 170 100
105 170 2450
104 170 100
104 170 2450
104 169 100
104 169 2450
104 168 100
104 167 100
104 166 100
104 165 100
104 164 100
104 163 100
104 162 100
104 161 100
104 160 100
104 159 100
104 158 100
104 157 100
104 156 100
104 155 100
104 154 100
104 153 100
104 152 100
104 151 100
104 150 100
104 149 100
104 148 100
104 147 100
104 146 100
104 145 100
104 144 100
104 143 100
104 143 2450
104 142 100
104 142 2450
104 141 100
104 141 2450
104 140 100
104 140 2450
104 139 100
104 139 2450
104 138 100
104 138 2450
104 137 100
104 137 2450
104 136 100
104 136 2450
104 135 100
104 135 2450
104 134 100
104 134 2450
104 133 100
104 133 2450
104 132 100
104 132 2450
104 131 100
104 131 2450
104 130 100
104 130 2450
104 129 100
104 129 2450
104 128 100
104 128 2450
104 127 100
104 127 2450
104 126 100
104 126 2450
104 125 100
104 125 2450
104 124 100
104 124 2450
104 124 1225
104 123 100
104 123 2450
104 123 1225
104 122 100
104 122 2450
104 122 1225
104 121 100
104 121 2450
104 121 1225
104 120 100
104 120 2450
104 120 1225
104 119 100
104 119 2450
104 119 1225
104 118 100
104 118 2450
104 118 1225
104 117 100
104 117 2450
104 117 1225
104 116 100
104 116 2450
104 116 1225
104 115 100
104 115 2450
104 115 1225
104 114 100
104 114 2450
104 114 1225
104 113 100
104 113 2450
104 112 100
104 112 2450
104 111 100
104 111 2450
104 110 100
104 110 2450
104 109 100
104 109 2450
104 108 100
104 108 2450
104 107 100
104 107 2450
104 106 100
104 106 2450
104 105 100
104 105 2450
104 104 100
104 104 2450
104 103 100
104 103 2450
104 102 100
104 102 2450
104 101 100
104 101 2450
104 100 100
104 100 2450
104 99 100
104 99 2450
104 98 100
104 98 2450
104 97 100
104 97 2450
104 96 100
104 96 2450
104 95 100
104 95 2450
104 94 100
104 94 2450
104 93 100
104 93 2450
104 92 100
104 92 2450
104 91 100
104 91 2450
104 90 100
104 90 2450
104 89 100
104 89 2450
104 88 100
104 88 2450
104 87 100
104 87 2450
104 86 100
104 86 2450
104 85 100
104 85 2450
104 84 100
104 84 2450
104 83 100
104 83 2450
104 82 100
104 82 2450
104 81 100
104 81 2450
104 80 100
104 80 2450
104 79 100
104 79 2450
104 78 100
104 78 2450
104 77 100
104 77 2450
104 76 100
104 76 2450
104 75 100
104 75 2450
104 74 100
104 74 2450
104 73 100
104 72 100
104 71 100
104 70 100
104 69 100
104 68 100
104 67 100
104 66 100
104 65 100
104 64 100
104 63 100
104 62 100
104 61 100
104 60 100
104 59 100
104 58 100
104 58 2450
104 57 100
104 57 2450
104 56 100
104 56 2450
104 55 100
104 55 2450
104 54 100
104 54 2450
104 53 100
104 53 2450
104 52 100
104 52 2450
104 51 100
104 51 2450
104 50 100
104 50 2450
104 49 100
104 49 2450
104 48 100
104 48 2450
104 47 100
104 47 2450
104 46 100
104 46 2450
104 45 100
104 45 2450
28 183 100
29 183 100
30 183 100
31 183 100
32 183 100
33 183 100
34 183 100
35 183 100
36 183 100
37 183 100
38 183 100
39 183 100
40 183 100
41 183 100
41 183 2450
42 183 100
42 183 2450
43 183 100
43 183 2450
44 183 100
44 183 2450
45 183 100
45 183 2450
46 183 100
46 183 2450
47 183 100
47 183 2450
48 183 100
48 183 2450
49 183 100
49 183 2450
50 183 100
50 183 2450
51 183 100
51 183 2450
52 183 100
52 183 2450
53 183 100
53 183 2450
54 183 100
54 183 2450
55 183 100
55 183 2450
56 183 100
56 183 2450
57 183 100
57 183 2450
58 183 100
58 183 2450
59 183 100
59 183 2450
60 183 100
60 183 2450
61 183 100
61 183 2450
62 183 100
62 183 2450
63 183 100
63 183 2450
64 183 100
64 183 2450
65 183 100
65 183 2450
66 183 100
66 183 2450
67 183 100
67 183 2450
68 183 100
68 183 2450
69 183 100
69 183 2450
70 183 100
70 183 2450
71 183 100
71 183 2450
72 183 100
72 183 2450
73 183 100
73 183 2450
74 183 100
74 183 2450
75 183 100
75 183 2450
76 183 100
76 183 2450
77 183 100
77 183 2450
78 183 100
78 183 2450
79 183 100
79 183 2450
80 183 100
80 183 2450
81 183 100
81 183 2450
82 183 100
82 183 2450
83 183 100
83 183 2450
84 183 100
84 183 2450
85 183 100
85 183 2450
86 183 100
86 183 2450
87 183 100
87 183 2450
88 183 100
88 183 2450
89 183 100
89 183 2450
90 183 100
90 183 2450
91 183 100
91 183 2450
92 183 100
92 183 2450
93 183 100
93 183 2450
94 183 100
94 183 2450
94 183 1225
95 183 100
95 183 2450
95 183 1225
96 183 100
96 183 2450
96 183 1225
97 183 100
97 183 2450
97 183 1225
98 183 100
98 183 2450
98 183 1225
99 183 100
99 183 2450
99 183 1225
100 183 100
100 183 2450
100 183 1225
100 183 612
101 183 100
101 183 2450
101 183 1225
101 183 612
102 183 100
102 183 2450
102 183 1225
102 183 612
103 183 100
103 183 2450
103 183 1225
103 183 612
104 183 100
104 183 2450
104 183 1225
104 183 612
104 182 100
104 182 2450
104 182 1225
104 182 612
104 181 100
104 181 2450
104 181 1225
104 181 612
104 180 100
104 180 2450
104 180 1225
104 179 100
104 179 2450
104 179 1225
104 178 100
104 178 2450
104 178 1225
104 177 100
104 177 2450
104 177 1225
104 176 100
104 176 2450
104 175 100
104 175 2450
104 174 100
104 174 2450
104 173 100
104 173 2450
104 172 100
104 172 2450
104 171 100
104 171 2450
79 101 100
80 101 100
81 101 100
82 101 100
83 101 100
84 101 100
85 101 100
86 101 100
87 101 100
88 101 100
89 101 100
89 101 2450
90 101 100
90 101 2450
91 101 100
91 101 2450
92 101 100
92 101 2450
93 101 100
93 101 2450
94 101 100
94 101 2450
95 101 100
95 101 2450
96 101 100
96 101 2450
97 101 100
97 101 2450
98 101 100
98 101 2450
99 101 100
99 101 2450
100 101 100
100 101 2450
101 101 100
101 101 2450
102 101 100
102 101 2450
103 101 100
103 101 2450
195 15 100
194 15 100
193 15 100
192 15 100
191 15 100
190 15 100
189 15 100
188 15 100
187 15 100
186 15 100
185 15 100
184 15 100
183 15 100
182 15 100
181 15 100
180 15 100
179 15 100
178 15 100
177 15 100
176 15 100
175 15 100
174 15 100
173 15 100
172 15 100
171 15 100
170 15 100
169 15 100
168 15 100
167 15 100
166 15 100
165 15 100
164 15 100
163 15 100
162 15 100
162 15 2450
161 15 100
161 15 2450
160 15 100
160 15 2450
159 15 100
159 15 2450
158 15 100
158 15 2450
157 15 100
157 15 2450
156 15 100
156 15 2450
155 15 100
155 15 2450
154 15 100
154 15 2450
153 15 100
153 15 2450
152 15 100
152 15 2450
152 15 1225
151 15 100
151 15 2450
151 15 1225
150 15 100
150 15 2450
150 15 1225
149 15 100
149 15 2450
149 15 1225
148 15 100
148 15 2450
148 15 1225
147 15 100
147 15 2450
147 15 1225
147 15 612
146 15 100
146 15 2450
146 15 1225
146 15 612
145 15 100
145 15 2450
145 15 1225
145 15 612
144 15 100
144 15 2450
144 15 1225
144 15 612
143 15 100
143 15 2450
143 15 1225
143 15 612
142 15 100
142 15 2450
142 15 1225
142 15 612
141 15 100
141 15 2450
141 15 1225
141 15 612
140 15 100
140 15 2450
140 15 1225
140 15 612
139 15 100
139 15 2450
139 15 1225
138 15 100
138 15 2450
138 15 1225
137 15 100
137 15 2450
137 15 1225
136 15 100
136 15 2450
135 15 100
135 15 2450
134 15 100
134 15 2450
133 15 100
133 15 2450
132 15 100
132 15 2450
131 15 100
131 15 2450
130 15 100
130 15 2450
129 15 100
129 15 2450
128 15 100
128 15 2450
127 15 100
127 15 2450
126 15 100
126 15 2450
125 15 100
125 15 2450
124 15 100
124 15 2450
123 15 100
123 15 2450
122 15 100
122 15 2450
121 15 100
121 15 2450
120 15 100
120 15 2450
119 15 100
119 15 2450
118 15 100
118 15 2450
117 15 100
117 15 2450
116 15 100
116 15 2450
115 15 100
115 15 2450
114 15 100
114 15 2450
113 15 100
113 15 2450
112 15 100
112 15 2450
111 15 100
111 15 2450
110 15 100
110 15 2450
109 15 100
109 15 2450
109 15 1225
108 15 100
108 15 2450
108 15 1225
107 15 100
107 15 2450
107 15 1225
106 15 100
106 15 2450
106 15 1225
105 15 100
105 15 2450
105 15 1225
104 15 100
104 15 2450
104 16 100
104 16 2450
104 16 1225
104 17 100
104 17 2450
104 17 1225
104 18 100
104 18 2450
104 18 1225
104 19 100
104 19 2450
104 19 1225
104 20 100
104 20 2450
104 20 1225
104 20 612
104 21 100
104 21 2450
104 21 1225
104 22 100
104 22 2450
104 22 1225
104 23 100
104 23 2450
104 23 1225
104 24 100
104 24 2450
104 24 1225
104 25 100
104 25 2450
104 25 1225
104 26 100
104 26 2450
104 26 1225
104 27 100
104 27 2450
104 28 100
104 28 2450
104 29 100
104 29 2450
104 30 100
104 30 2450
104 31 100
104 31 2450
104 32 100
104 32 2450
104 33 100
104 33 2450
104 34 100
104 34 2450
104 35 100
104 35 2450
104 36 100
104 36 2450
104 37 100
104 37 2450
104 38 100
104 38 2450
104 39 100
104 39 2450
104 40 100
104 40 2450
104 41 100
104 41 2450
104 42 100
104 42 2450
104 43 100
104 43 2450
104 44 100
104 44 2450
23 102 100
24 102 100
25 102 100
26 102 100
27 102 100
27 102 2450
28 102 100
28 102 2450
29 102 100
29 102 2450
30 102 100
30 102 2450
31 102 100
31 102 2450
32 102 100
32 102 2450
33 102 100
33 102 2450
34 102 100
34 102 2450
35 102 100
35 102 2450
36 102 100
36 102 2450
37 102 100
37 102 2450
38 102 100
39 102 100
40 102 100
41 102 100
42 102 100
43 102 100
44 102 100
45 102 100
46 102 100
47 102 100
48 102 100
49 102 100
50 102 100
50 102 2450
51 102 100
51 102 2450
52 102 100
52 102 2450
53 102 100
53 102 2450
54 102 100
54 102 2450
55 102 100
55 102 2450
56 102 100
56 102 2450
57 102 100
57 102 2450
58 102 100
58 102 2450
59 102 100
59 102 2450
60 102 100
60 102 2450
61 102 100
61 102 2450
62 102 100
62 102 2450
63 102 100
63 102 2450
64 102 100
64 102 2450
65 102 100
65 102 2450
66 102 100
66 102 2450
67 102 100
67 102 2450
68 102 100
68 102 2450
69 102 100
69 102 2450
70 102 100
70 102 2450
71 102 100
72 102 100
73 102 100
74 102 100
75 102 100
76 102 100
77 102 100
78 102 100
79 102 100
80 102 100
81 102 100
82 102 100
83 102 100
84 102 100
85 102 100
86 102 100
87 102 100
88 102 100
89 102 100
89 102 2450
90 102 100
90 102 2450
91 102 100
91 102 2450
92 102 100
92 102 2450
93 102 100
93 102 2450
94 102 100
94 102 2450
95 102 100
95 102 2450
96 102 100
96 102 2450
97 102 100
97 102 2450
98 102 100
98 102 2450
99 102 100
99 102 2450
100 102 100
100 102 2450
101 102 100
101 102 2450
102 102 100
102 102 2450
103 102 100
103 102 2450
80 141 100
81 141 100
82 141 100
83 141 100
84 141 100
85 141 100
86 141 100
87 141 100
88 141 100
89 141 100
90 141 100
91 141 100
92 141 100
93 141 100
94 141 100
95 141 100
96 141 100
96 141 2450
97 141 100
97 141 2450
98 141 100
98 141 2450
99 141 100
99 141 2450
100 141 100
100 141 2450
101 141 100
101 141 2450
102 141 100
102 141 2450
103 141 100
103 141 2450
150 145 100
149 145 100
148 145 100
147 145 100
146 145 100
145 145 100
144 145 100
143 145 100
142 145 100
142 145 2450
141 145 100
141 145 2450
140 145 100
140 145 2450
139 145 100
139 145 2450
138 145 100
138 145 2450
137 145 100
137 145 2450
136 145 100
136 145 2450
135 145 100
135 145 2450
135 145 1225
134 145 100
134 145 2450
134 145 1225
133 145 100
133 145 2450
133 145 1225
133 145 612
132 145 100
132 145 2450
132 145 1225
132 145 612
131 145 100
131 145 2450
131 145 1225
131 145 612
131 145 306
130 145 100
130 145 2450
130 145 1225
130 145 612
130 145 306
129 145 100
129 145 2450
129 145 1225
129 145 612
129 145 306
128 145 100
128 145 2450
128 145 1225
128 145 612
128 145 306
128 145 153
127 145 100
127 145 2450
127 145 1225
127 145 612
127 145 306
127 145 153
126 145 100
126 145 2450
126 145 1225
126 145 612
126 145 306
126 145 153
125 145 100
125 145 2450
125 145 1225
125 145 612
125 145 306
124 145 100
124 145 2450
124 145 1225
124 145 612
124 145 306
123 145 100
123 145 2450
123 145 1225
123 145 612
122 145 100
122 145 2450
122 145 1225
122 145 612
121 145 100
121 145 2450
121 145 1225
121 145 612
120 145 100
120 145 2450
120 145 1225
119 145 100
119 145 2450
119 145 1225
118 145 100
118 145 2450
118 145 1225
117 145 100
117 145 2450
116 145 100
116 145 2450
115 145 100
115 145 2450
114 145 100
114 145 2450
113 145 100
113 145 2450
112 145 100
112 145 2450
111 145 100
111 145 2450
110 145 100
110 145 2450
109 145 100
109 145 2450
108 145 100
108 145 2450
107 145 100
106 145 100
105 145 100
59 69 100
60 69 100
61 69 100
62 69 100
63 69 100
64 69 100
65 69 100
66 69 100
67 69 100
68 69 100
69 69 100
70 69 100
71 69 100
72 69 100
73 69 100
74 69 100
75 69 100
75 69 2450
76 69 100
76 69 2450
77 69 100
77 69 2450
78 69 100
78 69 2450
79 69 100
79 69 2450
80 69 100
80 69 2450
81 69 100
81 69 2450
82 69 100
82 69 2450
83 69 100
83 69 2450
84 69 100
84 69 2450
85 69 100
85 69 2450
86 69 100
86 69 2450
87 69 100
87 69 2450
88 69 100
88 69 2450
89 69 100
89 69 2450
90 69 100
90 69 2450
91 69 100
92 69 100
93 69 100
94 69 100
95 69 100
96 69 100
97 69 100
98 69 100
99 69 100
100 69 100
101 69 100
102 69 100
103 69 100
53 35 100
54 35 100
55 35 100
56 35 100
57 35 100
58 35 100
59 35 100
60 35 100
61 35 100
62 35 100
63 35 100
64 35 100
65 35 100
66 35 100
67 35 100
67 35 2450
68 35 100
68 35 2450
69 35 100
69 35 2450
70 35 100
70 35 2450
71 35 100
71 35 2450
72 35 100
72 35 2450
73 35 100
73 35 2450
74 35 100
74 35 2450
75 35 100
75 35 2450
76 35 100
76 35 2450
77 35 100
77 35 2450
78 35 100
78 35 2450
79 35 100
79 35 2450
80 35 100
80 35 2450
81 35 100
81 35 2450
82 35 100
82 35 2450
83 35 100
83 35 2450
84 35 100
84 35 2450
85 35 100
85 35 2450
86 35 100
86 35 2450
87 35 100
87 35 2450
88 35 100
88 35 2450
89 35 100
89 35 2450
90 35 100
90 35 2450
91 35 100
91 35 2450
92 35 100
92 35 2450
93 35 100
93 35 2450
94 35 100
94 35 2450
95 35 100
95 35 2450
96 35 100
96 35 2450
97 35 100
97 35 2450
98 35 100
98 35 2450
99 35 100
99 35 2450
100 35 100
100 35 2450
101 35 100
101 35 2450
102 35 100
102 35 2450
103 35 100
103 35 2450
