153 48 100
154 48 100
155 48 100
156 48 100
157 48 100
158 48 100
159 48 100
160 48 100
161 48 100
162 48 100
163 48 100
164 48 100
165 48 100
166 48 100
167 48 100
168 48 100
169 48 100
170 48 100
171 48 100
172 48 100
173 48 100
174 48 100
175 48 100
176 48 100
177 48 100
178 48 100
179 48 100
180 48 100
181 48 100
182 48 100
183 48 100
184 48 100
185 48 100
185 48 2450
186 48 100
186 48 2450
187 48 100
187 48 2450
188 48 100
188 48 2450
189 48 100
189 48 2450
189 49 100
189 49 2450
189 50 100
189 50 2450
189 51 100
189 51 2450
189 52 100
189 52 2450
189 53 100
189 53 2450
189 54 100
189 54 2450
189 55 100
189 55 2450
189 56 100
189 57 100
189 58 100
189 59 100
189 60 100
189 61 100
189 62 100
189 63 100
189 64 100
189 65 100
189 66 100
189 67 100
189 68 100
189 69 100
189 70 100
189 71 100
189 72 100
189 73 100
189 74 100
189 75 100
189 76 100
189 77 100
189 77 2450
189 78 100
189 78 2450
189 79 100
189 79 2450
189 80 100
189 80 2450
189 81 100
189 81 2450
189 82 100
189 82 2450
189 83 100
189 83 2450
189 84 100
189 84 2450
189 85 100
189 85 2450
189 86 100
189 86 2450
189 87 100
189 87 2450
189 88 100
189 88 2450
189 89 100
189 89 2450
189 90 100
189 90 2450
189 91 100
189 91 2450
189 92 100
189 92 2450
189 93 100
189 93 2450
189 94 100
189 94 2450
189 95 100
189 95 2450
189 96 100
189 96 2450
189 97 100
189 97 2450
189 98 100
189 98 2450
189 99 100
189 99 2450
189 100 100
189 101 100
189 102 100
189 103 100
189 104 100
189 105 100
189 106 100
189 107 100
189 108 100
189 109 100
189 110 100
189 111 100
189 112 100
189 113 100
189 114 100
189 115 100
189 116 100
189 117 100
189 118 100
189 119 100
189 120 100
189 121 100
189 122 100
14 177 100
15 177 100
16 177 100
17 177 100
18 177 100
19 177 100
20 177 100
21 177 100
22 177 100
23 177 100
24 177 100
25 177 100
26 177 100
27 177 100
28 177 100
28 177 2450
29 177 100
29 177 2450
30 177 100
30 177 2450
31 177 100
31 177 2450
32 177 100
32 177 2450
33 177 100
33 177 2450
34 177 100
34 177 2450
35 177 100
35 177 2450
36 177 100
36 177 2450
37 177 100
38 177 100
39 177 100
39 177 2450
40 177 100
40 177 2450
41 177 100
41 177 2450
42 177 100
42 177 2450
43 177 100
43 177 2450
44 177 100
44 177 2450
45 177 100
45 177 2450
46 177 100
47 177 100
48 177 100
49 177 100
50 177 100
51 177 100
52 177 100
53 177 100
54 177 100
55 177 100
56 177 100
57 177 100
58 177 100
59 177 100
60 177 100
61 177 100
62 177 100
63 177 100
64 177 100
65 177 100
66 177 100
67 177 100
68 177 100
69 177 100
69 177 2450
70 177 100
70 177 2450
71 177 100
71 177 2450
72 177 100
72 177 2450
73 177 100
73 177 2450
74 177 100
74 177 2450
75 177 100
75 177 2450
76 177 100
76 177 2450
77 177 100
77 177 2450
78 177 100
78 177 2450
79 177 100
79 177 2450
80 177 100
80 177 2450
81 177 100
81 177 2450
82 177 100
82 177 2450
83 177 100
83 177 2450
84 177 100
84 177 2450
85 177 100
85 177 2450
86 177 100
86 177 2450
87 177 100
87 177 2450
88 177 100
88 177 2450
88 177 1225
89 177 100
89 177 2450
89 177 1225
90 177 100
90 177 2450
90 177 1225
91 177 100
91 177 2450
91 177 1225
92 177 100
92 177 2450
92 177 1225
93 177 100
93 177 2450
93 177 1225
94 177 100
94 177 2450
94 177 1225
95 177 100
95 177 2450
95 177 1225
96 177 100
96 177 2450
96 177 1225
97 177 100
97 177 2450
98 177 100
98 177 2450
99 177 100
99 177 2450
100 177 100
100 177 2450
101 177 100
101 177 2450
102 177 100
102 177 2450
103 177 100
103 177 2450
104 177 100
104 177 2450
105 177 100
105 177 2450
106 177 100
106 177 2450
107 177 100
107 177 2450
108 177 100
108 177 2450
109 177 100
109 177 2450
110 177 100
110 177 2450
111 177 100
111 177 2450
112 177 100
112 177 2450
113 177 100
113 177 2450
114 177 100
114 177 2450
115 177 100
116 177 100
117 177 100
118 177 100
119 177 100
120 177 100
121 177 100
122 177 100
123 177 100
124 177 100
125 177 100
126 177 100
127 177 100
128 177 100
129 177 100
130 177 100
131 177 100
132 177 100
133 177 100
134 177 100
135 177 100
136 177 100
137 177 100
138 177 100
139 177 100
140 177 100
141 177 100
142 177 100
143 177 100
144 177 100
145 177 100
146 177 100
147 177 100
148 177 100
149 177 100
150 177 100
151 177 100
152 177 100
153 177 100
154 177 100
154 177 2450
155 177 100
155 177 2450
156 177 100
156 177 2450
157 177 100
157 177 2450
158 177 100
158 177 2450
159 177 100
159 177 2450
160 177 100
160 177 2450
161 177 100
161 177 2450
162 177 100
162 177 2450
163 177 100
163 177 2450
164 177 100
164 177 2450
165 177 100
165 177 2450
166 177 100
166 177 2450
167 177 100
167 177 2450
168 177 100
168 177 2450
169 177 100
169 177 2450
170 177 100
170 177 2450
171 177 100
171 177 2450
172 177 100
172 177 2450
173 177 100
173 177 2450
174 177 100
174 177 2450
175 177 100
175 177 2450
176 177 100
176 177 2450
177 177 100
177 177 2450
178 177 100
178 177 2450
179 177 100
179 177 2450
180 177 100
180 177 2450
181 177 100
181 177 2450
182 177 100
182 177 2450
183 177 100
183 177 2450
184 177 100
184 177 2450
185 177 100
185 177 2450
186 177 100
186 177 2450
187 177 100
187 177 2450
188 177 100
188 177 2450
189 177 100
189 176 100
189 175 100
189 174 100
189 173 100
189 172 100
189 171 100
189 170 100
189 169 100
189 168 100
189 167 100
189 166 100
189 165 100
189 165 2450
189 164 100
189 164 2450
189 163 100
189 163 2450
189 162 100
189 162 2450
189 161 100
189 161 2450
189 160 100
189 160 2450
189 159 100
189 159 2450
189 158 100
189 158 2450
189 157 100
189 157 2450
189 156 100
189 156 2450
189 155 100
189 155 2450
189 154 100
189 154 2450
189 153 100
189 153 2450
189 152 100
189 152 2450
189 151 100
189 151 2450
189 150 100
189 150 2450
189 149 100
189 149 2450
189 148 100
189 148 2450
189 147 100
189 147 2450
189 146 100
189 146 2450
189 145 100
189 145 2450
189 144 100
189 144 2450
189 143 100
189 143 2450
189 142 100
189 142 2450
189 141 100
189 141 2450
189 140 100
189 139 100
189 138 100
189 137 100
189 136 100
189 135 100
189 134 100
189 133 100
189 132 100
189 131 100
189 130 100
189 129 100
189 128 100
189 127 100
189 126 100
189 125 100
189 124 100
189 123 100
