184 188 100
183 188 100
182 188 100
182 188 2450
181 188 100
181 188 2450
180 188 100
180 188 2450
179 188 100
179 188 2450
178 188 100
178 188 2450
177 188 100
177 188 2450
176 188 100
176 188 2450
175 188 100
175 188 2450
174 188 100
174 188 2450
173 188 100
173 188 2450
172 188 100
172 188 2450
171 188 100
171 188 2450
170 188 100
170 188 2450
169 188 100
168 188 100
167 188 100
166 188 100
165 188 100
164 188 100
163 188 100
162 188 100
161 188 100
160 188 100
159 188 100
158 188 100
157 188 100
157 188 2450
156 188 100
156 188 2450
155 188 100
155 188 2450
154 188 100
154 188 2450
153 188 100
153 188 2450
152 188 100
152 188 2450
151 188 100
151 188 2450
150 188 100
150 188 2450
149 188 100
149 188 2450
148 188 100
148 188 2450
147 188 100
147 188 2450
146 188 100
146 188 2450
145 188 100
145 188 2450
144 188 100
144 188 2450
143 188 100
143 188 2450
142 188 100
142 188 2450
141 188 100
141 188 2450
140 188 100
140 188 2450
139 188 100
139 188 2450
138 188 100
138 188 2450
137 188 100
137 188 2450
136 188 100
136 188 2450
135 188 100
134 188 100
133 188 100
132 188 100
131 188 100
130 188 100
129 188 100
128 188 100
127 188 100
127 188 2450
126 188 100
126 188 2450
125 188 100
125 188 2450
124 188 100
124 188 2450
123 188 100
123 188 2450
122 188 100
122 188 2450
121 188 100
121 188 2450
120 188 100
120 188 2450
119 188 100
119 188 2450
118 188 100
118 188 2450
117 188 100
117 188 2450
116 188 100
116 188 2450
115 188 100
115 188 2450
114 188 100
114 188 2450
113 188 100
113 188 2450
112 188 100
112 188 2450
111 188 100
111 188 2450
110 188 100
110 188 2450
109 188 100
109 188 2450
108 188 100
108 188 2450
107 188 100
107 188 2450
106 188 100
106 188 2450
105 188 100
105 188 2450
104 188 100
104 188 2450
103 188 100
102 188 100
101 188 100
100 188 100
100 188 2450
99 188 100
99 188 2450
98 188 100
98 188 2450
97 188 100
97 188 2450
96 188 100
96 188 2450
95 188 100
95 188 2450
94 188 100
94 188 2450
93 188 100
93 188 2450
92 188 100
92 188 2450
91 188 100
91 188 2450
90 188 100
90 188 2450
89 188 100
89 188 2450
88 188 100
88 188 2450
87 188 100
87 188 2450
86 188 100
86 188 2450
85 188 100
85 188 2450
84 188 100
84 188 2450
83 188 100
83 188 2450
82 188 100
82 188 2450
81 188 100
81 188 2450
80 188 100
80 188 2450
79 188 100
79 188 2450
78 188 100
78 188 2450
77 188 100
77 188 2450
76 188 100
76 188 2450
75 188 100
75 188 2450
74 188 100
74 188 2450
73 188 100
73 188 2450
72 188 100
72 188 2450
71 188 100
71 188 2450
70 188 100
70 188 2450
69 188 100
69 188 2450
68 188 100
68 188 2450
67 188 100
67 188 2450
66 188 100
66 188 2450
65 188 100
65 188 2450
64 188 100
64 188 2450
63 188 100
63 188 2450
62 188 100
62 188 2450
61 188 100
61 188 2450
60 188 100
60 188 2450
60 188 1225
59 188 100
59 188 2450
59 188 1225
58 188 100
58 188 2450
58 188 1225
57 188 100
57 188 2450
57 188 1225
57 188 612
56 188 100
56 188 2450
56 188 1225
56 188 612
55 188 100
55 188 2450
55 188 1225
55 188 612
54 188 100
54 188 2450
54 188 1225
54 188 612
53 188 100
53 188 2450
53 188 1225
53 188 612
52 188 100
52 188 2450
52 188 1225
52 188 612
51 188 100
51 188 2450
51 188 1225
51 188 612
50 188 100
50 188 2450
50 188 1225
50 188 612
49 188 100
49 188 2450
49 188 1225
49 188 612
48 188 100
48 188 2450
48 188 1225
48 188 612
47 188 100
47 188 2450
47 188 1225
47 188 612
46 188 100
46 188 2450
46 188 1225
46 188 612
45 188 100
45 188 2450
45 188 1225
45 188 612
44 188 100
44 188 2450
44 188 1225
43 188 100
43 188 2450
43 188 1225
42 188 100
42 188 2450
42 188 1225
41 188 100
41 188 2450
41 188 1225
40 188 100
40 188 2450
39 188 100
39 188 2450
38 188 100
38 188 2450
37 188 100
37 188 2450
36 188 100
36 188 2450
35 188 100
35 188 2450
34 188 100
34 188 2450
33 188 100
33 188 2450
32 188 100
32 188 2450
31 188 100
31 188 2450
30 188 100
30 188 2450
29 188 100
29 188 2450
28 188 100
28 188 2450
27 188 100
27 188 2450
26 188 100
26 188 2450
25 188 100
25 188 2450
24 188 100
24 188 2450
23 188 100
23 188 2450
22 188 100
22 188 2450
21 188 100
21 188 2450
20 188 100
20 188 2450
19 188 100
19 188 2450
18 188 100
18 188 2450
17 188 100
17 188 2450
17 188 1225
16 188 100
16 188 2450
16 188 1225
15 188 100
15 188 2450
15 188 1225
14 188 100
14 188 2450
14 188 1225
13 188 100
13 188 2450
13 188 1225
12 188 100
12 188 2450
11 188 100
11 188 2450
10 188 100
10 188 2450
9 188 100
9 188 2450
8 188 100
8 188 2450
7 188 100
7 188 2450
6 188 100
6 188 2450
5 188 100
5 188 2450
4 188 100
4 188 2450
3 188 100
3 188 2450
2 188 100
2 188 2450
2 187 100
2 187 2450
2 186 100
2 186 2450
2 185 100
2 185 2450
2 184 100
2 184 2450
2 183 100
2 183 2450
2 182 100
2 182 2450
2 181 100
2 181 2450
2 180 100
2 180 2450
2 179 100
2 179 2450
2 178 100
2 178 2450
2 177 100
2 177 2450
2 176 100
2 176 2450
2 175 100
2 175 2450
2 174 100
2 174 2450
2 173 100
2 173 2450
2 172 100
2 172 2450
2 171 100
2 171 2450
2 170 100
2 170 2450
2 169 100
2 169 2450
2 168 100
2 168 2450
2 167 100
2 167 2450
2 166 100
2 166 2450
2 165 100
2 165 2450
2 164 100
2 164 2450
2 163 100
2 163 2450
2 162 100
2 162 2450
2 161 100
2 161 2450
2 160 100
2 160 2450
2 159 100
2 159 2450
2 158 100
2 158 2450
2 157 100
2 157 2450
2 156 100
2 156 2450
2 155 100
2 155 2450
2 154 100
2 154 2450
2 153 100
2 153 2450
2 152 100
2 152 2450
2 151 100
2 151 2450
2 150 100
2 150 2450
2 149 100
2 149 2450
2 148 100
2 147 100
2 146 100
2 145 100
2 144 100
2 143 100
2 142 100
2 141 100
2 140 100
2 139 100
2 138 100
2 137 100
2 136 100
147 80 100
146 80 100
145 80 100
144 80 100
143 80 100
142 80 100
141 80 100
140 80 100
139 80 100
139 80 2450
138 80 100
138 80 2450
137 80 100
137 80 2450
136 80 100
136 80 2450
135 80 100
135 80 2450
134 80 100
134 80 2450
133 80 100
133 80 2450
132 80 100
132 80 2450
131 80 100
131 80 2450
130 80 100
130 80 2450
129 80 100
129 80 2450
128 80 100
128 80 2450
127 80 100
127 80 2450
126 80 100
126 80 2450
125 80 100
125 80 2450
124 80 100
124 80 2450
123 80 100
123 80 2450
122 80 100
122 80 2450
121 80 100
121 80 2450
120 80 100
120 80 2450
119 80 100
119 80 2450
118 80 100
118 80 2450
117 80 100
117 80 2450
116 80 100
116 80 2450
115 80 100
115 80 2450
114 80 100
114 80 2450
113 80 100
113 80 2450
112 80 100
112 80 2450
111 80 100
111 80 2450
110 80 100
110 80 2450
109 80 100
109 80 2450
108 80 100
108 80 2450
107 80 100
107 80 2450
106 80 100
106 80 2450
105 80 100
105 80 2450
104 80 100
104 80 2450
103 80 100
103 80 2450
102 80 100
102 80 2450
101 80 100
101 80 2450
100 80 100
100 80 2450
99 80 100
99 80 2450
98 80 100
98 80 2450
97 80 100
97 80 2450
96 80 100
96 80 2450
95 80 100
95 80 2450
94 80 100
94 80 2450
93 80 100
93 80 2450
92 80 100
92 80 2450
91 80 100
91 80 2450
90 80 100
90 80 2450
89 80 100
89 80 2450
88 80 100
88 80 2450
87 80 100
87 80 2450
86 80 100
85 80 100
84 80 100
83 80 100
82 80 100
81 80 100
81 80 2450
80 80 100
80 80 2450
79 80 100
79 80 2450
78 80 100
78 80 2450
77 80 100
77 80 2450
76 80 100
76 80 2450
75 80 100
75 80 2450
74 80 100
74 80 2450
73 80 100
73 80 2450
72 80 100
72 80 2450
71 80 100
71 80 2450
70 80 100
70 80 2450
69 80 100
69 80 2450
68 80 100
68 80 2450
67 80 100
67 80 2450
66 80 100
66 80 2450
65 80 100
65 80 2450
64 80 100
64 80 2450
63 80 100
63 80 2450
62 80 100
62 80 2450
61 80 100
61 80 2450
60 80 100
60 80 2450
59 80 100
59 80 2450
58 80 100
58 80 2450
57 80 100
57 80 2450
56 80 100
56 80 2450
55 80 100
55 80 2450
55 80 1225
54 80 100
54 80 2450
54 80 1225
53 80 100
53 80 2450
53 80 1225
52 80 100
52 80 2450
52 80 1225
52 80 612
51 80 100
51 80 2450
51 80 1225
51 80 612
50 80 100
50 80 2450
50 80 1225
50 80 612
49 80 100
49 80 2450
49 80 1225
49 80 612
49 80 306
48 80 100
48 80 2450
48 80 1225
48 80 612
48 80 306
47 80 100
47 80 2450
47 80 1225
47 80 612
47 80 306
46 80 100
46 80 2450
46 80 1225
46 80 612
46 80 306
45 80 100
45 80 2450
45 80 1225
45 80 612
45 80 306
44 80 100
44 80 2450
44 80 1225
44 80 612
43 80 100
43 80 2450
43 80 1225
43 80 612
42 80 100
42 80 2450
42 80 1225
42 80 612
41 80 100
41 80 2450
41 80 1225
41 80 612
40 80 100
40 80 2450
40 80 1225
40 80 612
39 80 100
39 80 2450
39 80 1225
39 80 612
38 80 100
38 80 2450
38 80 1225
38 80 612
37 80 100
37 80 2450
37 80 1225
36 80 100
36 80 2450
36 80 1225
35 80 100
35 80 2450
35 80 1225
34 80 100
34 80 2450
34 80 1225
33 80 100
33 80 2450
33 80 1225
32 80 100
32 80 2450
32 80 1225
31 80 100
31 80 2450
31 80 1225
30 80 100
30 80 2450
29 80 100
29 80 2450
28 80 100
28 80 2450
27 80 100
27 80 2450
26 80 100
26 80 2450
25 80 100
25 80 2450
24 80 100
24 80 2450
23 80 100
23 80 2450
22 80 100
22 80 2450
21 80 100
21 80 2450
20 80 100
19 80 100
18 80 100
17 80 100
16 80 100
15 80 100
14 80 100
13 80 100
12 80 100
11 80 100
10 80 100
9 80 100
8 80 100
7 80 100
6 80 100
5 80 100
4 80 100
3 80 100
2 80 100
2 81 100
2 82 100
2 83 100
2 84 100
2 85 100
2 85 2450
2 86 100
2 86 2450
2 87 100
2 87 2450
2 88 100
2 88 2450
2 89 100
2 89 2450
2 90 100
2 90 2450
2 91 100
2 91 2450
2 92 100
2 92 2450
2 93 100
2 93 2450
2 94 100
2 94 2450
2 95 100
2 95 2450
2 96 100
2 96 2450
2 97 100
2 97 2450
2 98 100
2 98 2450
2 99 100
2 99 2450
2 100 100
2 100 2450
2 100 1225
2 101 100
2 101 2450
2 101 1225
2 102 100
2 102 2450
2 102 1225
2 103 100
2 103 2450
2 103 1225
2 104 100
2 104 2450
2 104 1225
2 105 100
2 105 2450
2 105 1225
2 106 100
2 106 2450
2 106 1225
2 107 100
2 107 2450
2 107 1225
2 108 100
2 108 2450
2 108 1225
2 109 100
2 109 2450
2 109 1225
2 110 100
2 110 2450
2 110 1225
2 111 100
2 111 2450
2 111 1225
2 112 100
2 112 2450
2 112 1225
2 113 100
2 113 2450
2 114 100
2 114 2450
2 115 100
2 115 2450
2 116 100
2 116 2450
2 117 100
2 117 2450
2 118 100
2 118 2450
2 119 100
2 119 2450
2 120 100
2 120 2450
2 121 100
2 121 2450
2 122 100
2 122 2450
2 123 100
2 123 2450
2 124 100
2 124 2450
2 125 100
2 125 2450
2 126 100
2 126 2450
2 127 100
2 128 100
2 129 100
2 130 100
2 131 100
2 132 100
2 133 100
2 134 100
2 135 100
122 25 100
121 25 100
120 25 100
119 25 100
118 25 100
117 25 100
116 25 100
115 25 100
114 25 100
113 25 100
112 25 100
111 25 100
110 25 100
109 25 100
108 25 100
107 25 100
106 25 100
105 25 100
104 25 100
103 25 100
102 25 100
101 25 100
100 25 100
99 25 100
99 25 2450
98 25 100
98 25 2450
97 25 100
97 25 2450
96 25 100
96 25 2450
95 25 100
95 25 2450
94 25 100
94 25 2450
93 25 100
93 25 2450
92 25 100
92 25 2450
91 25 100
91 25 2450
90 25 100
90 25 2450
89 25 100
89 25 2450
88 25 100
88 25 2450
88 25 1225
87 25 100
87 25 2450
87 25 1225
86 25 100
86 25 2450
86 25 1225
85 25 100
85 25 2450
85 25 1225
84 25 100
84 25 2450
84 25 1225
84 25 612
83 25 100
83 25 2450
83 25 1225
83 25 612
82 25 100
82 25 2450
82 25 1225
82 25 612
82 25 306
81 25 100
81 25 2450
81 25 1225
81 25 612
81 25 306
81 25 153
80 25 100
80 25 2450
80 25 1225
80 25 612
80 25 306
80 25 153
79 25 100
79 25 2450
79 25 1225
79 25 612
79 25 306
79 25 153
79 25 77
78 25 100
78 25 2450
78 25 1225
78 25 612
78 25 306
78 25 153
78 25 77
78 25 38
77 25 100
77 25 2450
77 25 1225
77 25 612
77 25 306
77 25 153
77 25 77
77 25 38
77 25 19
77 25 10
77 25 5
76 25 100
76 25 2450
76 25 1225
76 25 612
76 25 306
76 25 153
76 25 77
76 25 38
76 25 19
76 25 10
76 25 5
76 25 2
76 25 1
76 25 1
76 25 100
75 25 100
75 25 2450
75 25 1225
75 25 612
75 25 306
75 25 153
75 25 77
75 25 38
75 25 19
75 25 10
74 25 100
74 25 2450
74 25 1225
74 25 612
74 25 306
74 25 153
74 25 77
74 25 38
73 25 100
73 25 2450
73 25 1225
73 25 612
73 25 306
73 25 153
72 25 100
72 25 2450
72 25 1225
72 25 612
72 25 306
71 25 100
71 25 2450
71 25 1225
71 25 612
70 25 100
70 25 2450
70 25 1225
70 25 612
69 25 100
69 25 2450
69 25 1225
68 25 100
68 25 2450
68 25 1225
67 25 100
67 25 2450
67 25 1225
66 25 100
66 25 2450
65 25 100
65 25 2450
64 25 100
64 25 2450
63 25 100
63 25 2450
62 25 100
62 25 2450
61 25 100
61 25 2450
60 25 100
60 25 2450
59 25 100
59 25 2450
58 25 100
58 25 2450
57 25 100
57 25 2450
56 25 100
56 25 2450
55 25 100
55 25 2450
54 25 100
54 25 2450
53 25 100
53 25 2450
52 25 100
52 25 2450
51 25 100
51 25 2450
50 25 100
50 25 2450
49 25 100
49 25 2450
48 25 100
48 25 2450
47 25 100
47 25 2450
46 25 100
46 25 2450
45 25 100
45 25 2450
44 25 100
44 25 2450
43 25 100
43 25 2450
42 25 100
42 25 2450
41 25 100
41 25 2450
40 25 100
40 25 2450
39 25 100
39 25 2450
38 25 100
38 25 2450
37 25 100
37 25 2450
36 25 100
36 25 2450
36 25 1225
35 25 100
35 25 2450
35 25 1225
34 25 100
34 25 2450
34 25 1225
33 25 100
33 25 2450
33 25 1225
32 25 100
32 25 2450
32 25 1225
31 25 100
31 25 2450
31 25 1225
30 25 100
30 25 2450
30 25 1225
29 25 100
29 25 2450
29 25 1225
28 25 100
28 25 2450
28 25 1225
27 25 100
27 25 2450
27 25 1225
26 25 100
26 25 2450
26 25 1225
25 25 100
25 25 2450
25 25 1225
24 25 100
24 25 2450
24 25 1225
23 25 100
23 25 2450
23 25 1225
22 25 100
22 25 2450
21 25 100
21 25 2450
20 25 100
20 25 2450
19 25 100
19 25 2450
18 25 100
18 25 2450
17 25 100
17 25 2450
16 25 100
16 25 2450
15 25 100
15 25 2450
14 25 100
14 25 2450
13 25 100
13 25 2450
12 25 100
12 25 2450
11 25 100
11 25 2450
10 25 100
10 25 2450
9 25 100
9 25 2450
8 25 100
8 25 2450
7 25 100
7 25 2450
6 25 100
6 25 2450
5 25 100
5 25 2450
4 25 100
4 25 2450
3 25 100
3 25 2450
2 25 100
2 25 2450
2 26 100
2 26 2450
2 27 100
2 27 2450
2 28 100
2 28 2450
2 29 100
2 29 2450
2 30 100
2 30 2450
2 31 100
2 31 2450
2 32 100
2 32 2450
2 33 100
2 33 2450
2 34 100
2 34 2450
2 35 100
2 35 2450
2 36 100
2 36 2450
2 37 100
2 37 2450
2 38 100
2 38 2450
2 39 100
2 39 2450
2 40 100
2 40 2450
2 41 100
2 41 2450
2 42 100
2 42 2450
2 43 100
2 43 2450
2 44 100
2 44 2450
2 45 100
2 45 2450
2 46 100
2 46 2450
2 47 100
2 47 2450
2 48 100
2 48 2450
2 49 100
2 49 2450
2 50 100
2 50 2450
2 51 100
2 51 2450
2 52 100
2 52 2450
2 53 100
2 53 2450
2 54 100
2 54 2450
2 55 100
2 55 2450
2 56 100
2 56 2450
2 57 100
2 57 2450
2 58 100
2 58 2450
2 59 100
2 59 2450
2 60 100
2 60 2450
2 61 100
2 61 2450
2 62 100
2 62 2450
2 63 100
2 63 2450
2 64 100
2 64 2450
2 65 100
2 65 2450
2 66 100
2 66 2450
2 67 100
2 67 2450
2 68 100
2 68 2450
2 69 100
2 70 100
2 71 100
2 72 100
2 73 100
2 74 100
2 75 100
2 76 100
2 77 100
2 78 100
2 79 100
67 101 100
67 101 2450
66 101 100
66 101 2450
65 101 100
65 101 2450
64 101 100
64 101 2450
63 101 100
63 101 2450
62 101 100
62 101 2450
61 101 100
61 101 2450
60 101 100
60 101 2450
59 101 100
59 101 2450
58 101 100
58 101 2450
57 101 100
57 101 2450
56 101 100
56 101 2450
55 101 100
55 101 2450
54 101 100
54 101 2450
53 101 100
53 101 2450
52 101 100
52 101 2450
51 101 100
51 101 2450
50 101 100
50 101 2450
49 101 100
49 101 2450
48 101 100
48 101 2450
47 101 100
47 101 2450
46 101 100
46 101 2450
45 101 100
45 101 2450
44 101 100
44 101 2450
43 101 100
43 101 2450
42 101 100
42 101 2450
41 101 100
41 101 2450
40 101 100
40 101 2450
39 101 100
39 101 2450
38 101 100
38 101 2450
37 101 100
37 101 2450
36 101 100
36 101 2450
35 101 100
35 101 2450
34 101 100
33 101 100
32 101 100
31 101 100
30 101 100
29 101 100
28 101 100
27 101 100
26 101 100
25 101 100
24 101 100
23 101 100
22 101 100
21 101 100
20 101 100
19 101 100
18 101 100
17 101 100
17 101 2450
16 101 100
16 101 2450
15 101 100
15 101 2450
14 101 100
14 101 2450
13 101 100
13 101 2450
12 101 100
12 101 2450
11 101 100
11 101 2450
10 101 100
10 101 2450
9 101 100
9 101 2450
8 101 100
8 101 2450
7 101 100
7 101 2450
6 101 100
6 101 2450
5 101 100
5 101 2450
4 101 100
4 101 2450
3 101 100
3 101 2450
3 101 1225
