140 27 100
139 27 100
138 27 100
137 27 100
136 27 100
135 27 100
135 27 2450
134 27 100
134 27 2450
133 27 100
133 27 2450
132 27 100
132 27 2450
131 27 100
131 27 2450
130 27 100
130 27 2450
129 27 100
129 27 2450
128 27 100
128 27 2450
127 27 100
127 27 2450
126 27 100
126 27 2450
125 27 100
125 27 2450
124 27 100
124 27 2450
123 27 100
123 27 2450
122 27 100
122 27 2450
121 27 100
121 27 2450
120 27 100
120 27 2450
119 27 100
119 27 2450
118 27 100
118 27 2450
117 27 100
117 27 2450
116 27 100
116 27 2450
115 27 100
115 27 2450
115 27 1225
114 27 100
114 27 2450
114 27 1225
113 27 100
113 27 2450
113 27 1225
112 27 100
112 27 2450
111 27 100
111 27 2450
110 27 100
110 27 2450
109 27 100
109 27 2450
108 27 100
108 27 2450
107 27 100
107 27 2450
106 27 100
106 27 2450
105 27 100
105 27 2450
104 27 100
104 27 2450
103 27 100
103 27 2450
102 27 100
102 27 2450
101 27 100
101 27 2450
100 27 100
100 27 2450
99 27 100
99 27 2450
98 27 100
97 27 100
96 27 100
95 27 100
94 27 100
93 27 100
92 27 100
91 27 100
90 27 100
89 27 100
88 27 100
87 27 100
86 27 100
85 27 100
84 27 100
83 27 100
82 27 100
81 27 100
80 27 100
79 27 100
78 27 100
77 27 100
76 27 100
75 27 100
74 27 100
73 27 100
73 27 2450
72 27 100
72 27 2450
71 27 100
71 27 2450
70 27 100
70 27 2450
69 27 100
69 27 2450
68 27 100
68 27 2450
67 27 100
67 27 2450
66 27 100
66 27 2450
65 27 100
65 27 2450
64 27 100
64 27 2450
63 27 100
63 27 2450
62 27 100
62 27 2450
61 27 100
61 27 2450
60 27 100
60 27 2450
59 27 100
59 27 2450
58 27 100
58 27 2450
57 27 100
57 27 2450
56 27 100
56 27 2450
55 27 100
55 27 2450
54 27 100
54 27 2450
53 27 100
53 27 2450
52 27 100
52 27 2450
51 27 100
51 27 2450
50 27 100
50 27 2450
49 27 100
49 27 2450
48 27 100
48 27 2450
47 27 100
47 27 2450
46 27 100
46 27 2450
45 27 100
45 27 2450
44 27 100
43 27 100
42 27 100
41 27 100
40 27 100
39 27 100
38 27 100
38 26 100
38 25 100
38 24 100
38 23 100
38 22 100
38 21 100
38 20 100
