113 89 100
112 89 100
111 89 100
110 89 100
109 89 100
108 89 100
107 89 100
106 89 100
105 89 100
104 89 100
103 89 100
102 89 100
101 89 100
100 89 100
99 89 100
98 89 100
97 89 100
96 89 100
95 89 100
95 89 2450
94 89 100
94 89 2450
93 89 100
93 89 2450
92 89 100
92 89 2450
91 89 100
91 89 2450
90 89 100
90 89 2450
89 89 100
89 89 2450
88 89 100
88 89 2450
87 89 100
87 89 2450
86 89 100
86 89 2450
85 89 100
85 89 2450
84 89 100
84 89 2450
83 89 100
83 89 2450
82 89 100
82 89 2450
81 89 100
81 89 2450
80 89 100
80 89 2450
79 89 100
79 89 2450
78 89 100
78 89 2450
77 89 100
77 89 2450
76 89 100
76 89 2450
75 89 100
75 89 2450
74 89 100
74 89 2450
73 89 100
73 89 2450
72 89 100
72 89 2450
71 89 100
71 89 2450
70 89 100
70 89 2450
70 89 1225
69 89 100
69 89 2450
69 89 1225
68 89 100
68 89 2450
68 89 1225
67 89 100
67 89 2450
67 89 1225
66 89 100
66 89 2450
66 89 1225
65 89 100
65 89 2450
65 89 1225
64 89 100
64 89 2450
64 89 1225
63 89 100
63 89 2450
63 89 1225
62 89 100
62 89 2450
62 89 1225
61 89 100
61 89 2450
61 89 1225
60 89 100
60 89 2450
60 89 1225
59 89 100
59 89 2450
59 89 1225
58 89 100
58 89 2450
58 89 1225
57 89 100
57 89 2450
57 89 1225
56 89 100
56 89 2450
56 89 1225
55 89 100
55 89 2450
55 89 1225
54 89 100
54 89 2450
54 89 1225
53 89 100
53 89 2450
53 89 1225
52 89 100
52 89 2450
52 89 1225
51 89 100
51 89 2450
51 89 1225
50 89 100
50 89 2450
50 89 1225
50 88 100
50 88 2450
50 88 1225
50 87 100
50 87 2450
50 87 1225
50 86 100
50 86 2450
50 86 1225
50 85 100
50 85 2450
50 85 1225
50 84 100
50 84 2450
50 84 1225
50 83 100
50 83 2450
50 83 1225
50 82 100
50 82 2450
50 82 1225
50 81 100
50 81 2450
50 81 1225
50 80 100
50 80 2450
50 80 1225
50 79 100
50 79 2450
50 79 1225
50 78 100
50 78 2450
50 78 1225
50 77 100
50 77 2450
50 77 1225
50 76 100
50 76 2450
50 76 1225
50 75 100
50 75 2450
50 75 1225
50 74 100
50 74 2450
50 74 1225
50 73 100
50 73 2450
50 73 1225
50 72 100
50 72 2450
50 72 1225
50 71 100
50 71 2450
50 71 1225
50 70 100
50 70 2450
50 70 1225
50 69 100
50 69 2450
50 69 1225
50 68 100
50 68 2450
50 68 1225
50 67 100
50 67 2450
50 67 1225
50 66 100
50 66 2450
50 66 1225
50 65 100
50 65 2450
50 64 100
50 64 2450
50 63 100
50 63 2450
50 62 100
50 62 2450
50 61 100
50 61 2450
50 60 100
50 60 2450
50 59 100
50 59 2450
50 58 100
50 58 2450
50 57 100
50 57 2450
50 56 100
50 56 2450
50 55 100
50 55 2450
50 54 100
50 54 2450
50 53 100
50 53 2450
50 52 100
50 52 2450
50 51 100
50 51 2450
50 50 100
50 50 2450
50 49 100
50 49 2450
50 48 100
50 48 2450
50 47 100
50 47 2450
50 46 100
50 46 2450
50 45 100
50 45 2450
50 44 100
50 44 2450
50 43 100
50 43 2450
50 42 100
50 42 2450
50 41 100
50 41 2450
50 40 100
50 40 2450
50 39 100
50 39 2450
50 38 100
50 38 2450
50 37 100
50 37 2450
50 36 100
50 36 2450
50 35 100
50 35 2450
50 34 100
50 34 2450
50 33 100
50 33 2450
50 32 100
50 32 2450
50 31 100
50 31 2450
50 30 100
50 30 2450
50 29 100
50 29 2450
50 28 100
50 28 2450
50 27 100
50 27 2450
50 26 100
50 26 2450
50 25 100
50 25 2450
50 24 100
50 24 2450
50 23 100
50 23 2450
50 22 100
50 22 2450
50 21 100
50 21 2450
50 20 100
50 19 100
50 18 100
50 17 100
50 16 100
50 15 100
50 14 100
50 13 100
50 12 100
50 11 100
50 10 100
50 9 100
50 8 100
50 7 100
50 6 100
19 185 100
20 185 100
21 185 100
22 185 100
23 185 100
24 185 100
25 185 100
26 185 100
27 185 100
28 185 100
29 185 100
30 185 100
31 185 100
32 185 100
33 185 100
34 185 100
35 185 100
36 185 100
37 185 100
38 185 100
39 185 100
40 185 100
40 185 2450
41 185 100
41 185 2450
42 185 100
42 185 2450
43 185 100
43 185 2450
44 185 100
44 185 2450
45 185 100
45 185 2450
46 185 100
46 185 2450
47 185 100
47 185 2450
48 185 100
48 185 2450
49 185 100
49 185 2450
50 185 100
50 185 2450
50 184 100
50 184 2450
50 183 100
50 183 2450
50 182 100
50 182 2450
50 181 100
50 181 2450
50 180 100
50 180 2450
50 179 100
50 179 2450
50 178 100
50 178 2450
50 177 100
50 177 2450
50 176 100
50 176 2450
50 175 100
50 175 2450
50 174 100
50 174 2450
50 173 100
50 173 2450
50 172 100
50 172 2450
50 171 100
50 171 2450
50 170 100
50 170 2450
50 169 100
50 169 2450
50 168 100
50 168 2450
50 167 100
50 167 2450
50 166 100
50 166 2450
50 165 100
50 165 2450
50 164 100
50 164 2450
50 163 100
50 163 2450
50 162 100
50 162 2450
50 161 100
50 161 2450
50 160 100
50 160 2450
50 159 100
50 159 2450
50 158 100
50 158 2450
50 157 100
50 157 2450
50 156 100
50 156 2450
50 155 100
50 155 2450
50 154 100
50 154 2450
50 153 100
50 153 2450
50 152 100
50 152 2450
50 151 100
50 151 2450
50 150 100
50 150 2450
50 149 100
50 149 2450
50 148 100
50 148 2450
50 147 100
50 147 2450
50 146 100
50 146 2450
50 145 100
50 145 2450
50 144 100
50 144 2450
50 143 100
50 143 2450
50 142 100
50 142 2450
50 141 100
50 141 2450
50 140 100
50 140 2450
50 139 100
50 139 2450
50 138 100
50 138 2450
50 137 100
50 137 2450
50 136 100
50 136 2450
50 135 100
50 135 2450
50 134 100
50 134 2450
50 133 100
50 133 2450
50 132 100
50 132 2450
50 131 100
50 131 2450
50 130 100
50 130 2450
50 129 100
50 129 2450
50 128 100
50 128 2450
50 127 100
50 127 2450
50 126 100
50 126 2450
50 125 100
50 125 2450
50 124 100
50 124 2450
50 123 100
50 123 2450
50 122 100
50 122 2450
50 121 100
50 121 2450
50 120 100
50 120 2450
50 119 100
50 119 2450
50 118 100
50 118 2450
50 117 100
50 117 2450
50 117 1225
50 116 100
50 116 2450
50 116 1225
50 115 100
50 115 2450
50 115 1225
50 114 100
50 114 2450
50 114 1225
50 113 100
50 113 2450
50 113 1225
50 112 100
50 112 2450
50 112 1225
50 111 100
50 111 2450
50 111 1225
50 110 100
50 110 2450
50 110 1225
50 109 100
50 109 2450
50 109 1225
50 108 100
50 108 2450
50 108 1225
50 107 100
50 107 2450
50 107 1225
50 106 100
50 106 2450
50 106 1225
50 105 100
50 105 2450
50 105 1225
50 104 100
50 104 2450
50 104 1225
50 103 100
50 103 2450
50 103 1225
50 102 100
50 102 2450
50 102 1225
50 101 100
50 101 2450
50 101 1225
50 100 100
50 100 2450
50 100 1225
50 100 612
50 99 100
50 99 2450
50 99 1225
50 99 612
50 98 100
50 98 2450
50 98 1225
50 98 612
50 97 100
50 97 2450
50 97 1225
50 97 612
50 96 100
50 96 2450
50 96 1225
50 96 612
50 95 100
50 95 2450
50 95 1225
50 95 612
50 94 100
50 94 2450
50 94 1225
50 94 612
50 93 100
50 93 2450
50 93 1225
50 93 612
50 92 100
50 92 2450
50 92 1225
50 92 612
50 91 100
50 91 2450
50 91 1225
50 91 612
50 90 100
50 90 2450
50 90 1225
50 90 612
146 62 100
145 62 100
144 62 100
143 62 100
142 62 100
141 62 100
140 62 100
139 62 100
138 62 100
137 62 100
136 62 100
135 62 100
134 62 100
133 62 100
132 62 100
131 62 100
130 62 100
129 62 100
128 62 100
127 62 100
126 62 100
125 62 100
124 62 100
123 62 100
123 62 2450
122 62 100
122 62 2450
121 62 100
121 62 2450
120 62 100
120 62 2450
119 62 100
119 62 2450
118 62 100
118 62 2450
117 62 100
117 62 2450
116 62 100
116 62 2450
115 62 100
115 62 2450
114 62 100
114 62 2450
113 62 100
113 62 2450
112 62 100
112 62 2450
111 62 100
111 62 2450
110 62 100
110 62 2450
109 62 100
109 62 2450
108 62 100
108 62 2450
107 62 100
107 62 2450
106 62 100
106 62 2450
105 62 100
105 62 2450
104 62 100
104 62 2450
103 62 100
103 62 2450
102 62 100
102 62 2450
101 62 100
101 62 2450
100 62 100
100 62 2450
99 62 100
99 62 2450
98 62 100
98 62 2450
97 62 100
97 62 2450
96 62 100
96 62 2450
95 62 100
95 62 2450
94 62 100
94 62 2450
93 62 100
93 62 2450
92 62 100
92 62 2450
91 62 100
91 62 2450
90 62 100
90 62 2450
89 62 100
89 62 2450
88 62 100
88 62 2450
87 62 100
87 62 2450
86 62 100
86 62 2450
85 62 100
85 62 2450
84 62 100
84 62 2450
83 62 100
83 62 2450
82 62 100
82 62 2450
81 62 100
81 62 2450
81 62 1225
80 62 100
80 62 2450
80 62 1225
79 62 100
79 62 2450
79 62 1225
78 62 100
78 62 2450
78 62 1225
77 62 100
77 62 2450
77 62 1225
76 62 100
76 62 2450
76 62 1225
75 62 100
75 62 2450
75 62 1225
74 62 100
74 62 2450
74 62 1225
74 62 612
73 62 100
73 62 2450
73 62 1225
73 62 612
72 62 100
72 62 2450
72 62 1225
72 62 612
71 62 100
71 62 2450
71 62 1225
71 62 612
70 62 100
70 62 2450
70 62 1225
70 62 612
69 62 100
69 62 2450
69 62 1225
69 62 612
68 62 100
68 62 2450
68 62 1225
68 62 612
67 62 100
67 62 2450
67 62 1225
67 62 612
66 62 100
66 62 2450
66 62 1225
66 62 612
65 62 100
65 62 2450
65 62 1225
65 62 612
64 62 100
64 62 2450
64 62 1225
64 62 612
63 62 100
63 62 2450
63 62 1225
63 62 612
62 62 100
62 62 2450
62 62 1225
62 62 612
61 62 100
61 62 2450
61 62 1225
60 62 100
60 62 2450
60 62 1225
59 62 100
59 62 2450
59 62 1225
58 62 100
58 62 2450
58 62 1225
57 62 100
57 62 2450
57 62 1225
56 62 100
56 62 2450
56 62 1225
55 62 100
55 62 2450
55 62 1225
54 62 100
54 62 2450
54 62 1225
53 62 100
53 62 2450
52 62 100
52 62 2450
51 62 100
51 62 2450
127 199 100
126 199 100
125 199 100
124 199 100
123 199 100
122 199 100
121 199 100
120 199 100
119 199 100
118 199 100
117 199 100
116 199 100
115 199 100
114 199 100
113 199 100
112 199 100
111 199 100
110 199 100
109 199 100
108 199 100
107 199 100
107 199 2450
106 199 100
106 199 2450
105 199 100
105 199 2450
104 199 100
104 199 2450
103 199 100
103 199 2450
102 199 100
102 199 2450
101 199 100
101 199 2450
100 199 100
100 199 2450
99 199 100
99 199 2450
98 199 100
98 199 2450
97 199 100
97 199 2450
96 199 100
96 199 2450
95 199 100
95 199 2450
94 199 100
94 199 2450
93 199 100
93 199 2450
92 199 100
92 199 2450
91 199 100
91 199 2450
90 199 100
90 199 2450
89 199 100
89 199 2450
88 199 100
88 199 2450
87 199 100
87 199 2450
86 199 100
86 199 2450
85 199 100
85 199 2450
84 199 100
84 199 2450
83 199 100
83 199 2450
82 199 100
82 199 2450
81 199 100
81 199 2450
80 199 100
80 199 2450
79 199 100
79 199 2450
78 199 100
78 199 2450
77 199 100
77 199 2450
76 199 100
76 199 2450
75 199 100
75 199 2450
74 199 100
74 199 2450
73 199 100
73 199 2450
72 199 100
72 199 2450
71 199 100
71 199 2450
70 199 100
70 199 2450
69 199 100
69 199 2450
68 199 100
68 199 2450
67 199 100
67 199 2450
66 199 100
66 199 2450
65 199 100
65 199 2450
64 199 100
64 199 2450
63 199 100
63 199 2450
62 199 100
62 199 2450
61 199 100
61 199 2450
60 199 100
60 199 2450
59 199 100
59 199 2450
58 199 100
58 199 2450
57 199 100
57 199 2450
56 199 100
56 199 2450
55 199 100
55 199 2450
54 199 100
54 199 2450
53 199 100
53 199 2450
52 199 100
52 199 2450
51 199 100
51 199 2450
50 199 100
50 199 2450
50 198 100
50 198 2450
50 197 100
50 197 2450
50 196 100
50 196 2450
50 195 100
50 195 2450
50 194 100
50 194 2450
50 193 100
50 193 2450
50 192 100
50 192 2450
50 191 100
50 191 2450
50 190 100
50 190 2450
50 189 100
50 189 2450
50 188 100
50 188 2450
50 187 100
50 187 2450
50 186 100
50 186 2450
80 118 100
79 118 100
78 118 100
77 118 100
76 118 100
75 118 100
74 118 100
73 118 100
72 118 100
72 118 2450
71 118 100
71 118 2450
70 118 100
70 118 2450
69 118 100
69 118 2450
68 118 100
68 118 2450
67 118 100
67 118 2450
66 118 100
66 118 2450
65 118 100
65 118 2450
64 118 100
64 118 2450
63 118 100
63 118 2450
62 118 100
62 118 2450
61 118 100
61 118 2450
60 118 100
60 118 2450
59 118 100
59 118 2450
58 118 100
58 118 2450
57 118 100
57 118 2450
56 118 100
56 118 2450
55 118 100
55 118 2450
54 118 100
54 118 2450
53 118 100
53 118 2450
52 118 100
52 118 2450
51 118 100
51 118 2450
65 158 100
65 158 2450
64 158 100
64 158 2450
63 158 100
63 158 2450
62 158 100
62 158 2450
61 158 100
61 158 2450
60 158 100
60 158 2450
59 158 100
59 158 2450
58 158 100
58 158 2450
57 158 100
57 158 2450
56 158 100
56 158 2450
55 158 100
55 158 2450
54 158 100
54 158 2450
53 158 100
53 158 2450
52 158 100
52 158 2450
51 158 100
51 158 2450
