5 196 100
6 196 100
7 196 100
8 196 100
9 196 100
10 196 100
11 196 100
12 196 100
13 196 100
14 196 100
15 196 100
16 196 100
17 196 100
18 196 100
19 196 100
20 196 100
21 196 100
22 196 100
23 196 100
24 196 100
25 196 100
25 196 2450
26 196 100
26 196 2450
27 196 100
27 196 2450
28 196 100
28 196 2450
29 196 100
29 196 2450
30 196 100
30 196 2450
31 196 100
31 196 2450
32 196 100
32 196 2450
33 196 100
33 196 2450
34 196 100
34 196 2450
35 196 100
35 196 2450
36 196 100
36 196 2450
37 196 100
37 196 2450
37 196 1225
38 196 100
38 196 2450
38 196 1225
39 196 100
39 196 2450
39 196 1225
39 196 612
40 196 100
40 196 2450
40 196 1225
40 196 612
41 196 100
41 196 2450
41 196 1225
41 196 612
42 196 100
42 196 2450
42 196 1225
42 196 612
42 196 306
43 196 100
43 196 2450
43 196 1225
43 196 612
43 196 306
44 196 100
44 196 2450
44 196 1225
44 196 612
44 196 306
45 196 100
45 196 2450
45 196 1225
45 196 612
45 196 306
46 196 100
46 196 2450
46 196 1225
46 196 612
46 196 306
47 196 100
47 196 2450
47 196 1225
47 196 612
47 196 306
48 196 100
48 196 2450
48 196 1225
48 196 612
48 196 306
49 196 100
49 196 2450
49 196 1225
49 196 612
50 196 100
50 196 2450
50 196 1225
50 196 612
51 196 100
51 196 2450
51 196 1225
51 196 612
52 196 100
52 196 2450
52 196 1225
53 196 100
53 196 2450
53 196 1225
54 196 100
54 196 2450
54 196 1225
55 196 100
55 196 2450
55 196 1225
56 196 100
56 196 2450
56 196 1225
57 196 100
57 196 2450
57 196 1225
58 196 100
58 196 2450
58 196 1225
59 196 100
59 196 2450
59 196 1225
60 196 100
60 196 2450
60 196 1225
61 196 100
61 196 2450
61 196 1225
62 196 100
62 196 2450
62 196 1225
63 196 100
63 196 2450
64 196 100
64 196 2450
65 196 100
65 196 2450
66 196 100
66 196 2450
67 196 100
67 196 2450
68 196 100
68 196 2450
69 196 100
69 196 2450
70 196 100
70 196 2450
71 196 100
71 196 2450
72 196 100
72 196 2450
73 196 100
73 196 2450
74 196 100
74 196 2450
75 196 100
75 196 2450
76 196 100
77 196 100
78 196 100
79 196 100
80 196 100
81 196 100
82 196 100
83 196 100
84 196 100
85 196 100
86 196 100
87 196 100
88 196 100
89 196 100
90 196 100
91 196 100
92 196 100
93 196 100
94 196 100
95 196 100
96 196 100
97 196 100
98 196 100
99 196 100
100 196 100
101 196 100
102 196 100
103 196 100
104 196 100
105 196 100
106 196 100
107 196 100
108 196 100
109 196 100
110 196 100
111 196 100
112 196 100
113 196 100
114 196 100
115 196 100
116 196 100
117 196 100
118 196 100
119 196 100
120 196 100
121 196 100
122 196 100
123 196 100
124 196 100
124 196 2450
125 196 100
125 196 2450
126 196 100
126 196 2450
127 196 100
127 196 2450
128 196 100
128 196 2450
129 196 100
129 196 2450
130 196 100
130 196 2450
131 196 100
131 196 2450
132 196 100
132 196 2450
133 196 100
133 196 2450
134 196 100
134 196 2450
135 196 100
135 196 2450
136 196 100
136 196 2450
137 196 100
137 196 2450
138 196 100
138 196 2450
139 196 100
139 196 2450
140 196 100
140 196 2450
141 196 100
141 196 2450
142 196 100
142 196 2450
143 196 100
143 196 2450
144 196 100
144 196 2450
145 196 100
145 196 2450
146 196 100
146 196 2450
146 195 100
146 195 2450
146 194 100
146 194 2450
146 193 100
146 193 2450
146 192 100
146 192 2450
146 191 100
146 191 2450
146 190 100
146 190 2450
146 189 100
146 189 2450
146 188 100
146 188 2450
146 187 100
146 187 2450
146 186 100
146 186 2450
146 185 100
146 185 2450
146 184 100
146 183 100
146 182 100
146 181 100
146 180 100
146 179 100
146 178 100
146 177 100
146 176 100
146 175 100
146 174 100
146 173 100
146 172 100
146 171 100
146 170 100
146 169 100
146 168 100
146 167 100
146 166 100
146 165 100
146 165 2450
146 164 100
146 164 2450
146 163 100
146 163 2450
146 162 100
146 162 2450
146 161 100
146 161 2450
146 160 100
146 160 2450
146 159 100
146 159 2450
146 158 100
146 158 2450
146 157 100
146 157 2450
146 156 100
146 156 2450
146 155 100
146 155 2450
146 154 100
146 154 2450
146 153 100
146 153 2450
146 152 100
146 151 100
146 150 100
146 149 100
146 148 100
146 147 100
146 146 100
146 145 100
146 144 100
146 143 100
146 143 2450
146 142 100
146 142 2450
146 141 100
146 141 2450
146 140 100
146 140 2450
146 139 100
146 139 2450
146 138 100
146 138 2450
146 137 100
146 137 2450
146 136 100
146 136 2450
146 135 100
146 135 2450
146 134 100
146 134 2450
146 133 100
146 133 2450
146 132 100
146 132 2450
146 131 100
146 131 2450
146 130 100
146 130 2450
146 129 100
146 129 2450
146 128 100
146 128 2450
146 127 100
146 127 2450
146 126 100
146 126 2450
146 125 100
146 125 2450
146 124 100
146 124 2450
146 123 100
146 123 2450
146 122 100
146 122 2450
146 121 100
146 121 2450
146 120 100
146 120 2450
146 119 100
146 119 2450
146 118 100
146 118 2450
146 117 100
146 117 2450
146 116 100
146 116 2450
146 115 100
146 115 2450
146 114 100
146 114 2450
146 113 100
146 113 2450
146 112 100
146 112 2450
146 111 100
146 111 2450
146 110 100
146 110 2450
146 109 100
146 109 2450
146 108 100
146 108 2450
146 107 100
146 107 2450
146 106 100
146 105 100
146 104 100
146 103 100
138 40 100
139 40 100
140 40 100
141 40 100
142 40 100
143 40 100
144 40 100
145 40 100
145 40 2450
146 40 100
146 40 2450
146 41 100
146 41 2450
146 42 100
146 42 2450
146 43 100
146 43 2450
146 44 100
146 45 100
146 46 100
146 47 100
146 48 100
146 49 100
146 50 100
146 51 100
146 52 100
146 53 100
146 54 100
146 55 100
146 56 100
146 57 100
146 58 100
146 59 100
146 60 100
146 61 100
146 62 100
146 63 100
146 64 100
146 65 100
146 66 100
146 67 100
146 68 100
146 69 100
146 70 100
146 71 100
146 72 100
146 73 100
146 74 100
146 75 100
146 75 2450
146 76 100
146 76 2450
146 77 100
146 77 2450
146 78 100
146 78 2450
146 79 100
146 79 2450
146 80 100
146 80 2450
146 81 100
146 81 2450
146 82 100
146 82 2450
146 83 100
146 84 100
146 85 100
146 86 100
146 87 100
146 88 100
146 89 100
146 90 100
146 91 100
146 92 100
146 93 100
146 94 100
146 95 100
146 96 100
146 97 100
146 98 100
146 99 100
146 100 100
146 101 100
146 102 100
50 61 100
51 61 100
52 61 100
53 61 100
54 61 100
55 61 100
55 61 2450
56 61 100
56 61 2450
57 61 100
57 61 2450
58 61 100
58 61 2450
59 61 100
59 61 2450
60 61 100
60 61 2450
61 61 100
61 61 2450
62 61 100
62 61 2450
63 61 100
63 61 2450
64 61 100
64 61 2450
65 61 100
65 61 2450
66 61 100
66 61 2450
67 61 100
67 61 2450
68 61 100
68 61 2450
69 61 100
69 61 2450
70 61 100
70 61 2450
71 61 100
71 61 2450
72 61 100
72 61 2450
73 61 100
73 61 2450
74 61 100
74 61 2450
75 61 100
76 61 100
77 61 100
78 61 100
79 61 100
80 61 100
81 61 100
82 61 100
82 61 2450
83 61 100
83 61 2450
84 61 100
84 61 2450
85 61 100
85 61 2450
86 61 100
86 61 2450
87 61 100
87 61 2450
88 61 100
88 61 2450
89 61 100
89 61 2450
90 61 100
90 61 2450
91 61 100
91 61 2450
92 61 100
92 61 2450
93 61 100
93 61 2450
94 61 100
94 61 2450
95 61 100
95 61 2450
96 61 100
96 61 2450
97 61 100
97 61 2450
98 61 100
98 61 2450
99 61 100
99 61 2450
100 61 100
100 61 2450
101 61 100
101 61 2450
102 61 100
102 61 2450
103 61 100
103 61 2450
104 61 100
104 61 2450
105 61 100
105 61 2450
106 61 100
106 61 2450
107 61 100
107 61 2450
108 61 100
108 61 2450
109 61 100
109 61 2450
110 61 100
110 61 2450
111 61 100
111 61 2450
112 61 100
112 61 2450
113 61 100
113 61 2450
114 61 100
114 61 2450
115 61 100
115 61 2450
116 61 100
117 61 100
118 61 100
119 61 100
120 61 100
121 61 100
122 61 100
123 61 100
124 61 100
125 61 100
126 61 100
127 61 100
128 61 100
129 61 100
130 61 100
131 61 100
132 61 100
133 61 100
134 61 100
135 61 100
136 61 100
137 61 100
138 61 100
139 61 100
140 61 100
141 61 100
142 61 100
143 61 100
144 61 100
145 61 100
22 107 100
23 107 100
24 107 100
25 107 100
26 107 100
27 107 100
27 107 2450
28 107 100
28 107 2450
29 107 100
29 107 2450
30 107 100
30 107 2450
31 107 100
31 107 2450
32 107 100
32 107 2450
33 107 100
33 107 2450
34 107 100
34 107 2450
35 107 100
35 107 2450
36 107 100
36 107 2450
37 107 100
37 107 2450
38 107 100
38 107 2450
39 107 100
39 107 2450
40 107 100
40 107 2450
41 107 100
41 107 2450
42 107 100
42 107 2450
43 107 100
43 107 2450
44 107 100
44 107 2450
45 107 100
45 107 2450
46 107 100
46 107 2450
47 107 100
47 107 2450
48 107 100
48 107 2450
49 107 100
49 107 2450
50 107 100
50 107 2450
51 107 100
51 107 2450
52 107 100
52 107 2450
53 107 100
53 107 2450
54 107 100
54 107 2450
55 107 100
55 107 2450
56 107 100
56 107 2450
57 107 100
57 107 2450
58 107 100
58 107 2450
59 107 100
59 107 2450
60 107 100
60 107 2450
61 107 100
61 107 2450
62 107 100
62 107 2450
63 107 100
63 107 2450
64 107 100
65 107 100
66 107 100
67 107 100
68 107 100
69 107 100
69 107 2450
70 107 100
70 107 2450
71 107 100
71 107 2450
72 107 100
72 107 2450
73 107 100
73 107 2450
74 107 100
74 107 2450
75 107 100
75 107 2450
76 107 100
76 107 2450
77 107 100
77 107 2450
78 107 100
78 107 2450
79 107 100
79 107 2450
80 107 100
80 107 2450
81 107 100
81 107 2450
82 107 100
82 107 2450
83 107 100
83 107 2450
84 107 100
84 107 2450
85 107 100
85 107 2450
86 107 100
87 107 100
88 107 100
89 107 100
90 107 100
91 107 100
92 107 100
93 107 100
93 107 2450
94 107 100
94 107 2450
95 107 100
95 107 2450
96 107 100
96 107 2450
97 107 100
97 107 2450
98 107 100
98 107 2450
99 107 100
99 107 2450
100 107 100
100 107 2450
101 107 100
101 107 2450
102 107 100
102 107 2450
103 107 100
103 107 2450
104 107 100
104 107 2450
105 107 100
105 107 2450
106 107 100
106 107 2450
107 107 100
107 107 2450
108 107 100
108 107 2450
109 107 100
109 107 2450
110 107 100
110 107 2450
111 107 100
111 107 2450
111 107 1225
112 107 100
112 107 2450
112 107 1225
113 107 100
113 107 2450
113 107 1225
114 107 100
114 107 2450
114 107 1225
115 107 100
115 107 2450
115 107 1225
116 107 100
116 107 2450
116 107 1225
117 107 100
117 107 2450
117 107 1225
118 107 100
118 107 2450
118 107 1225
119 107 100
119 107 2450
119 107 1225
120 107 100
120 107 2450
120 107 1225
121 107 100
121 107 2450
121 107 1225
121 107 612
122 107 100
122 107 2450
122 107 1225
122 107 612
123 107 100
123 107 2450
123 107 1225
123 107 612
124 107 100
124 107 2450
124 107 1225
124 107 612
125 107 100
125 107 2450
125 107 1225
125 107 612
126 107 100
126 107 2450
126 107 1225
127 107 100
127 107 2450
127 107 1225
128 107 100
128 107 2450
128 107 1225
129 107 100
129 107 2450
129 107 1225
130 107 100
130 107 2450
131 107 100
131 107 2450
132 107 100
132 107 2450
133 107 100
133 107 2450
134 107 100
134 107 2450
135 107 100
135 107 2450
136 107 100
136 107 2450
137 107 100
137 107 2450
138 107 100
138 107 2450
139 107 100
139 107 2450
140 107 100
140 107 2450
141 107 100
141 107 2450
142 107 100
142 107 2450
143 107 100
143 107 2450
144 107 100
144 107 2450
145 107 100
145 107 2450
94 165 100
95 165 100
96 165 100
97 165 100
98 165 100
99 165 100
100 165 100
101 165 100
102 165 100
103 165 100
104 165 100
105 165 100
106 165 100
107 165 100
108 165 100
109 165 100
110 165 100
110 165 2450
111 165 100
111 165 2450
112 165 100
112 165 2450
113 165 100
113 165 2450
114 165 100
114 165 2450
115 165 100
115 165 2450
116 165 100
116 165 2450
117 165 100
117 165 2450
118 165 100
118 165 2450
119 165 100
119 165 2450
120 165 100
120 165 2450
121 165 100
121 165 2450
122 165 100
122 165 2450
123 165 100
123 165 2450
124 165 100
124 165 2450
125 165 100
125 165 2450
126 165 100
126 165 2450
127 165 100
127 165 2450
128 165 100
128 165 2450
129 165 100
129 165 2450
130 165 100
130 165 2450
131 165 100
131 165 2450
132 165 100
132 165 2450
133 165 100
133 165 2450
134 165 100
134 165 2450
135 165 100
135 165 2450
136 165 100
136 165 2450
137 165 100
137 165 2450
138 165 100
138 165 2450
139 165 100
139 165 2450
140 165 100
140 165 2450
141 165 100
141 165 2450
142 165 100
142 165 2450
143 165 100
143 165 2450
144 165 100
144 165 2450
145 165 100
145 165 2450
174 121 100
173 121 100
172 121 100
171 121 100
170 121 100
169 121 100
168 121 100
167 121 100
166 121 100
165 121 100
164 121 100
163 121 100
162 121 100
161 121 100
160 121 100
159 121 100
158 121 100
157 121 100
156 121 100
155 121 100
155 121 2450
154 121 100
154 121 2450
153 121 100
153 121 2450
152 121 100
152 121 2450
151 121 100
151 121 2450
150 121 100
150 121 2450
149 121 100
149 121 2450
148 121 100
148 121 2450
147 121 100
147 121 2450
160 140 100
159 140 100
158 140 100
157 140 100
156 140 100
155 140 100
154 140 100
153 140 100
152 140 100
151 140 100
150 140 100
149 140 100
148 140 100
147 140 100
147 140 2450
96 77 100
97 77 100
98 77 100
99 77 100
100 77 100
101 77 100
102 77 100
103 77 100
104 77 100
105 77 100
106 77 100
107 77 100
108 77 100
109 77 100
110 77 100
111 77 100
112 77 100
113 77 100
114 77 100
115 77 100
116 77 100
117 77 100
118 77 100
119 77 100
120 77 100
121 77 100
122 77 100
123 77 100
124 77 100
125 77 100
126 77 100
127 77 100
128 77 100
129 77 100
130 77 100
131 77 100
132 77 100
133 77 100
134 77 100
135 77 100
136 77 100
137 77 100
138 77 100
139 77 100
140 77 100
141 77 100
142 77 100
143 77 100
144 77 100
145 77 100
145 77 2450
178 15 100
177 15 100
176 15 100
175 15 100
174 15 100
173 15 100
172 15 100
171 15 100
171 15 2450
170 15 100
170 15 2450
169 15 100
169 15 2450
168 15 100
168 15 2450
167 15 100
167 15 2450
166 15 100
166 15 2450
165 15 100
165 15 2450
164 15 100
164 15 2450
163 15 100
163 15 2450
162 15 100
162 15 2450
161 15 100
161 15 2450
160 15 100
160 15 2450
159 15 100
159 15 2450
158 15 100
158 15 2450
157 15 100
157 15 2450
156 15 100
156 15 2450
155 15 100
155 15 2450
154 15 100
154 15 2450
153 15 100
153 15 2450
152 15 100
152 15 2450
151 15 100
151 15 2450
150 15 100
150 15 2450
149 15 100
149 15 2450
148 15 100
148 15 2450
147 15 100
147 15 2450
146 15 100
146 16 100
146 16 2450
146 17 100
146 17 2450
146 18 100
146 18 2450
146 19 100
146 19 2450
146 20 100
146 20 2450
146 21 100
146 21 2450
146 22 100
146 22 2450
146 23 100
146 23 2450
146 24 100
146 24 2450
146 25 100
146 25 2450
146 26 100
146 26 2450
146 27 100
146 27 2450
146 28 100
146 28 2450
146 29 100
146 29 2450
146 30 100
146 30 2450
146 31 100
146 31 2450
146 32 100
146 32 2450
146 33 100
146 33 2450
146 34 100
146 34 2450
146 35 100
146 35 2450
146 36 100
146 36 2450
146 37 100
146 37 2450
146 38 100
146 38 2450
146 39 100
146 39 2450
