12 6 100
13 6 100
14 6 100
15 6 100
16 6 100
17 6 100
18 6 100
18 6 2450
19 6 100
19 6 2450
20 6 100
20 6 2450
21 6 100
21 6 2450
22 6 100
22 6 2450
23 6 100
23 6 2450
24 6 100
24 6 2450
25 6 100
25 6 2450
26 6 100
26 6 2450
27 6 100
27 6 2450
28 6 100
28 6 2450
29 6 100
29 6 2450
29 6 1225
30 6 100
30 6 2450
30 6 1225
31 6 100
31 6 2450
31 6 1225
32 6 100
32 6 2450
32 6 1225
33 6 100
33 6 2450
33 6 1225
33 6 612
34 6 100
34 6 2450
34 6 1225
34 6 612
35 6 100
35 6 2450
35 6 1225
35 6 612
36 6 100
36 6 2450
36 6 1225
36 6 612
37 6 100
37 6 2450
37 6 1225
37 6 612
38 6 100
38 6 2450
38 6 1225
38 6 612
39 6 100
39 6 2450
39 6 1225
39 6 612
40 6 100
40 6 2450
40 6 1225
41 6 100
41 6 2450
41 6 1225
42 6 100
42 6 2450
42 6 1225
43 6 100
43 6 2450
43 6 1225
44 6 100
44 6 2450
44 6 1225
45 6 100
45 6 2450
46 6 100
46 6 2450
47 6 100
47 6 2450
48 6 100
48 6 2450
49 6 100
49 6 2450
50 6 100
50 6 2450
51 6 100
51 6 2450
52 6 100
52 6 2450
53 6 100
53 6 2450
54 6 100
54 6 2450
55 6 100
55 6 2450
56 6 100
56 6 2450
57 6 100
57 6 2450
58 6 100
58 6 2450
59 6 100
59 6 2450
60 6 100
60 6 2450
61 6 100
61 6 2450
62 6 100
62 6 2450
63 6 100
63 6 2450
64 6 100
64 6 2450
65 6 100
65 6 2450
66 6 100
66 6 2450
67 6 100
67 6 2450
68 6 100
68 6 2450
69 6 100
69 6 2450
70 6 100
70 6 2450
71 6 100
71 6 2450
72 6 100
72 6 2450
73 6 100
73 6 2450
74 6 100
74 6 2450
75 6 100
75 6 2450
76 6 100
76 6 2450
77 6 100
77 6 2450
78 6 100
78 6 2450
79 6 100
79 6 2450
80 6 100
80 6 2450
81 6 100
81 6 2450
82 6 100
82 6 2450
83 6 100
83 6 2450
84 6 100
84 6 2450
85 6 100
85 6 2450
86 6 100
86 6 2450
87 6 100
87 6 2450
88 6 100
89 6 100
90 6 100
91 6 100
92 6 100
93 6 100
94 6 100
95 6 100
96 6 100
97 6 100
98 6 100
99 6 100
100 6 100
101 6 100
102 6 100
102 6 2450
103 6 100
103 6 2450
104 6 100
104 6 2450
105 6 100
105 6 2450
106 6 100
106 6 2450
107 6 100
107 6 2450
108 6 100
108 6 2450
109 6 100
109 6 2450
110 6 100
110 6 2450
111 6 100
111 6 2450
112 6 100
112 6 2450
113 6 100
113 6 2450
114 6 100
114 6 2450
115 6 100
115 6 2450
116 6 100
116 6 2450
117 6 100
117 6 2450
118 6 100
118 6 2450
119 6 100
119 6 2450
120 6 100
120 6 2450
121 6 100
121 6 2450
121 6 1225
121 7 100
121 7 2450
121 7 1225
121 8 100
121 8 2450
121 8 1225
121 9 100
121 9 2450
121 10 100
121 10 2450
121 11 100
121 11 2450
121 12 100
121 12 2450
121 13 100
121 13 2450
121 14 100
121 14 2450
121 15 100
121 15 2450
121 16 100
121 16 2450
121 17 100
121 17 2450
121 18 100
121 18 2450
121 19 100
121 19 2450
121 20 100
121 20 2450
121 21 100
121 21 2450
121 22 100
121 22 2450
121 23 100
121 23 2450
121 24 100
121 24 2450
121 25 100
121 25 2450
121 26 100
121 26 2450
121 27 100
121 27 2450
121 28 100
121 28 2450
121 29 100
121 29 2450
121 30 100
121 30 2450
121 31 100
121 31 2450
121 32 100
121 32 2450
121 33 100
121 33 2450
121 33 1225
121 34 100
121 34 2450
121 34 1225
121 35 100
121 35 2450
121 35 1225
121 36 100
121 36 2450
121 36 1225
121 37 100
121 37 2450
121 37 1225
121 37 612
121 38 100
121 38 2450
121 38 1225
121 38 612
121 39 100
121 39 2450
121 39 1225
121 39 612
121 40 100
121 40 2450
121 40 1225
121 40 612
121 40 306
121 41 100
121 41 2450
121 41 1225
121 41 612
121 41 306
121 42 100
121 42 2450
121 42 1225
121 42 612
121 42 306
121 43 100
121 43 2450
121 43 1225
121 43 612
121 43 306
121 43 153
121 44 100
121 44 2450
121 44 1225
121 44 612
121 44 306
121 44 153
121 45 100
121 45 2450
121 45 1225
121 45 612
121 45 306
121 45 153
121 46 100
121 46 2450
121 46 1225
121 46 612
121 46 306
121 46 153
121 47 100
121 47 2450
121 47 1225
121 47 612
121 47 306
121 48 100
121 48 2450
121 48 1225
121 48 612
121 48 306
121 49 100
121 49 2450
121 49 1225
121 49 612
121 50 100
121 50 2450
121 50 1225
121 50 612
121 51 100
121 51 2450
121 51 1225
121 52 100
121 52 2450
121 52 1225
121 53 100
121 53 2450
121 53 1225
121 54 100
121 54 2450
121 54 1225
121 55 100
121 55 2450
121 56 100
121 56 2450
121 57 100
121 57 2450
121 58 100
121 58 2450
121 59 100
121 59 2450
121 60 100
121 60 2450
121 61 100
121 61 2450
121 62 100
121 62 2450
121 63 100
121 63 2450
121 64 100
121 64 2450
121 65 100
121 65 2450
121 66 100
121 66 2450
121 67 100
121 67 2450
121 68 100
121 68 2450
121 69 100
121 69 2450
121 70 100
121 70 2450
121 71 100
121 71 2450
121 72 100
121 72 2450
121 73 100
121 73 2450
121 74 100
121 74 2450
121 75 100
121 75 2450
121 76 100
121 77 100
121 78 100
121 79 100
121 80 100
121 81 100
121 82 100
121 83 100
121 84 100
121 84 2450
121 85 100
121 85 2450
121 86 100
121 86 2450
121 87 100
121 87 2450
121 88 100
121 88 2450
121 89 100
121 89 2450
121 90 100
121 90 2450
121 91 100
121 91 2450
121 92 100
121 92 2450
121 93 100
121 93 2450
121 94 100
121 94 2450
121 95 100
121 95 2450
121 96 100
121 96 2450
121 97 100
121 97 2450
121 98 100
121 98 2450
121 99 100
121 99 2450
121 100 100
121 100 2450
121 101 100
121 101 2450
121 102 100
121 102 2450
121 103 100
121 103 2450
121 104 100
121 104 2450
121 105 100
121 105 2450
121 106 100
121 106 2450
121 107 100
121 107 2450
121 108 100
121 108 2450
121 109 100
121 109 2450
121 110 100
121 110 2450
121 111 100
121 111 2450
121 112 100
121 112 2450
121 113 100
121 113 2450
121 114 100
121 114 2450
121 114 1225
121 115 100
121 115 2450
121 115 1225
121 116 100
121 116 2450
121 116 1225
121 117 100
121 117 2450
121 118 100
121 118 2450
121 119 100
121 119 2450
121 120 100
121 120 2450
121 121 100
121 121 2450
121 122 100
121 122 2450
121 123 100
121 123 2450
121 124 100
121 124 2450
121 125 100
121 125 2450
121 126 100
121 126 2450
121 127 100
121 127 2450
121 128 100
121 128 2450
121 129 100
121 129 2450
121 130 100
121 130 2450
121 131 100
121 131 2450
121 132 100
121 133 100
121 134 100
121 135 100
121 136 100
121 137 100
121 138 100
121 139 100
121 140 100
121 141 100
121 142 100
121 143 100
121 144 100
121 145 100
121 146 100
121 147 100
121 148 100
121 149 100
121 149 2450
121 150 100
121 150 2450
121 151 100
121 151 2450
121 152 100
121 152 2450
121 153 100
121 153 2450
121 154 100
121 154 2450
121 155 100
121 155 2450
121 156 100
121 156 2450
121 157 100
121 157 2450
121 158 100
121 158 2450
121 159 100
121 159 2450
121 160 100
121 160 2450
121 161 100
121 161 2450
121 162 100
121 162 2450
121 163 100
121 163 2450
121 164 100
121 164 2450
121 165 100
121 165 2450
121 166 100
121 166 2450
121 167 100
121 167 2450
121 168 100
121 168 2450
121 169 100
121 169 2450
121 170 100
121 170 2450
121 171 100
121 172 100
121 173 100
121 174 100
121 175 100
121 176 100
121 177 100
121 178 100
121 179 100
121 180 100
121 181 100
121 182 100
121 183 100
121 184 100
121 185 100
121 186 100
121 187 100
121 188 100
121 189 100
121 190 100
121 191 100
121 192 100
185 178 100
185 178 2450
184 178 100
184 178 2450
183 178 100
183 178 2450
182 178 100
182 178 2450
181 178 100
180 178 100
179 178 100
178 178 100
177 178 100
176 178 100
175 178 100
174 178 100
173 178 100
172 178 100
171 178 100
170 178 100
169 178 100
168 178 100
167 178 100
166 178 100
165 178 100
164 178 100
163 178 100
162 178 100
161 178 100
160 178 100
159 178 100
158 178 100
157 178 100
156 178 100
155 178 100
154 178 100
153 178 100
152 178 100
151 178 100
150 178 100
149 178 100
148 178 100
148 178 2450
147 178 100
147 178 2450
146 178 100
146 178 2450
145 178 100
145 178 2450
144 178 100
144 178 2450
143 178 100
143 178 2450
142 178 100
142 178 2450
141 178 100
141 178 2450
140 178 100
140 178 2450
139 178 100
139 178 2450
138 178 100
138 178 2450
137 178 100
137 178 2450
136 178 100
136 178 2450
135 178 100
135 178 2450
134 178 100
134 178 2450
133 178 100
133 178 2450
132 178 100
132 178 2450
131 178 100
131 178 2450
130 178 100
130 178 2450
129 178 100
129 178 2450
128 178 100
127 178 100
126 178 100
125 178 100
124 178 100
123 178 100
122 178 100
145 58 100
145 58 2450
144 58 100
144 58 2450
143 58 100
143 58 2450
142 58 100
142 58 2450
141 58 100
141 58 2450
140 58 100
140 58 2450
139 58 100
139 58 2450
138 58 100
138 58 2450
137 58 100
137 58 2450
136 58 100
136 58 2450
135 58 100
135 58 2450
134 58 100
134 58 2450
133 58 100
133 58 2450
132 58 100
132 58 2450
131 58 100
131 58 2450
130 58 100
130 58 2450
129 58 100
129 58 2450
128 58 100
128 58 2450
127 58 100
127 58 2450
126 58 100
126 58 2450
125 58 100
125 58 2450
124 58 100
124 58 2450
123 58 100
123 58 2450
122 58 100
122 58 2450
18 105 100
19 105 100
20 105 100
21 105 100
22 105 100
23 105 100
24 105 100
25 105 100
26 105 100
27 105 100
28 105 100
29 105 100
30 105 100
31 105 100
32 105 100
33 105 100
34 105 100
35 105 100
36 105 100
37 105 100
38 105 100
39 105 100
40 105 100
41 105 100
42 105 100
43 105 100
44 105 100
45 105 100
45 105 2450
46 105 100
46 105 2450
47 105 100
47 105 2450
48 105 100
48 105 2450
49 105 100
49 105 2450
50 105 100
50 105 2450
51 105 100
51 105 2450
52 105 100
52 105 2450
53 105 100
53 105 2450
54 105 100
54 105 2450
55 105 100
55 105 2450
56 105 100
56 105 2450
57 105 100
57 105 2450
58 105 100
58 105 2450
59 105 100
59 105 2450
60 105 100
60 105 2450
61 105 100
61 105 2450
62 105 100
62 105 2450
63 105 100
63 105 2450
64 105 100
64 105 2450
65 105 100
65 105 2450
66 105 100
66 105 2450
67 105 100
67 105 2450
68 105 100
68 105 2450
69 105 100
69 105 2450
70 105 100
70 105 2450
71 105 100
71 105 2450
72 105 100
72 105 2450
73 105 100
73 105 2450
74 105 100
74 105 2450
75 105 100
75 105 2450
76 105 100
76 105 2450
77 105 100
77 105 2450
78 105 100
78 105 2450
79 105 100
79 105 2450
80 105 100
80 105 2450
81 105 100
81 105 2450
82 105 100
82 105 2450
83 105 100
83 105 2450
84 105 100
84 105 2450
85 105 100
85 105 2450
85 105 1225
86 105 100
86 105 2450
86 105 1225
87 105 100
87 105 2450
87 105 1225
88 105 100
88 105 2450
88 105 1225
89 105 100
89 105 2450
90 105 100
90 105 2450
91 105 100
91 105 2450
92 105 100
92 105 2450
93 105 100
93 105 2450
94 105 100
94 105 2450
95 105 100
95 105 2450
96 105 100
96 105 2450
97 105 100
97 105 2450
98 105 100
98 105 2450
99 105 100
99 105 2450
100 105 100
100 105 2450
101 105 100
101 105 2450
102 105 100
102 105 2450
103 105 100
103 105 2450
104 105 100
104 105 2450
105 105 100
105 105 2450
106 105 100
106 105 2450
107 105 100
107 105 2450
108 105 100
108 105 2450
109 105 100
109 105 2450
110 105 100
110 105 2450
111 105 100
111 105 2450
112 105 100
112 105 2450
113 105 100
113 105 2450
114 105 100
114 105 2450
115 105 100
115 105 2450
116 105 100
116 105 2450
117 105 100
117 105 2450
118 105 100
118 105 2450
119 105 100
119 105 2450
120 105 100
120 105 2450
52 0 100
52 0 2450
53 0 100
53 0 2450
54 0 100
54 0 2450
55 0 100
55 0 2450
56 0 100
56 0 2450
57 0 100
57 0 2450
58 0 100
58 0 2450
59 0 100
59 0 2450
60 0 100
60 0 2450
61 0 100
61 0 2450
62 0 100
62 0 2450
63 0 100
63 0 2450
64 0 100
64 0 2450
65 0 100
65 0 2450
66 0 100
66 0 2450
67 0 100
67 0 2450
68 0 100
68 0 2450
69 0 100
69 0 2450
70 0 100
70 0 2450
71 0 100
71 0 2450
72 0 100
72 0 2450
73 0 100
73 0 2450
74 0 100
74 0 2450
75 0 100
75 0 2450
76 0 100
76 0 2450
77 0 100
77 0 2450
78 0 100
78 0 2450
79 0 100
79 0 2450
80 0 100
80 0 2450
81 0 100
81 0 2450
82 0 100
82 0 2450
83 0 100
83 0 2450
84 0 100
84 0 2450
85 0 100
85 0 2450
86 0 100
86 0 2450
87 0 100
87 0 2450
88 0 100
88 0 2450
89 0 100
89 0 2450
90 0 100
91 0 100
92 0 100
93 0 100
94 0 100
95 0 100
96 0 100
97 0 100
98 0 100
99 0 100
100 0 100
100 0 2450
101 0 100
101 0 2450
102 0 100
102 0 2450
103 0 100
103 0 2450
104 0 100
104 0 2450
105 0 100
105 0 2450
106 0 100
106 0 2450
107 0 100
107 0 2450
108 0 100
108 0 2450
109 0 100
109 0 2450
110 0 100
110 0 2450
111 0 100
111 0 2450
112 0 100
112 0 2450
113 0 100
113 0 2450
114 0 100
114 0 2450
115 0 100
115 0 2450
116 0 100
116 0 2450
117 0 100
117 0 2450
118 0 100
118 0 2450
119 0 100
119 0 2450
120 0 100
120 0 2450
121 0 100
121 0 2450
121 0 1225
121 1 100
121 1 2450
121 1 1225
121 2 100
121 2 2450
121 2 1225
121 3 100
121 3 2450
121 3 1225
121 4 100
121 4 2450
121 4 1225
121 5 100
121 5 2450
121 5 1225
30 162 100
31 162 100
32 162 100
33 162 100
34 162 100
35 162 100
36 162 100
37 162 100
38 162 100
39 162 100
39 162 2450
40 162 100
40 162 2450
41 162 100
41 162 2450
42 162 100
42 162 2450
43 162 100
43 162 2450
44 162 100
44 162 2450
45 162 100
45 162 2450
46 162 100
46 162 2450
47 162 100
47 162 2450
48 162 100
48 162 2450
49 162 100
49 162 2450
50 162 100
50 162 2450
51 162 100
51 162 2450
52 162 100
52 162 2450
53 162 100
53 162 2450
54 162 100
54 162 2450
55 162 100
55 162 2450
56 162 100
56 162 2450
57 162 100
57 162 2450
58 162 100
58 162 2450
59 162 100
59 162 2450
60 162 100
60 162 2450
61 162 100
61 162 2450
62 162 100
62 162 2450
63 162 100
63 162 2450
64 162 100
64 162 2450
65 162 100
65 162 2450
66 162 100
67 162 100
68 162 100
69 162 100
70 162 100
71 162 100
72 162 100
73 162 100
74 162 100
75 162 100
76 162 100
77 162 100
77 162 2450
78 162 100
78 162 2450
79 162 100
79 162 2450
80 162 100
80 162 2450
81 162 100
81 162 2450
82 162 100
82 162 2450
83 162 100
83 162 2450
84 162 100
84 162 2450
85 162 100
85 162 2450
86 162 100
86 162 2450
87 162 100
87 162 2450
88 162 100
88 162 2450
89 162 100
89 162 2450
90 162 100
90 162 2450
91 162 100
91 162 2450
92 162 100
92 162 2450
92 162 1225
93 162 100
93 162 2450
93 162 1225
94 162 100
94 162 2450
94 162 1225
95 162 100
95 162 2450
95 162 1225
96 162 100
96 162 2450
96 162 1225
97 162 100
97 162 2450
97 162 1225
98 162 100
98 162 2450
98 162 1225
98 162 612
99 162 100
99 162 2450
99 162 1225
99 162 612
100 162 100
100 162 2450
100 162 1225
100 162 612
101 162 100
101 162 2450
101 162 1225
101 162 612
102 162 100
102 162 2450
102 162 1225
102 162 612
103 162 100
103 162 2450
103 162 1225
103 162 612
104 162 100
104 162 2450
104 162 1225
104 162 612
105 162 100
105 162 2450
105 162 1225
106 162 100
106 162 2450
106 162 1225
107 162 100
107 162 2450
107 162 1225
108 162 100
108 162 2450
108 162 1225
109 162 100
109 162 2450
110 162 100
110 162 2450
111 162 100
111 162 2450
112 162 100
112 162 2450
113 162 100
113 162 2450
114 162 100
114 162 2450
115 162 100
115 162 2450
116 162 100
116 162 2450
117 162 100
117 162 2450
118 162 100
118 162 2450
119 162 100
119 162 2450
120 162 100
120 162 2450
