10 109 100
11 109 100
12 109 100
13 109 100
14 109 100
15 109 100
16 109 100
17 109 100
18 109 100
19 109 100
20 109 100
21 109 100
22 109 100
22 109 2450
23 109 100
23 109 2450
24 109 100
24 109 2450
25 109 100
25 109 2450
26 109 100
26 109 2450
27 109 100
27 109 2450
28 109 100
28 109 2450
29 109 100
29 109 2450
30 109 100
30 109 2450
31 109 100
31 109 2450
32 109 100
32 109 2450
33 109 100
33 109 2450
33 109 1225
34 109 100
34 109 2450
34 109 1225
35 109 100
35 109 2450
35 109 1225
36 109 100
36 109 2450
36 109 1225
37 109 100
37 109 2450
37 109 1225
38 109 100
38 109 2450
38 109 1225
39 109 100
39 109 2450
40 109 100
40 109 2450
41 109 100
41 109 2450
42 109 100
42 109 2450
43 109 100
43 109 2450
44 109 100
44 109 2450
45 109 100
45 109 2450
46 109 100
46 109 2450
47 109 100
47 109 2450
48 109 100
48 109 2450
49 109 100
49 109 2450
50 109 100
50 109 2450
51 109 100
51 109 2450
52 109 100
52 109 2450
53 109 100
53 109 2450
54 109 100
54 109 2450
55 109 100
55 109 2450
56 109 100
57 109 100
58 109 100
59 109 100
60 109 100
61 109 100
62 109 100
63 109 100
64 109 100
65 109 100
66 109 100
67 109 100
68 109 100
69 109 100
70 109 100
71 109 100
71 110 100
71 111 100
71 112 100
71 113 100
71 114 100
71 115 100
71 116 100
26 62 100
27 62 100
28 62 100
29 62 100
30 62 100
31 62 100
32 62 100
33 62 100
34 62 100
35 62 100
36 62 100
37 62 100
38 62 100
39 62 100
40 62 100
41 62 100
42 62 100
42 62 2450
43 62 100
43 62 2450
44 62 100
44 62 2450
45 62 100
45 62 2450
46 62 100
46 62 2450
47 62 100
47 62 2450
48 62 100
48 62 2450
49 62 100
49 62 2450
50 62 100
50 62 2450
51 62 100
51 62 2450
52 62 100
52 62 2450
53 62 100
53 62 2450
54 62 100
54 62 2450
55 62 100
55 62 2450
56 62 100
56 62 2450
57 62 100
57 62 2450
58 62 100
58 62 2450
59 62 100
59 62 2450
60 62 100
60 62 2450
61 62 100
61 62 2450
62 62 100
62 62 2450
63 62 100
63 62 2450
64 62 100
64 62 2450
65 62 100
65 62 2450
66 62 100
66 62 2450
67 62 100
67 62 2450
68 62 100
68 62 2450
69 62 100
69 62 2450
70 62 100
70 62 2450
71 62 100
71 62 2450
71 63 100
71 63 2450
71 64 100
71 64 2450
71 65 100
71 65 2450
71 66 100
71 66 2450
71 67 100
71 67 2450
71 68 100
71 68 2450
71 69 100
71 69 2450
71 70 100
71 70 2450
71 71 100
71 71 2450
71 72 100
71 72 2450
71 73 100
71 73 2450
71 74 100
71 74 2450
71 75 100
71 76 100
71 77 100
71 78 100
71 79 100
71 80 100
71 80 2450
71 81 100
71 81 2450
71 82 100
71 82 2450
71 83 100
71 83 2450
71 84 100
71 84 2450
71 85 100
71 85 2450
71 86 100
71 86 2450
71 87 100
71 87 2450
71 88 100
71 88 2450
71 89 100
71 89 2450
71 90 100
71 90 2450
71 91 100
71 91 2450
71 92 100
71 92 2450
71 93 100
71 93 2450
71 94 100
71 94 2450
71 95 100
71 95 2450
71 96 100
71 96 2450
71 97 100
71 97 2450
71 98 100
71 98 2450
71 99 100
71 99 2450
71 100 100
71 101 100
71 102 100
71 103 100
71 104 100
71 105 100
71 106 100
71 107 100
71 108 100
199 16 100
198 16 100
197 16 100
196 16 100
195 16 100
194 16 100
193 16 100
192 16 100
191 16 100
190 16 100
189 16 100
188 16 100
187 16 100
187 16 2450
186 16 100
186 16 2450
185 16 100
185 16 2450
184 16 100
184 16 2450
183 16 100
183 16 2450
182 16 100
182 16 2450
181 16 100
181 16 2450
180 16 100
180 16 2450
179 16 100
179 16 2450
178 16 100
178 16 2450
177 16 100
177 16 2450
176 16 100
176 16 2450
175 16 100
175 16 2450
174 16 100
174 16 2450
173 16 100
173 16 2450
172 16 100
171 16 100
170 16 100
169 16 100
168 16 100
167 16 100
166 16 100
165 16 100
164 16 100
163 16 100
162 16 100
161 16 100
160 16 100
159 16 100
158 16 100
157 16 100
156 16 100
155 16 100
154 16 100
153 16 100
152 16 100
151 16 100
150 16 100
149 16 100
148 16 100
147 16 100
146 16 100
145 16 100
144 16 100
143 16 100
143 16 2450
142 16 100
142 16 2450
141 16 100
141 16 2450
140 16 100
140 16 2450
139 16 100
139 16 2450
138 16 100
138 16 2450
137 16 100
137 16 2450
136 16 100
136 16 2450
135 16 100
135 16 2450
134 16 100
134 16 2450
133 16 100
133 16 2450
132 16 100
132 16 2450
131 16 100
131 16 2450
130 16 100
130 16 2450
129 16 100
129 16 2450
129 16 1225
128 16 100
128 16 2450
128 16 1225
127 16 100
127 16 2450
127 16 1225
126 16 100
126 16 2450
126 16 1225
125 16 100
125 16 2450
125 16 1225
124 16 100
124 16 2450
124 16 1225
123 16 100
123 16 2450
123 16 1225
122 16 100
122 16 2450
122 16 1225
121 16 100
121 16 2450
121 16 1225
120 16 100
120 16 2450
120 16 1225
119 16 100
119 16 2450
118 16 100
118 16 2450
117 16 100
117 16 2450
116 16 100
116 16 2450
115 16 100
115 16 2450
114 16 100
114 16 2450
113 16 100
113 16 2450
112 16 100
112 16 2450
111 16 100
111 16 2450
110 16 100
110 16 2450
109 16 100
109 16 2450
108 16 100
108 16 2450
107 16 100
107 16 2450
106 16 100
106 16 2450
105 16 100
105 16 2450
104 16 100
104 16 2450
103 16 100
102 16 100
101 16 100
100 16 100
99 16 100
98 16 100
97 16 100
96 16 100
95 16 100
94 16 100
93 16 100
92 16 100
91 16 100
90 16 100
90 16 2450
89 16 100
89 16 2450
88 16 100
88 16 2450
87 16 100
87 16 2450
86 16 100
86 16 2450
85 16 100
85 16 2450
84 16 100
84 16 2450
83 16 100
83 16 2450
82 16 100
82 16 2450
81 16 100
81 16 2450
80 16 100
80 16 2450
79 16 100
79 16 2450
78 16 100
78 16 2450
77 16 100
77 16 2450
76 16 100
76 16 2450
75 16 100
75 16 2450
74 16 100
74 16 2450
73 16 100
73 16 2450
72 16 100
72 16 2450
71 16 100
71 16 2450
71 17 100
71 17 2450
71 18 100
71 18 2450
71 19 100
71 19 2450
71 20 100
71 20 2450
71 21 100
71 21 2450
71 22 100
71 22 2450
71 23 100
71 23 2450
71 24 100
71 24 2450
71 25 100
71 25 2450
71 26 100
71 26 2450
71 27 100
71 27 2450
71 28 100
71 28 2450
71 29 100
71 29 2450
71 30 100
71 30 2450
71 31 100
71 31 2450
71 32 100
71 32 2450
71 33 100
71 33 2450
71 34 100
71 34 2450
71 35 100
71 35 2450
71 36 100
71 36 2450
71 37 100
71 37 2450
71 38 100
71 38 2450
71 39 100
71 39 2450
71 40 100
71 40 2450
71 40 1225
71 41 100
71 41 2450
71 41 1225
71 42 100
71 42 2450
71 42 1225
71 43 100
71 43 2450
71 43 1225
71 44 100
71 44 2450
71 44 1225
71 45 100
71 45 2450
71 45 1225
71 46 100
71 46 2450
71 46 1225
71 47 100
71 47 2450
71 47 1225
71 48 100
71 48 2450
71 48 1225
71 49 100
71 49 2450
71 49 1225
71 50 100
71 50 2450
71 50 1225
71 51 100
71 51 2450
71 52 100
71 52 2450
71 53 100
71 53 2450
71 54 100
71 54 2450
71 55 100
71 55 2450
71 56 100
71 56 2450
71 57 100
71 57 2450
71 58 100
71 58 2450
71 59 100
71 59 2450
71 60 100
71 60 2450
71 61 100
71 61 2450
60 30 100
61 30 100
62 30 100
63 30 100
64 30 100
65 30 100
65 30 2450
66 30 100
66 30 2450
67 30 100
67 30 2450
68 30 100
68 30 2450
69 30 100
69 30 2450
70 30 100
70 30 2450
0 176 100
1 176 100
2 176 100
3 176 100
4 176 100
5 176 100
6 176 100
7 176 100
8 176 100
9 176 100
10 176 100
11 176 100
12 176 100
13 176 100
14 176 100
15 176 100
16 176 100
17 176 100
18 176 100
19 176 100
20 176 100
21 176 100
22 176 100
23 176 100
24 176 100
25 176 100
26 176 100
27 176 100
28 176 100
29 176 100
29 176 2450
30 176 100
30 176 2450
31 176 100
31 176 2450
32 176 100
32 176 2450
33 176 100
33 176 2450
34 176 100
34 176 2450
35 176 100
35 176 2450
36 176 100
36 176 2450
37 176 100
37 176 2450
38 176 100
38 176 2450
39 176 100
39 176 2450
40 176 100
40 176 2450
41 176 100
41 176 2450
42 176 100
42 176 2450
43 176 100
43 176 2450
44 176 100
44 176 2450
45 176 100
45 176 2450
46 176 100
46 176 2450
47 176 100
47 176 2450
48 176 100
48 176 2450
49 176 100
49 176 2450
50 176 100
50 176 2450
51 176 100
51 176 2450
52 176 100
52 176 2450
53 176 100
53 176 2450
54 176 100
54 176 2450
55 176 100
55 176 2450
56 176 100
56 176 2450
57 176 100
57 176 2450
58 176 100
58 176 2450
59 176 100
59 176 2450
60 176 100
60 176 2450
61 176 100
61 176 2450
62 176 100
62 176 2450
63 176 100
63 176 2450
64 176 100
64 176 2450
65 176 100
65 176 2450
66 176 100
66 176 2450
67 176 100
67 176 2450
68 176 100
68 176 2450
69 176 100
69 176 2450
70 176 100
70 176 2450
71 176 100
71 176 2450
71 175 100
71 175 2450
71 174 100
71 174 2450
71 173 100
71 173 2450
71 172 100
71 172 2450
71 171 100
71 171 2450
71 170 100
71 170 2450
71 169 100
71 169 2450
71 168 100
71 168 2450
71 167 100
71 167 2450
71 166 100
71 165 100
71 164 100
71 163 100
71 162 100
71 161 100
71 160 100
71 159 100
71 158 100
71 157 100
71 156 100
71 155 100
71 154 100
71 153 100
71 152 100
71 151 100
71 150 100
71 149 100
71 148 100
71 147 100
71 146 100
71 145 100
71 144 100
71 143 100
71 142 100
71 141 100
71 140 100
71 139 100
71 138 100
71 137 100
71 136 100
71 135 100
71 134 100
71 133 100
71 132 100
71 131 100
71 130 100
71 129 100
71 128 100
71 127 100
71 126 100
71 125 100
71 124 100
71 123 100
71 122 100
71 121 100
71 120 100
71 119 100
71 118 100
71 117 100
100 72 100
99 72 100
98 72 100
97 72 100
96 72 100
95 72 100
94 72 100
93 72 100
93 72 2450
92 72 100
92 72 2450
91 72 100
91 72 2450
90 72 100
90 72 2450
89 72 100
89 72 2450
88 72 100
88 72 2450
87 72 100
87 72 2450
86 72 100
86 72 2450
85 72 100
85 72 2450
84 72 100
84 72 2450
83 72 100
83 72 2450
82 72 100
82 72 2450
81 72 100
81 72 2450
80 72 100
80 72 2450
79 72 100
79 72 2450
78 72 100
78 72 2450
77 72 100
77 72 2450
76 72 100
76 72 2450
75 72 100
75 72 2450
74 72 100
74 72 2450
73 72 100
73 72 2450
72 72 100
72 72 2450
