146 6 100
145 6 100
144 6 100
143 6 100
142 6 100
141 6 100
140 6 100
139 6 100
138 6 100
137 6 100
136 6 100
136 6 2450
135 6 100
135 6 2450
134 6 100
134 6 2450
133 6 100
133 6 2450
132 6 100
132 6 2450
131 6 100
131 6 2450
130 6 100
130 6 2450
129 6 100
129 6 2450
128 6 100
128 6 2450
127 6 100
127 6 2450
126 6 100
126 6 2450
125 6 100
125 6 2450
124 6 100
124 6 2450
123 6 100
123 6 2450
122 6 100
122 6 2450
121 6 100
121 6 2450
120 6 100
120 6 2450
119 6 100
119 6 2450
118 6 100
118 6 2450
117 6 100
117 6 2450
116 6 100
116 6 2450
115 6 100
115 6 2450
114 6 100
114 6 2450
113 6 100
113 6 2450
112 6 100
112 6 2450
111 6 100
111 6 2450
110 6 100
110 6 2450
109 6 100
109 6 2450
108 6 100
108 6 2450
107 6 100
107 6 2450
106 6 100
106 6 2450
105 6 100
105 6 2450
105 6 1225
104 6 100
104 6 2450
104 6 1225
103 6 100
103 6 2450
103 6 1225
102 6 100
102 6 2450
102 6 1225
101 6 100
101 6 2450
100 6 100
100 6 2450
99 6 100
99 6 2450
98 6 100
98 6 2450
98 6 1225
97 6 100
97 6 2450
97 6 1225
96 6 100
96 6 2450
96 6 1225
95 6 100
95 6 2450
95 6 1225
94 6 100
94 6 2450
94 6 1225
93 6 100
93 6 2450
93 6 1225
92 6 100
92 6 2450
92 6 1225
91 6 100
91 6 2450
91 6 1225
90 6 100
90 6 2450
90 6 1225
89 6 100
89 6 2450
89 6 1225
88 6 100
88 6 2450
87 6 100
87 6 2450
86 6 100
86 6 2450
85 6 100
85 6 2450
84 6 100
84 6 2450
83 6 100
83 6 2450
82 6 100
82 6 2450
81 6 100
81 6 2450
80 6 100
80 6 2450
79 6 100
79 6 2450
78 6 100
78 6 2450
77 6 100
77 6 2450
76 6 100
76 6 2450
75 6 100
75 6 2450
74 6 100
74 6 2450
73 6 100
72 6 100
71 6 100
70 6 100
69 6 100
68 6 100
67 6 100
66 6 100
65 6 100
64 6 100
63 6 100
62 6 100
61 6 100
60 6 100
59 6 100
58 6 100
58 6 2450
57 6 100
57 6 2450
56 6 100
56 6 2450
55 6 100
55 6 2450
54 6 100
54 6 2450
53 6 100
53 6 2450
52 6 100
52 6 2450
51 6 100
51 6 2450
50 6 100
50 6 2450
49 6 100
49 6 2450
48 6 100
48 6 2450
47 6 100
47 6 2450
46 6 100
46 6 2450
45 6 100
45 6 2450
44 6 100
44 6 2450
43 6 100
43 6 2450
42 6 100
42 6 2450
41 6 100
41 6 2450
41 7 100
41 7 2450
41 8 100
41 8 2450
41 9 100
41 9 2450
41 10 100
41 10 2450
41 11 100
41 11 2450
41 12 100
41 12 2450
41 13 100
41 13 2450
41 14 100
41 14 2450
41 15 100
41 15 2450
41 16 100
41 16 2450
41 17 100
41 17 2450
41 18 100
41 18 2450
41 19 100
41 19 2450
41 20 100
41 20 2450
41 21 100
41 21 2450
41 22 100
41 22 2450
41 23 100
41 23 2450
41 24 100
41 24 2450
41 25 100
41 25 2450
41 26 100
41 26 2450
41 27 100
41 27 2450
41 28 100
41 28 2450
41 29 100
41 29 2450
41 30 100
41 31 100
41 32 100
41 33 100
41 34 100
41 35 100
41 36 100
41 37 100
41 38 100
41 39 100
41 40 100
41 41 100
41 42 100
41 43 100
41 44 100
41 45 100
41 46 100
41 47 100
41 48 100
41 49 100
41 50 100
41 51 100
41 52 100
41 53 100
41 54 100
41 55 100
41 56 100
41 57 100
41 58 100
41 59 100
41 60 100
41 61 100
41 62 100
41 63 100
41 64 100
41 65 100
41 66 100
41 67 100
41 68 100
41 69 100
41 70 100
41 71 100
41 72 100
41 73 100
41 74 100
41 75 100
41 76 100
41 77 100
41 78 100
41 79 100
41 80 100
41 81 100
41 82 100
41 82 2450
41 83 100
41 83 2450
41 84 100
41 84 2450
41 85 100
41 85 2450
41 86 100
41 86 2450
41 87 100
41 87 2450
41 88 100
41 88 2450
41 89 100
41 89 2450
41 90 100
41 90 2450
41 91 100
41 91 2450
41 92 100
41 92 2450
41 93 100
41 93 2450
41 94 100
41 94 2450
41 95 100
41 95 2450
41 96 100
41 96 2450
41 97 100
41 97 2450
41 98 100
41 98 2450
41 99 100
41 99 2450
41 100 100
41 100 2450
41 101 100
41 101 2450
41 102 100
41 102 2450
41 103 100
41 103 2450
41 104 100
41 104 2450
41 105 100
41 105 2450
41 106 100
41 106 2450
41 107 100
41 107 2450
41 108 100
41 108 2450
41 109 100
41 109 2450
41 110 100
41 110 2450
41 111 100
41 111 2450
41 112 100
41 112 2450
41 112 1225
41 113 100
41 113 2450
41 113 1225
41 114 100
41 114 2450
41 114 1225
41 115 100
41 115 2450
41 115 1225
41 116 100
41 116 2450
41 116 1225
41 117 100
41 117 2450
41 117 1225
41 117 612
41 118 100
41 118 2450
41 118 1225
41 118 612
41 119 100
41 119 2450
41 119 1225
41 119 612
41 120 100
41 120 2450
41 120 1225
41 120 612
41 121 100
41 121 2450
41 121 1225
41 121 612
41 122 100
41 122 2450
41 122 1225
41 122 612
41 123 100
41 123 2450
41 123 1225
41 123 612
41 124 100
41 124 2450
41 124 1225
41 125 100
41 125 2450
41 125 1225
41 126 100
41 126 2450
41 126 1225
41 127 100
41 127 2450
41 127 1225
41 128 100
41 128 2450
41 128 1225
41 129 100
41 129 2450
41 129 1225
41 130 100
41 130 2450
41 130 1225
41 131 100
41 131 2450
41 131 1225
41 132 100
41 132 2450
41 132 1225
41 133 100
41 133 2450
41 133 1225
41 134 100
41 134 2450
41 134 1225
41 135 100
41 135 2450
41 135 1225
41 136 100
41 136 2450
41 136 1225
41 137 100
41 137 2450
41 137 1225
41 138 100
41 138 2450
41 138 1225
41 139 100
41 139 2450
41 139 1225
41 140 100
41 140 2450
41 141 100
41 141 2450
41 142 100
41 142 2450
41 143 100
41 143 2450
41 144 100
41 144 2450
41 145 100
41 145 2450
41 146 100
41 146 2450
41 147 100
41 147 2450
41 148 100
41 148 2450
41 149 100
41 149 2450
41 150 100
41 150 2450
41 151 100
41 151 2450
41 152 100
41 153 100
41 154 100
41 155 100
41 156 100
41 157 100
41 158 100
41 159 100
41 160 100
41 161 100
41 162 100
41 163 100
41 164 100
41 165 100
41 166 100
41 167 100
41 168 100
41 169 100
103 107 100
102 107 100
101 107 100
100 107 100
99 107 100
98 107 100
97 107 100
96 107 100
95 107 100
94 107 100
93 107 100
92 107 100
91 107 100
90 107 100
89 107 100
88 107 100
87 107 100
86 107 100
85 107 100
84 107 100
83 107 100
83 107 2450
82 107 100
82 107 2450
81 107 100
81 107 2450
80 107 100
80 107 2450
79 107 100
79 107 2450
78 107 100
78 107 2450
77 107 100
77 107 2450
76 107 100
76 107 2450
75 107 100
75 107 2450
74 107 100
74 107 2450
73 107 100
73 107 2450
72 107 100
72 107 2450
71 107 100
71 107 2450
70 107 100
70 107 2450
69 107 100
69 107 2450
68 107 100
68 107 2450
67 107 100
67 107 2450
66 107 100
66 107 2450
65 107 100
65 107 2450
64 107 100
64 107 2450
63 107 100
63 107 2450
62 107 100
62 107 2450
61 107 100
61 107 2450
60 107 100
60 107 2450
60 107 1225
59 107 100
59 107 2450
59 107 1225
58 107 100
58 107 2450
58 107 1225
57 107 100
57 107 2450
57 107 1225
56 107 100
56 107 2450
56 107 1225
55 107 100
55 107 2450
55 107 1225
54 107 100
54 107 2450
54 107 1225
53 107 100
53 107 2450
53 107 1225
52 107 100
52 107 2450
52 107 1225
51 107 100
51 107 2450
50 107 100
50 107 2450
49 107 100
49 107 2450
48 107 100
48 107 2450
47 107 100
47 107 2450
46 107 100
46 107 2450
45 107 100
45 107 2450
44 107 100
44 107 2450
43 107 100
43 107 2450
42 107 100
42 107 2450
