103 161 100
102 161 100
101 161 100
100 161 100
99 161 100
98 161 100
97 161 100
96 161 100
95 161 100
94 161 100
93 161 100
92 161 100
91 161 100
90 161 100
89 161 100
88 161 100
87 161 100
86 161 100
85 161 100
84 161 100
83 161 100
82 161 100
81 161 100
80 161 100
79 161 100
78 161 100
77 161 100
76 161 100
75 161 100
74 161 100
73 161 100
72 161 100
71 161 100
70 161 100
69 161 100
68 161 100
67 161 100
66 161 100
65 161 100
64 161 100
63 161 100
62 161 100
62 161 2450
61 161 100
61 161 2450
60 161 100
60 161 2450
59 161 100
59 161 2450
58 161 100
58 161 2450
57 161 100
57 161 2450
56 161 100
56 161 2450
55 161 100
55 161 2450
54 161 100
54 161 2450
53 161 100
53 161 2450
52 161 100
52 161 2450
51 161 100
51 161 2450
50 161 100
50 161 2450
49 161 100
49 161 2450
48 161 100
48 161 2450
47 161 100
47 161 2450
46 161 100
46 161 2450
45 161 100
45 161 2450
44 161 100
44 161 2450
43 161 100
43 161 2450
42 161 100
42 161 2450
41 161 100
41 161 2450
40 161 100
40 161 2450
39 161 100
39 161 2450
39 160 100
39 160 2450
39 159 100
39 159 2450
39 158 100
39 158 2450
39 157 100
39 157 2450
39 156 100
39 156 2450
39 155 100
39 155 2450
39 154 100
39 154 2450
39 153 100
39 153 2450
39 152 100
39 152 2450
39 151 100
39 151 2450
39 150 100
39 150 2450
39 149 100
39 149 2450
39 148 100
39 148 2450
39 147 100
39 147 2450
39 146 100
39 146 2450
39 145 100
39 145 2450
39 144 100
39 144 2450
39 143 100
39 143 2450
39 142 100
39 142 2450
39 141 100
39 141 2450
39 140 100
39 140 2450
39 139 100
39 139 2450
39 138 100
39 138 2450
39 137 100
39 137 2450
39 136 100
39 136 2450
39 135 100
39 135 2450
39 134 100
39 134 2450
39 133 100
39 133 2450
39 132 100
39 132 2450
39 131 100
39 131 2450
39 130 100
39 130 2450
39 129 100
39 129 2450
39 128 100
39 128 2450
39 127 100
39 127 2450
39 126 100
39 126 2450
39 125 100
39 125 2450
39 124 100
39 124 2450
39 123 100
39 123 2450
39 122 100
39 122 2450
39 121 100
39 121 2450
39 120 100
39 120 2450
39 119 100
39 119 2450
39 118 100
39 118 2450
39 117 100
39 117 2450
39 116 100
39 116 2450
39 115 100
39 115 2450
39 114 100
39 114 2450
39 113 100
39 113 2450
39 112 100
39 112 2450
39 111 100
39 111 2450
39 110 100
39 110 2450
39 109 100
39 109 2450
39 108 100
39 108 2450
39 107 100
39 107 2450
39 106 100
39 106 2450
39 105 100
39 105 2450
39 105 1225
39 104 100
39 104 2450
39 104 1225
39 103 100
39 103 2450
39 103 1225
39 102 100
39 102 2450
39 102 1225
39 101 100
39 101 2450
39 101 1225
39 100 100
39 100 2450
39 100 1225
39 100 612
39 99 100
39 99 2450
39 99 1225
39 99 612
39 98 100
39 98 2450
39 98 1225
39 98 612
39 97 100
39 97 2450
39 97 1225
39 97 612
39 96 100
39 96 2450
39 96 1225
39 96 612
39 95 100
39 95 2450
39 95 1225
39 95 612
39 95 306
39 94 100
39 94 2450
39 94 1225
39 94 612
39 94 306
39 93 100
39 93 2450
39 93 1225
39 93 612
39 93 306
39 92 100
39 92 2450
39 92 1225
39 92 612
39 92 306
39 91 100
39 91 2450
39 91 1225
39 91 612
39 90 100
39 90 2450
39 90 1225
39 90 612
39 89 100
39 89 2450
39 89 1225
39 89 612
39 88 100
39 88 2450
39 88 1225
39 88 612
39 87 100
39 87 2450
39 87 1225
39 87 612
39 86 100
39 86 2450
39 86 1225
39 86 612
39 85 100
39 85 2450
39 85 1225
39 85 612
39 84 100
39 84 2450
39 84 1225
39 84 612
39 83 100
39 83 2450
39 83 1225
39 83 612
39 82 100
39 82 2450
39 82 1225
39 82 612
39 81 100
39 81 2450
39 81 1225
39 81 612
39 80 100
39 80 2450
39 80 1225
39 80 612
39 79 100
39 79 2450
39 79 1225
39 79 612
39 78 100
39 78 2450
39 78 1225
39 78 612
39 77 100
39 77 2450
39 77 1225
39 77 612
39 76 100
39 76 2450
39 76 1225
39 76 612
39 75 100
39 75 2450
39 75 1225
39 75 612
39 74 100
39 74 2450
39 74 1225
39 74 612
39 73 100
39 73 2450
39 73 1225
39 73 612
39 72 100
39 72 2450
39 72 1225
39 72 612
39 71 100
39 71 2450
39 71 1225
39 70 100
39 70 2450
39 70 1225
39 69 100
39 69 2450
39 69 1225
39 68 100
39 68 2450
39 68 1225
39 67 100
39 67 2450
39 67 1225
39 66 100
39 66 2450
39 66 1225
39 65 100
39 65 2450
39 64 100
39 64 2450
39 63 100
39 63 2450
39 62 100
39 62 2450
39 61 100
39 61 2450
39 60 100
39 60 2450
39 59 100
39 59 2450
39 58 100
39 58 2450
39 57 100
39 57 2450
39 56 100
39 56 2450
39 55 100
39 55 2450
39 54 100
39 54 2450
39 53 100
39 53 2450
39 52 100
39 52 2450
39 51 100
39 51 2450
39 50 100
39 50 2450
39 49 100
39 49 2450
39 48 100
39 48 2450
39 47 100
39 47 2450
39 46 100
39 46 2450
39 45 100
39 45 2450
39 44 100
39 44 2450
39 43 100
39 43 2450
39 42 100
39 42 2450
39 41 100
39 41 2450
39 40 100
39 40 2450
39 39 100
39 39 2450
39 38 100
39 38 2450
39 37 100
39 37 2450
39 36 100
39 36 2450
39 35 100
39 35 2450
39 34 100
39 34 2450
39 33 100
39 33 2450
39 32 100
39 32 2450
39 31 100
39 31 2450
39 30 100
39 30 2450
39 29 100
39 29 2450
39 28 100
39 28 2450
39 27 100
39 27 2450
39 26 100
39 26 2450
39 25 100
39 25 2450
39 24 100
39 24 2450
39 23 100
39 23 2450
39 22 100
39 22 2450
39 21 100
39 21 2450
39 20 100
39 20 2450
39 19 100
39 19 2450
39 18 100
39 18 2450
