127 10 100
128 10 100
129 10 100
130 10 100
131 10 100
132 10 100
133 10 100
134 10 100
135 10 100
136 10 100
137 10 100
138 10 100
138 10 2450
139 10 100
139 10 2450
140 10 100
140 10 2450
141 10 100
141 10 2450
142 10 100
142 10 2450
143 10 100
143 10 2450
144 10 100
144 10 2450
145 10 100
145 10 2450
146 10 100
146 10 2450
146 11 100
146 11 2450
146 12 100
146 12 2450
146 12 1225
146 13 100
146 13 2450
146 13 1225
146 14 100
146 14 2450
146 14 1225
146 15 100
146 15 2450
146 15 1225
146 16 100
146 16 2450
146 16 1225
146 17 100
146 17 2450
146 17 1225
146 18 100
146 18 2450
146 18 1225
146 19 100
146 19 2450
146 19 1225
146 20 100
146 20 2450
146 20 1225
146 21 100
146 21 2450
146 21 1225
146 22 100
146 22 2450
146 22 1225
146 23 100
146 23 2450
146 23 1225
146 24 100
146 24 2450
146 24 1225
146 25 100
146 25 2450
146 25 1225
146 26 100
146 26 2450
146 26 1225
146 27 100
146 27 2450
146 27 1225
146 28 100
146 28 2450
146 29 100
146 29 2450
146 30 100
146 30 2450
146 31 100
146 31 2450
146 32 100
146 32 2450
146 33 100
146 33 2450
146 34 100
146 34 2450
146 35 100
146 35 2450
146 36 100
146 36 2450
146 37 100
146 38 100
146 39 100
146 40 100
146 41 100
146 42 100
146 43 100
165 199 100
164 199 100
163 199 100
162 199 100
161 199 100
160 199 100
159 199 100
158 199 100
158 199 2450
157 199 100
157 199 2450
156 199 100
156 199 2450
155 199 100
155 199 2450
154 199 100
154 199 2450
153 199 100
153 199 2450
152 199 100
152 199 2450
151 199 100
151 199 2450
150 199 100
150 199 2450
149 199 100
149 199 2450
148 199 100
148 199 2450
147 199 100
147 199 2450
146 199 100
146 199 2450
146 199 1225
146 198 100
146 198 2450
146 198 1225
146 197 100
146 197 2450
146 197 1225
146 196 100
146 196 2450
146 196 1225
146 195 100
146 195 2450
146 195 1225
146 194 100
146 194 2450
146 194 1225
146 193 100
146 193 2450
146 193 1225
146 193 612
146 192 100
146 192 2450
146 192 1225
146 192 612
146 191 100
146 191 2450
146 191 1225
146 191 612
146 190 100
146 190 2450
146 190 1225
146 190 612
146 189 100
146 189 2450
146 189 1225
146 189 612
146 188 100
146 188 2450
146 188 1225
146 188 612
146 187 100
146 187 2450
146 187 1225
146 187 612
146 186 100
146 186 2450
146 186 1225
146 186 612
146 185 100
146 185 2450
146 185 1225
146 184 100
146 184 2450
146 184 1225
146 183 100
146 183 2450
146 183 1225
146 182 100
146 182 2450
146 182 1225
146 181 100
146 181 2450
146 180 100
146 180 2450
146 179 100
146 179 2450
146 178 100
146 178 2450
146 177 100
146 177 2450
146 176 100
146 176 2450
146 175 100
146 175 2450
146 174 100
146 174 2450
146 173 100
146 173 2450
146 172 100
146 172 2450
146 171 100
146 171 2450
146 170 100
146 170 2450
146 169 100
146 169 2450
146 168 100
146 168 2450
146 167 100
146 167 2450
146 166 100
146 166 2450
146 165 100
146 165 2450
146 164 100
146 164 2450
146 163 100
146 163 2450
146 162 100
146 162 2450
146 161 100
146 161 2450
146 160 100
146 160 2450
146 159 100
146 159 2450
146 158 100
146 158 2450
146 157 100
146 157 2450
146 156 100
146 156 2450
146 155 100
146 155 2450
146 154 100
146 154 2450
146 153 100
146 153 2450
146 152 100
146 152 2450
146 151 100
146 151 2450
146 150 100
146 150 2450
146 149 100
146 149 2450
146 148 100
146 148 2450
146 147 100
146 147 2450
146 146 100
146 146 2450
146 145 100
146 145 2450
146 144 100
146 144 2450
146 143 100
146 142 100
146 141 100
146 140 100
146 139 100
146 138 100
146 137 100
146 136 100
146 135 100
146 134 100
146 133 100
146 132 100
146 131 100
146 130 100
146 129 100
146 128 100
146 127 100
146 126 100
146 125 100
146 124 100
146 123 100
146 122 100
146 122 2450
146 121 100
146 121 2450
146 120 100
146 120 2450
146 119 100
146 119 2450
146 118 100
146 118 2450
146 117 100
146 117 2450
146 116 100
146 116 2450
146 115 100
146 115 2450
146 114 100
146 114 2450
146 113 100
146 112 100
146 111 100
146 110 100
146 109 100
146 108 100
146 107 100
146 106 100
146 105 100
146 104 100
146 103 100
146 102 100
146 101 100
146 100 100
146 99 100
146 98 100
146 97 100
146 96 100
146 95 100
146 94 100
146 93 100
146 92 100
146 91 100
146 90 100
146 89 100
146 88 100
146 87 100
146 86 100
146 85 100
146 84 100
146 83 100
146 82 100
146 81 100
146 80 100
146 79 100
146 78 100
146 77 100
146 76 100
146 75 100
146 74 100
146 73 100
146 72 100
146 71 100
146 70 100
146 70 2450
146 69 100
146 69 2450
146 68 100
146 68 2450
146 67 100
146 67 2450
146 66 100
146 66 2450
146 65 100
146 65 2450
146 64 100
146 64 2450
146 63 100
146 63 2450
146 62 100
146 62 2450
146 61 100
146 61 2450
146 60 100
146 60 2450
146 59 100
146 59 2450
146 58 100
146 58 2450
146 57 100
146 57 2450
146 56 100
146 56 2450
146 55 100
146 55 2450
146 54 100
146 54 2450
146 53 100
146 53 2450
146 52 100
146 52 2450
146 51 100
146 51 2450
146 50 100
146 50 2450
146 49 100
146 49 2450
146 48 100
146 48 2450
146 47 100
146 47 2450
146 46 100
146 46 2450
146 45 100
146 45 2450
146 44 100
50 123 100
51 123 100
52 123 100
53 123 100
54 123 100
55 123 100
56 123 100
57 123 100
58 123 100
59 123 100
60 123 100
61 123 100
62 123 100
63 123 100
64 123 100
65 123 100
66 123 100
67 123 100
68 123 100
69 123 100
70 123 100
71 123 100
72 123 100
73 123 100
74 123 100
75 123 100
76 123 100
77 123 100
78 123 100
79 123 100
80 123 100
81 123 100
82 123 100
82 123 2450
83 123 100
83 123 2450
84 123 100
84 123 2450
85 123 100
85 123 2450
86 123 100
86 123 2450
87 123 100
87 123 2450
88 123 100
88 123 2450
89 123 100
89 123 2450
90 123 100
90 123 2450
90 123 1225
91 123 100
91 123 2450
91 123 1225
92 123 100
92 123 2450
92 123 1225
93 123 100
93 123 2450
93 123 1225
94 123 100
94 123 2450
94 123 1225
95 123 100
95 123 2450
95 123 1225
96 123 100
96 123 2450
96 123 1225
97 123 100
97 123 2450
97 123 1225
98 123 100
98 123 2450
98 123 1225
99 123 100
99 123 2450
99 123 1225
100 123 100
100 123 2450
100 123 1225
101 123 100
101 123 2450
102 123 100
102 123 2450
103 123 100
103 123 2450
104 123 100
104 123 2450
105 123 100
105 123 2450
106 123 100
106 123 2450
107 123 100
107 123 2450
108 123 100
108 123 2450
109 123 100
109 123 2450
110 123 100
110 123 2450
111 123 100
111 123 2450
112 123 100
112 123 2450
113 123 100
113 123 2450
114 123 100
114 123 2450
115 123 100
115 123 2450
116 123 100
116 123 2450
117 123 100
117 123 2450
118 123 100
118 123 2450
119 123 100
119 123 2450
120 123 100
120 123 2450
121 123 100
121 123 2450
122 123 100
122 123 2450
122 123 1225
123 123 100
123 123 2450
123 123 1225
124 123 100
124 123 2450
125 123 100
125 123 2450
126 123 100
126 123 2450
127 123 100
127 123 2450
128 123 100
128 123 2450
129 123 100
129 123 2450
130 123 100
130 123 2450
131 123 100
131 123 2450
132 123 100
132 123 2450
133 123 100
133 123 2450
134 123 100
134 123 2450
135 123 100
136 123 100
137 123 100
138 123 100
139 123 100
140 123 100
141 123 100
142 123 100
143 123 100
144 123 100
145 123 100
168 20 100
167 20 100
166 20 100
165 20 100
164 20 100
163 20 100
162 20 100
161 20 100
161 20 2450
160 20 100
160 20 2450
159 20 100
159 20 2450
158 20 100
158 20 2450
157 20 100
157 20 2450
156 20 100
156 20 2450
155 20 100
155 20 2450
154 20 100
154 20 2450
153 20 100
153 20 2450
152 20 100
152 20 2450
151 20 100
151 20 2450
150 20 100
150 20 2450
149 20 100
149 20 2450
148 20 100
148 20 2450
148 20 1225
147 20 100
147 20 2450
147 20 1225
76 15 100
77 15 100
78 15 100
79 15 100
80 15 100
81 15 100
82 15 100
83 15 100
84 15 100
85 15 100
86 15 100
87 15 100
88 15 100
89 15 100
90 15 100
91 15 100
92 15 100
93 15 100
94 15 100
95 15 100
96 15 100
97 15 100
98 15 100
99 15 100
100 15 100
101 15 100
101 15 2450
102 15 100
102 15 2450
103 15 100
103 15 2450
104 15 100
104 15 2450
105 15 100
105 15 2450
106 15 100
106 15 2450
107 15 100
107 15 2450
108 15 100
108 15 2450
109 15 100
109 15 2450
110 15 100
110 15 2450
111 15 100
111 15 2450
112 15 100
112 15 2450
113 15 100
113 15 2450
114 15 100
115 15 100
116 15 100
117 15 100
118 15 100
119 15 100
120 15 100
121 15 100
122 15 100
123 15 100
124 15 100
125 15 100
126 15 100
127 15 100
128 15 100
129 15 100
130 15 100
131 15 100
132 15 100
133 15 100
134 15 100
135 15 100
135 15 2450
136 15 100
136 15 2450
137 15 100
137 15 2450
138 15 100
138 15 2450
139 15 100
139 15 2450
140 15 100
140 15 2450
141 15 100
141 15 2450
142 15 100
142 15 2450
143 15 100
143 15 2450
144 15 100
144 15 2450
144 15 1225
145 15 100
145 15 2450
145 15 1225
199 71 100
198 71 100
197 71 100
196 71 100
195 71 100
194 71 100
193 71 100
192 71 100
191 71 100
190 71 100
189 71 100
189 71 2450
188 71 100
188 71 2450
187 71 100
187 71 2450
186 71 100
186 71 2450
185 71 100
185 71 2450
184 71 100
184 71 2450
183 71 100
183 71 2450
182 71 100
182 71 2450
181 71 100
181 71 2450
180 71 100
180 71 2450
179 71 100
179 71 2450
178 71 100
178 71 2450
178 71 1225
177 71 100
177 71 2450
177 71 1225
176 71 100
176 71 2450
176 71 1225
175 71 100
175 71 2450
175 71 1225
175 71 612
174 71 100
174 71 2450
174 71 1225
174 71 612
173 71 100
173 71 2450
173 71 1225
173 71 612
172 71 100
172 71 2450
172 71 1225
172 71 612
171 71 100
171 71 2450
171 71 1225
171 71 612
170 71 100
170 71 2450
170 71 1225
170 71 612
169 71 100
169 71 2450
169 71 1225
169 71 612
168 71 100
168 71 2450
168 71 1225
168 71 612
167 71 100
167 71 2450
167 71 1225
167 71 612
166 71 100
166 71 2450
166 71 1225
165 71 100
165 71 2450
165 71 1225
164 71 100
164 71 2450
164 71 1225
163 71 100
163 71 2450
163 71 1225
162 71 100
162 71 2450
161 71 100
161 71 2450
160 71 100
160 71 2450
159 71 100
159 71 2450
158 71 100
158 71 2450
157 71 100
157 71 2450
156 71 100
156 71 2450
155 71 100
155 71 2450
154 71 100
154 71 2450
153 71 100
153 71 2450
152 71 100
152 71 2450
151 71 100
151 71 2450
150 71 100
150 71 2450
149 71 100
149 71 2450
148 71 100
148 71 2450
147 71 100
147 71 2450
141 133 100
142 133 100
143 133 100
144 133 100
145 133 100
138 80 100
139 80 100
140 80 100
141 80 100
142 80 100
143 80 100
144 80 100
145 80 100
12 158 100
13 158 100
14 158 100
15 158 100
16 158 100
17 158 100
18 158 100
19 158 100
20 158 100
21 158 100
21 158 2450
22 158 100
22 158 2450
23 158 100
23 158 2450
24 158 100
24 158 2450
25 158 100
25 158 2450
26 158 100
26 158 2450
27 158 100
27 158 2450
28 158 100
28 158 2450
29 158 100
29 158 2450
30 158 100
30 158 2450
31 158 100
31 158 2450
32 158 100
32 158 2450
32 158 1225
33 158 100
33 158 2450
33 158 1225
34 158 100
34 158 2450
34 158 1225
35 158 100
35 158 2450
35 158 1225
36 158 100
36 158 2450
36 158 1225
37 158 100
37 158 2450
37 158 1225
38 158 100
38 158 2450
38 158 1225
39 158 100
39 158 2450
39 158 1225
40 158 100
40 158 2450
40 158 1225
41 158 100
41 158 2450
42 158 100
42 158 2450
43 158 100
43 158 2450
44 158 100
44 158 2450
45 158 100
45 158 2450
46 158 100
46 158 2450
47 158 100
47 158 2450
48 158 100
48 158 2450
49 158 100
49 158 2450
50 158 100
50 158 2450
51 158 100
51 158 2450
52 158 100
52 158 2450
53 158 100
53 158 2450
54 158 100
54 158 2450
55 158 100
55 158 2450
56 158 100
56 158 2450
57 158 100
57 158 2450
58 158 100
58 158 2450
59 158 100
59 158 2450
60 158 100
60 158 2450
61 158 100
61 158 2450
62 158 100
62 158 2450
63 158 100
63 158 2450
64 158 100
64 158 2450
65 158 100
65 158 2450
66 158 100
66 158 2450
67 158 100
67 158 2450
68 158 100
68 158 2450
69 158 100
69 158 2450
70 158 100
70 158 2450
71 158 100
71 158 2450
72 158 100
72 158 2450
73 158 100
73 158 2450
74 158 100
74 158 2450
75 158 100
75 158 2450
76 158 100
76 158 2450
77 158 100
77 158 2450
78 158 100
79 158 100
80 158 100
81 158 100
82 158 100
83 158 100
84 158 100
85 158 100
86 158 100
87 158 100
88 158 100
89 158 100
90 158 100
91 158 100
92 158 100
93 158 100
94 158 100
95 158 100
96 158 100
97 158 100
98 158 100
99 158 100
100 158 100
101 158 100
102 158 100
102 158 2450
103 158 100
103 158 2450
104 158 100
104 158 2450
105 158 100
105 158 2450
106 158 100
106 158 2450
107 158 100
107 158 2450
108 158 100
108 158 2450
109 158 100
109 158 2450
110 158 100
110 158 2450
111 158 100
111 158 2450
112 158 100
112 158 2450
113 158 100
113 158 2450
114 158 100
114 158 2450
115 158 100
115 158 2450
116 158 100
116 158 2450
117 158 100
117 158 2450
118 158 100
118 158 2450
119 158 100
119 158 2450
120 158 100
120 158 2450
121 158 100
121 158 2450
122 158 100
122 158 2450
123 158 100
123 158 2450
124 158 100
124 158 2450
125 158 100
125 158 2450
126 158 100
126 158 2450
127 158 100
127 158 2450
128 158 100
128 158 2450
129 158 100
129 158 2450
130 158 100
130 158 2450
131 158 100
131 158 2450
132 158 100
132 158 2450
133 158 100
134 158 100
135 158 100
136 158 100
137 158 100
138 158 100
138 158 2450
139 158 100
139 158 2450
140 158 100
140 158 2450
141 158 100
141 158 2450
142 158 100
142 158 2450
143 158 100
143 158 2450
144 158 100
144 158 2450
145 158 100
145 158 2450
