27 122 100
26 122 100
25 122 100
24 122 100
23 122 100
22 122 100
21 122 100
20 122 100
20 122 2450
20 121 100
20 121 2450
20 120 100
20 120 2450
20 119 100
20 118 100
20 117 100
20 116 100
20 115 100
20 114 100
20 113 100
20 112 100
20 111 100
20 110 100
20 109 100
20 108 100
20 107 100
20 106 100
20 105 100
20 104 100
20 103 100
20 102 100
20 101 100
20 100 100
20 99 100
20 98 100
20 97 100
20 96 100
20 95 100
20 94 100
20 93 100
20 92 100
20 91 100
20 91 2450
20 90 100
20 90 2450
20 89 100
20 89 2450
20 88 100
20 88 2450
20 87 100
20 87 2450
20 86 100
20 86 2450
20 85 100
20 85 2450
20 84 100
20 84 2450
20 83 100
20 83 2450
20 82 100
20 82 2450
20 81 100
20 81 2450
20 80 100
20 80 2450
20 79 100
20 79 2450
20 78 100
20 78 2450
20 77 100
20 77 2450
20 76 100
20 76 2450
20 75 100
20 74 100
20 73 100
20 72 100
20 71 100
20 70 100
20 69 100
20 68 100
20 67 100
20 66 100
20 65 100
20 64 100
20 63 100
20 62 100
20 61 100
20 60 100
20 59 100
20 58 100
20 57 100
20 56 100
20 55 100
20 54 100
20 53 100
20 52 100
20 51 100
20 50 100
20 49 100
20 48 100
20 47 100
20 46 100
20 45 100
20 44 100
20 43 100
20 43 2450
20 42 100
20 42 2450
20 41 100
20 41 2450
20 40 100
20 40 2450
20 39 100
20 39 2450
20 38 100
20 38 2450
20 37 100
20 37 2450
20 36 100
20 36 2450
20 35 100
20 35 2450
20 34 100
20 34 2450
20 33 100
20 33 2450
20 32 100
20 32 2450
20 31 100
20 31 2450
20 30 100
20 30 2450
20 29 100
20 29 2450
20 28 100
20 28 2450
20 27 100
20 27 2450
20 26 100
20 26 2450
20 25 100
20 25 2450
20 24 100
20 24 2450
20 23 100
20 23 2450
20 22 100
20 22 2450
20 21 100
20 21 2450
20 20 100
20 20 2450
20 19 100
20 19 2450
20 18 100
20 18 2450
20 17 100
20 17 2450
20 16 100
20 16 2450
20 15 100
20 15 2450
20 14 100
20 14 2450
20 13 100
20 13 2450
20 12 100
20 12 2450
20 11 100
20 11 2450
20 10 100
20 10 2450
20 9 100
20 9 2450
20 8 100
20 8 2450
20 7 100
20 7 2450
20 6 100
20 5 100
20 4 100
20 3 100
51 105 100
50 105 100
49 105 100
48 105 100
47 105 100
46 105 100
45 105 100
44 105 100
43 105 100
42 105 100
41 105 100
40 105 100
39 105 100
38 105 100
37 105 100
36 105 100
35 105 100
34 105 100
33 105 100
32 105 100
31 105 100
30 105 100
29 105 100
28 105 100
27 105 100
26 105 100
25 105 100
24 105 100
23 105 100
22 105 100
21 105 100
118 100 100
117 100 100
116 100 100
115 100 100
114 100 100
113 100 100
112 100 100
111 100 100
110 100 100
109 100 100
108 100 100
107 100 100
107 100 2450
106 100 100
106 100 2450
105 100 100
105 100 2450
104 100 100
104 100 2450
103 100 100
103 100 2450
102 100 100
102 100 2450
101 100 100
101 100 2450
100 100 100
100 100 2450
99 100 100
99 100 2450
98 100 100
98 100 2450
97 100 100
97 100 2450
96 100 100
96 100 2450
95 100 100
95 100 2450
94 100 100
94 100 2450
93 100 100
93 100 2450
92 100 100
92 100 2450
91 100 100
91 100 2450
90 100 100
90 100 2450
89 100 100
89 100 2450
88 100 100
88 100 2450
87 100 100
87 100 2450
86 100 100
86 100 2450
86 100 1225
85 100 100
85 100 2450
85 100 1225
84 100 100
84 100 2450
84 100 1225
83 100 100
83 100 2450
83 100 1225
82 100 100
82 100 2450
82 100 1225
81 100 100
81 100 2450
80 100 100
80 100 2450
79 100 100
79 100 2450
78 100 100
78 100 2450
77 100 100
77 100 2450
76 100 100
76 100 2450
75 100 100
75 100 2450
74 100 100
74 100 2450
73 100 100
73 100 2450
72 100 100
72 100 2450
71 100 100
71 100 2450
70 100 100
70 100 2450
69 100 100
69 100 2450
68 100 100
68 100 2450
67 100 100
67 100 2450
66 100 100
66 100 2450
65 100 100
65 100 2450
64 100 100
64 100 2450
63 100 100
63 100 2450
62 100 100
62 100 2450
61 100 100
60 100 100
59 100 100
58 100 100
57 100 100
56 100 100
55 100 100
54 100 100
53 100 100
52 100 100
51 100 100
50 100 100
49 100 100
48 100 100
47 100 100
46 100 100
45 100 100
44 100 100
43 100 100
42 100 100
41 100 100
40 100 100
39 100 100
38 100 100
37 100 100
36 100 100
35 100 100
34 100 100
33 100 100
32 100 100
31 100 100
30 100 100
29 100 100
28 100 100
27 100 100
26 100 100
25 100 100
24 100 100
23 100 100
22 100 100
21 100 100
150 84 100
149 84 100
148 84 100
147 84 100
147 84 2450
146 84 100
146 84 2450
145 84 100
145 84 2450
144 84 100
144 84 2450
143 84 100
143 84 2450
142 84 100
142 84 2450
141 84 100
141 84 2450
140 84 100
140 84 2450
139 84 100
139 84 2450
138 84 100
138 84 2450
137 84 100
137 84 2450
136 84 100
136 84 2450
135 84 100
135 84 2450
134 84 100
134 84 2450
133 84 100
133 84 2450
132 84 100
132 84 2450
131 84 100
131 84 2450
130 84 100
130 84 2450
129 84 100
129 84 2450
128 84 100
128 84 2450
127 84 100
127 84 2450
126 84 100
126 84 2450
125 84 100
125 84 2450
124 84 100
124 84 2450
123 84 100
123 84 2450
122 84 100
122 84 2450
121 84 100
121 84 2450
120 84 100
120 84 2450
119 84 100
119 84 2450
118 84 100
118 84 2450
117 84 100
117 84 2450
116 84 100
116 84 2450
115 84 100
115 84 2450
114 84 100
114 84 2450
113 84 100
113 84 2450
112 84 100
112 84 2450
111 84 100
111 84 2450
110 84 100
110 84 2450
109 84 100
109 84 2450
108 84 100
108 84 2450
107 84 100
107 84 2450
106 84 100
106 84 2450
105 84 100
105 84 2450
104 84 100
104 84 2450
103 84 100
103 84 2450
102 84 100
102 84 2450
101 84 100
101 84 2450
100 84 100
100 84 2450
99 84 100
99 84 2450
98 84 100
98 84 2450
98 84 1225
97 84 100
97 84 2450
97 84 1225
96 84 100
96 84 2450
96 84 1225
95 84 100
95 84 2450
95 84 1225
95 84 612
94 84 100
94 84 2450
94 84 1225
94 84 612
93 84 100
93 84 2450
93 84 1225
93 84 612
92 84 100
92 84 2450
92 84 1225
92 84 612
92 84 306
91 84 100
91 84 2450
91 84 1225
91 84 612
91 84 306
90 84 100
90 84 2450
90 84 1225
90 84 612
90 84 306
89 84 100
89 84 2450
89 84 1225
89 84 612
88 84 100
88 84 2450
88 84 1225
88 84 612
87 84 100
87 84 2450
87 84 1225
87 84 612
86 84 100
86 84 2450
86 84 1225
86 84 612
85 84 100
85 84 2450
85 84 1225
85 84 612
84 84 100
84 84 2450
84 84 1225
84 84 612
83 84 100
83 84 2450
83 84 1225
83 84 612
82 84 100
82 84 2450
82 84 1225
82 84 612
81 84 100
81 84 2450
81 84 1225
81 84 612
81 84 306
80 84 100
80 84 2450
80 84 1225
80 84 612
80 84 306
79 84 100
79 84 2450
79 84 1225
79 84 612
79 84 306
78 84 100
78 84 2450
78 84 1225
78 84 612
78 84 306
77 84 100
77 84 2450
77 84 1225
77 84 612
76 84 100
76 84 2450
76 84 1225
76 84 612
75 84 100
75 84 2450
75 84 1225
75 84 612
74 84 100
74 84 2450
74 84 1225
73 84 100
73 84 2450
73 84 1225
72 84 100
72 84 2450
72 84 1225
71 84 100
71 84 2450
71 84 1225
70 84 100
70 84 2450
70 84 1225
69 84 100
69 84 2450
69 84 1225
68 84 100
68 84 2450
68 84 1225
67 84 100
67 84 2450
66 84 100
66 84 2450
65 84 100
65 84 2450
64 84 100
64 84 2450
63 84 100
63 84 2450
62 84 100
62 84 2450
61 84 100
61 84 2450
60 84 100
60 84 2450
59 84 100
59 84 2450
58 84 100
58 84 2450
57 84 100
57 84 2450
56 84 100
56 84 2450
55 84 100
55 84 2450
54 84 100
54 84 2450
53 84 100
53 84 2450
52 84 100
52 84 2450
51 84 100
50 84 100
49 84 100
48 84 100
47 84 100
46 84 100
45 84 100
44 84 100
43 84 100
42 84 100
41 84 100
40 84 100
39 84 100
38 84 100
37 84 100
36 84 100
35 84 100
34 84 100
33 84 100
32 84 100
31 84 100
30 84 100
29 84 100
28 84 100
27 84 100
26 84 100
25 84 100
25 84 2450
24 84 100
24 84 2450
23 84 100
23 84 2450
22 84 100
22 84 2450
21 84 100
21 84 2450
93 191 100
92 191 100
91 191 100
90 191 100
89 191 100
88 191 100
87 191 100
86 191 100
85 191 100
84 191 100
83 191 100
82 191 100
81 191 100
80 191 100
79 191 100
78 191 100
77 191 100
76 191 100
75 191 100
74 191 100
73 191 100
72 191 100
71 191 100
70 191 100
69 191 100
68 191 100
67 191 100
66 191 100
65 191 100
64 191 100
64 191 2450
63 191 100
63 191 2450
62 191 100
62 191 2450
61 191 100
61 191 2450
60 191 100
60 191 2450
59 191 100
59 191 2450
58 191 100
58 191 2450
57 191 100
57 191 2450
56 191 100
56 191 2450
55 191 100
55 191 2450
54 191 100
54 191 2450
53 191 100
53 191 2450
52 191 100
52 191 2450
51 191 100
51 191 2450
50 191 100
50 191 2450
49 191 100
49 191 2450
48 191 100
48 191 2450
47 191 100
47 191 2450
46 191 100
46 191 2450
45 191 100
45 191 2450
44 191 100
44 191 2450
43 191 100
43 191 2450
42 191 100
42 191 2450
41 191 100
41 191 2450
40 191 100
40 191 2450
39 191 100
38 191 100
37 191 100
36 191 100
35 191 100
34 191 100
33 191 100
32 191 100
31 191 100
30 191 100
29 191 100
28 191 100
27 191 100
26 191 100
25 191 100
24 191 100
24 191 2450
23 191 100
23 191 2450
22 191 100
22 191 2450
21 191 100
21 191 2450
20 191 100
20 191 2450
20 190 100
20 190 2450
20 189 100
20 188 100
20 187 100
20 186 100
20 185 100
20 184 100
20 183 100
20 182 100
20 181 100
20 180 100
20 179 100
20 178 100
20 177 100
20 176 100
20 175 100
20 174 100
20 173 100
20 172 100
20 171 100
20 170 100
20 169 100
20 168 100
20 167 100
20 166 100
20 165 100
20 164 100
20 163 100
20 162 100
20 161 100
20 160 100
20 159 100
20 158 100
20 157 100
20 156 100
20 155 100
20 154 100
20 153 100
20 152 100
20 151 100
20 150 100
20 149 100
20 148 100
20 147 100
20 146 100
20 145 100
20 144 100
20 143 100
20 142 100
20 141 100
20 140 100
20 139 100
20 139 2450
20 138 100
20 138 2450
20 137 100
20 137 2450
20 136 100
20 136 2450
20 135 100
20 135 2450
20 134 100
20 133 100
20 132 100
20 131 100
20 130 100
20 129 100
20 128 100
20 127 100
20 126 100
20 125 100
20 124 100
20 123 100
20 123 2450
57 46 100
56 46 100
55 46 100
54 46 100
53 46 100
52 46 100
51 46 100
50 46 100
49 46 100
48 46 100
47 46 100
46 46 100
45 46 100
44 46 100
43 46 100
42 46 100
41 46 100
40 46 100
39 46 100
38 46 100
37 46 100
36 46 100
35 46 100
34 46 100
33 46 100
32 46 100
31 46 100
30 46 100
29 46 100
28 46 100
27 46 100
26 46 100
25 46 100
24 46 100
23 46 100
22 46 100
21 46 100
