70 84 100
69 84 100
68 84 100
67 84 100
66 84 100
65 84 100
64 84 100
63 84 100
62 84 100
61 84 100
60 84 100
59 84 100
58 84 100
57 84 100
56 84 100
55 84 100
54 84 100
53 84 100
52 84 100
51 84 100
50 84 100
49 84 100
48 84 100
48 84 2450
47 84 100
47 84 2450
46 84 100
46 84 2450
45 84 100
45 84 2450
44 84 100
44 84 2450
43 84 100
43 84 2450
42 84 100
42 84 2450
41 84 100
41 84 2450
40 84 100
40 84 2450
39 84 100
39 84 2450
38 84 100
38 84 2450
38 84 1225
37 84 100
37 84 2450
37 84 1225
36 84 100
36 84 2450
36 84 1225
35 84 100
35 84 2450
35 84 1225
34 84 100
34 84 2450
33 84 100
33 84 2450
32 84 100
32 84 2450
31 84 100
31 84 2450
30 84 100
30 84 2450
29 84 100
29 84 2450
28 84 100
28 84 2450
27 84 100
27 84 2450
26 84 100
26 84 2450
25 84 100
25 84 2450
24 84 100
23 84 100
22 84 100
21 84 100
20 84 100
19 84 100
18 84 100
18 85 100
18 86 100
18 87 100
18 88 100
18 89 100
18 90 100
18 91 100
18 92 100
18 93 100
18 94 100
18 95 100
18 96 100
18 97 100
18 98 100
18 99 100
18 100 100
18 101 100
18 102 100
18 103 100
18 104 100
18 105 100
18 106 100
18 107 100
18 108 100
18 109 100
18 110 100
18 111 100
18 112 100
18 113 100
18 114 100
18 115 100
18 116 100
18 117 100
18 118 100
18 119 100
18 119 2450
18 120 100
18 120 2450
18 121 100
18 121 2450
18 122 100
18 122 2450
18 123 100
18 123 2450
18 124 100
18 124 2450
18 125 100
18 125 2450
18 126 100
18 126 2450
18 127 100
18 127 2450
18 128 100
18 128 2450
18 129 100
18 129 2450
18 130 100
18 130 2450
18 131 100
18 131 2450
18 132 100
18 132 2450
18 133 100
18 133 2450
18 134 100
18 134 2450
18 135 100
18 135 2450
18 136 100
18 136 2450
18 137 100
18 137 2450
18 138 100
18 138 2450
18 139 100
18 139 2450
18 140 100
18 140 2450
18 141 100
18 141 2450
18 142 100
18 142 2450
18 143 100
18 143 2450
18 143 1225
18 144 100
18 144 2450
18 144 1225
18 145 100
18 145 2450
18 145 1225
18 146 100
18 146 2450
18 146 1225
18 146 612
18 147 100
18 147 2450
18 147 1225
18 147 612
18 148 100
18 148 2450
18 148 1225
18 148 612
18 149 100
18 149 2450
18 149 1225
18 149 612
18 150 100
18 150 2450
18 150 1225
18 150 612
18 151 100
18 151 2450
18 151 1225
18 151 612
18 152 100
18 152 2450
18 152 1225
18 153 100
18 153 2450
18 153 1225
18 154 100
18 154 2450
18 155 100
18 155 2450
18 156 100
18 156 2450
18 157 100
18 157 2450
18 158 100
18 158 2450
18 159 100
18 159 2450
18 160 100
18 160 2450
18 161 100
18 161 2450
18 162 100
18 163 100
18 164 100
18 165 100
18 166 100
18 167 100
18 168 100
18 169 100
18 170 100
18 171 100
18 172 100
18 173 100
11 10 100
12 10 100
13 10 100
14 10 100
15 10 100
16 10 100
17 10 100
18 10 100
18 10 2450
18 11 100
18 11 2450
18 12 100
18 12 2450
18 13 100
18 13 2450
18 14 100
18 14 2450
18 15 100
18 15 2450
18 16 100
18 16 2450
18 17 100
18 17 2450
18 18 100
18 18 2450
18 19 100
18 19 2450
18 20 100
18 20 2450
18 21 100
18 21 2450
18 22 100
18 22 2450
18 23 100
18 23 2450
18 24 100
18 24 2450
18 25 100
18 25 2450
18 26 100
18 26 2450
18 27 100
18 27 2450
18 28 100
18 28 2450
18 29 100
18 29 2450
18 30 100
18 30 2450
18 31 100
18 31 2450
18 32 100
18 32 2450
18 33 100
18 33 2450
18 34 100
18 34 2450
18 35 100
18 35 2450
18 36 100
18 36 2450
18 37 100
18 37 2450
18 38 100
18 38 2450
18 39 100
18 39 2450
18 40 100
18 40 2450
18 41 100
18 41 2450
18 42 100
18 42 2450
18 43 100
18 43 2450
18 44 100
18 44 2450
18 45 100
18 45 2450
18 46 100
18 47 100
18 48 100
18 49 100
18 50 100
18 51 100
18 52 100
18 53 100
18 54 100
18 55 100
18 56 100
18 57 100
18 58 100
18 59 100
18 60 100
18 61 100
18 62 100
18 63 100
18 64 100
18 65 100
18 66 100
18 67 100
18 68 100
18 69 100
18 70 100
18 71 100
18 72 100
18 73 100
18 74 100
18 75 100
18 76 100
18 77 100
18 78 100
18 79 100
18 80 100
18 81 100
18 82 100
18 83 100
131 184 100
130 184 100
129 184 100
128 184 100
127 184 100
126 184 100
125 184 100
124 184 100
123 184 100
122 184 100
122 184 2450
121 184 100
121 184 2450
120 184 100
120 184 2450
119 184 100
119 184 2450
118 184 100
118 184 2450
117 184 100
117 184 2450
116 184 100
116 184 2450
115 184 100
115 184 2450
114 184 100
114 184 2450
113 184 100
113 184 2450
112 184 100
112 184 2450
111 184 100
111 184 2450
110 184 100
110 184 2450
109 184 100
109 184 2450
108 184 100
108 184 2450
107 184 100
107 184 2450
106 184 100
106 184 2450
105 184 100
105 184 2450
104 184 100
104 184 2450
103 184 100
103 184 2450
102 184 100
102 184 2450
101 184 100
101 184 2450
100 184 100
100 184 2450
99 184 100
99 184 2450
98 184 100
98 184 2450
97 184 100
97 184 2450
96 184 100
96 184 2450
95 184 100
95 184 2450
94 184 100
94 184 2450
93 184 100
93 184 2450
92 184 100
92 184 2450
91 184 100
91 184 2450
90 184 100
90 184 2450
89 184 100
89 184 2450
88 184 100
88 184 2450
87 184 100
87 184 2450
86 184 100
86 184 2450
85 184 100
85 184 2450
84 184 100
84 184 2450
83 184 100
83 184 2450
82 184 100
82 184 2450
81 184 100
81 184 2450
80 184 100
80 184 2450
79 184 100
79 184 2450
78 184 100
78 184 2450
77 184 100
77 184 2450
76 184 100
76 184 2450
75 184 100
75 184 2450
74 184 100
74 184 2450
73 184 100
73 184 2450
72 184 100
72 184 2450
71 184 100
71 184 2450
70 184 100
69 184 100
68 184 100
67 184 100
66 184 100
65 184 100
64 184 100
63 184 100
62 184 100
61 184 100
60 184 100
59 184 100
58 184 100
57 184 100
56 184 100
55 184 100
54 184 100
53 184 100
53 184 2450
52 184 100
52 184 2450
51 184 100
51 184 2450
50 184 100
50 184 2450
49 184 100
49 184 2450
48 184 100
48 184 2450
47 184 100
47 184 2450
46 184 100
46 184 2450
45 184 100
45 184 2450
44 184 100
44 184 2450
43 184 100
43 184 2450
42 184 100
42 184 2450
41 184 100
41 184 2450
40 184 100
40 184 2450
39 184 100
39 184 2450
38 184 100
38 184 2450
37 184 100
37 184 2450
36 184 100
36 184 2450
35 184 100
34 184 100
33 184 100
32 184 100
31 184 100
30 184 100
29 184 100
28 184 100
27 184 100
26 184 100
25 184 100
24 184 100
23 184 100
22 184 100
21 184 100
20 184 100
19 184 100
18 184 100
18 183 100
18 182 100
18 181 100
18 180 100
18 179 100
18 178 100
18 177 100
18 176 100
18 175 100
18 174 100
