62 77 100
62 77 2450
61 77 100
61 77 2450
60 77 100
60 77 2450
59 77 100
59 77 2450
58 77 100
58 77 2450
57 77 100
57 77 2450
56 77 100
56 77 2450
55 77 100
55 77 2450
54 77 100
54 77 2450
53 77 100
53 77 2450
52 77 100
52 77 2450
51 77 100
51 77 2450
50 77 100
50 77 2450
49 77 100
49 77 2450
48 77 100
48 77 2450
47 77 100
47 77 2450
46 77 100
46 77 2450
45 77 100
45 77 2450
44 77 100
44 77 2450
43 77 100
43 77 2450
42 77 100
42 77 2450
41 77 100
41 77 2450
41 77 1225
40 77 100
40 77 2450
40 77 1225
39 77 100
39 77 2450
39 77 1225
38 77 100
38 77 2450
38 77 1225
37 77 100
37 77 2450
37 77 1225
36 77 100
36 77 2450
36 77 1225
35 77 100
35 77 2450
35 77 1225
34 77 100
34 77 2450
34 77 1225
33 77 100
33 77 2450
33 77 1225
32 77 100
32 77 2450
32 77 1225
31 77 100
31 77 2450
31 77 1225
31 77 612
30 77 100
30 77 2450
30 77 1225
30 77 612
29 77 100
29 77 2450
29 77 1225
29 77 612
28 77 100
28 77 2450
28 77 1225
28 77 612
28 77 306
27 77 100
27 77 2450
27 77 1225
27 77 612
27 77 306
26 77 100
26 77 2450
26 77 1225
26 77 612
26 77 306
26 77 153
25 77 100
25 77 2450
25 77 1225
25 77 612
25 77 306
25 77 153
24 77 100
24 77 2450
24 77 1225
24 77 612
24 77 306
24 77 153
24 77 77
23 77 100
23 77 2450
23 77 1225
23 77 612
23 77 306
23 77 153
22 77 100
22 77 2450
22 77 1225
22 77 612
22 77 306
22 77 153
21 77 100
21 77 2450
21 77 1225
21 77 612
21 77 306
21 77 153
20 77 100
20 77 2450
20 77 1225
20 77 612
20 77 306
19 77 100
19 77 2450
19 77 1225
19 77 612
19 77 306
19 78 100
19 78 2450
19 78 1225
19 78 612
19 78 306
19 79 100
19 79 2450
19 79 1225
19 79 612
19 79 306
19 80 100
19 80 2450
19 80 1225
19 80 612
19 81 100
19 81 2450
19 81 1225
19 81 612
19 82 100
19 82 2450
19 82 1225
19 82 612
19 83 100
19 83 2450
19 83 1225
19 83 612
19 83 306
19 84 100
19 84 2450
19 84 1225
19 84 612
19 84 306
19 85 100
19 85 2450
19 85 1225
19 85 612
19 85 306
19 86 100
19 86 2450
19 86 1225
19 86 612
19 86 306
19 87 100
19 87 2450
19 87 1225
19 87 612
19 87 306
19 88 100
19 88 2450
19 88 1225
19 88 612
19 88 306
19 89 100
19 89 2450
19 89 1225
19 89 612
19 89 306
19 90 100
19 90 2450
19 90 1225
19 90 612
19 90 306
19 91 100
19 91 2450
19 91 1225
19 91 612
19 91 306
19 92 100
19 92 2450
19 92 1225
19 92 612
19 93 100
19 93 2450
19 93 1225
19 93 612
19 94 100
19 94 2450
19 94 1225
19 94 612
19 95 100
19 95 2450
19 95 1225
19 96 100
19 96 2450
19 96 1225
19 97 100
19 97 2450
19 97 1225
19 98 100
19 98 2450
19 98 1225
19 99 100
19 99 2450
19 99 1225
19 100 100
19 100 2450
19 100 1225
19 101 100
19 101 2450
19 101 1225
19 102 100
19 102 2450
19 102 1225
19 103 100
19 103 2450
19 103 1225
19 104 100
19 104 2450
19 104 1225
19 105 100
19 105 2450
19 106 100
19 106 2450
19 107 100
19 107 2450
19 108 100
19 108 2450
19 109 100
19 109 2450
19 110 100
19 110 2450
19 111 100
19 111 2450
19 112 100
19 112 2450
19 113 100
19 113 2450
19 114 100
19 114 2450
19 115 100
19 115 2450
19 116 100
19 116 2450
19 117 100
19 117 2450
19 118 100
19 118 2450
19 119 100
19 119 2450
19 120 100
19 120 2450
19 121 100
19 121 2450
19 122 100
19 122 2450
19 123 100
19 123 2450
19 124 100
19 124 2450
19 125 100
19 125 2450
19 126 100
19 126 2450
19 127 100
19 127 2450
19 128 100
19 128 2450
19 129 100
19 129 2450
19 130 100
19 130 2450
19 131 100
19 131 2450
19 132 100
19 132 2450
19 133 100
19 133 2450
19 134 100
19 134 2450
19 135 100
19 135 2450
19 136 100
19 136 2450
19 137 100
19 137 2450
19 138 100
19 139 100
19 140 100
19 141 100
19 142 100
19 143 100
19 144 100
19 145 100
19 146 100
19 147 100
19 148 100
19 149 100
19 150 100
19 151 100
19 152 100
19 153 100
19 154 100
19 155 100
19 156 100
19 157 100
19 158 100
19 159 100
19 160 100
19 161 100
19 162 100
19 163 100
19 164 100
19 165 100
19 166 100
19 167 100
19 168 100
19 169 100
19 170 100
19 170 2450
19 171 100
19 171 2450
19 172 100
19 172 2450
146 38 100
146 38 2450
145 38 100
145 38 2450
144 38 100
144 38 2450
143 38 100
143 38 2450
142 38 100
142 38 2450
141 38 100
141 38 2450
140 38 100
140 38 2450
139 38 100
139 38 2450
138 38 100
138 38 2450
137 38 100
137 38 2450
136 38 100
136 38 2450
135 38 100
135 38 2450
134 38 100
134 38 2450
133 38 100
133 38 2450
132 38 100
132 38 2450
131 38 100
131 38 2450
130 38 100
130 38 2450
129 38 100
129 38 2450
128 38 100
128 38 2450
127 38 100
127 38 2450
126 38 100
126 38 2450
125 38 100
125 38 2450
124 38 100
124 38 2450
123 38 100
123 38 2450
122 38 100
122 38 2450
121 38 100
121 38 2450
120 38 100
120 38 2450
119 38 100
119 38 2450
118 38 100
118 38 2450
117 38 100
117 38 2450
116 38 100
116 38 2450
115 38 100
115 38 2450
114 38 100
114 38 2450
113 38 100
113 38 2450
112 38 100
112 38 2450
111 38 100
111 38 2450
110 38 100
110 38 2450
109 38 100
109 38 2450
108 38 100
108 38 2450
107 38 100
107 38 2450
106 38 100
106 38 2450
105 38 100
105 38 2450
104 38 100
104 38 2450
103 38 100
103 38 2450
102 38 100
102 38 2450
101 38 100
101 38 2450
100 38 100
100 38 2450
99 38 100
99 38 2450
98 38 100
98 38 2450
97 38 100
97 38 2450
96 38 100
96 38 2450
95 38 100
95 38 2450
94 38 100
94 38 2450
93 38 100
93 38 2450
92 38 100
92 38 2450
91 38 100
91 38 2450
90 38 100
90 38 2450
89 38 100
89 38 2450
88 38 100
88 38 2450
87 38 100
87 38 2450
86 38 100
86 38 2450
85 38 100
85 38 2450
84 38 100
84 38 2450
83 38 100
83 38 2450
82 38 100
82 38 2450
81 38 100
81 38 2450
80 38 100
80 38 2450
79 38 100
79 38 2450
78 38 100
78 38 2450
77 38 100
77 38 2450
76 38 100
76 38 2450
75 38 100
75 38 2450
74 38 100
74 38 2450
73 38 100
73 38 2450
72 38 100
72 38 2450
71 38 100
71 38 2450
70 38 100
70 38 2450
69 38 100
69 38 2450
68 38 100
68 38 2450
67 38 100
67 38 2450
66 38 100
66 38 2450
65 38 100
65 38 2450
64 38 100
64 38 2450
63 38 100
63 38 2450
62 38 100
62 38 2450
61 38 100
61 38 2450
60 38 100
60 38 2450
59 38 100
59 38 2450
58 38 100
58 38 2450
57 38 100
57 38 2450
56 38 100
56 38 2450
55 38 100
55 38 2450
54 38 100
54 38 2450
54 38 1225
53 38 100
53 38 2450
53 38 1225
52 38 100
52 38 2450
52 38 1225
51 38 100
51 38 2450
51 38 1225
50 38 100
50 38 2450
50 38 1225
49 38 100
49 38 2450
49 38 1225
48 38 100
48 38 2450
48 38 1225
47 38 100
47 38 2450
47 38 1225
46 38 100
46 38 2450
46 38 1225
45 38 100
45 38 2450
45 38 1225
44 38 100
44 38 2450
44 38 1225
43 38 100
43 38 2450
43 38 1225
42 38 100
42 38 2450
42 38 1225
41 38 100
41 38 2450
41 38 1225
40 38 100
40 38 2450
40 38 1225
40 38 612
39 38 100
39 38 2450
39 38 1225
39 38 612
38 38 100
38 38 2450
38 38 1225
38 38 612
37 38 100
37 38 2450
37 38 1225
36 38 100
36 38 2450
36 38 1225
35 38 100
35 38 2450
35 38 1225
34 38 100
34 38 2450
34 38 1225
33 38 100
33 38 2450
33 38 1225
32 38 100
32 38 2450
32 38 1225
31 38 100
31 38 2450
31 38 1225
30 38 100
30 38 2450
30 38 1225
29 38 100
29 38 2450
29 38 1225
28 38 100
28 38 2450
28 38 1225
27 38 100
27 38 2450
27 38 1225
26 38 100
26 38 2450
26 38 1225
25 38 100
25 38 2450
25 38 1225
24 38 100
24 38 2450
24 38 1225
23 38 100
23 38 2450
23 38 1225
22 38 100
22 38 2450
22 38 1225
21 38 100
21 38 2450
21 38 1225
20 38 100
20 38 2450
19 38 100
19 38 2450
19 39 100
19 39 2450
19 40 100
19 40 2450
19 40 1225
19 41 100
19 41 2450
19 41 1225
19 42 100
19 42 2450
19 42 1225
19 43 100
19 43 2450
19 43 1225
19 44 100
19 44 2450
19 44 1225
19 45 100
19 45 2450
19 45 1225
19 46 100
19 46 2450
19 46 1225
19 47 100
19 47 2450
19 47 1225
19 48 100
19 48 2450
19 48 1225
19 49 100
19 49 2450
19 49 1225
19 50 100
19 50 2450
19 50 1225
19 51 100
19 51 2450
19 52 100
19 52 2450
19 53 100
19 53 2450
19 54 100
19 54 2450
19 55 100
19 55 2450
19 55 1225
19 56 100
19 56 2450
19 56 1225
19 57 100
19 57 2450
19 57 1225
19 58 100
19 58 2450
19 58 1225
19 59 100
19 59 2450
19 59 1225
19 60 100
19 60 2450
19 60 1225
19 61 100
19 61 2450
19 61 1225
19 61 612
19 62 100
19 62 2450
19 62 1225
19 62 612
19 63 100
19 63 2450
19 63 1225
19 63 612
19 64 100
19 64 2450
19 64 1225
19 64 612
19 65 100
19 65 2450
19 65 1225
19 65 612
19 66 100
19 66 2450
19 66 1225
19 66 612
19 67 100
19 67 2450
19 67 1225
19 67 612
19 68 100
19 68 2450
19 68 1225
19 68 612
19 69 100
19 69 2450
19 69 1225
19 69 612
19 70 100
19 70 2450
19 70 1225
19 70 612
19 71 100
19 71 2450
19 71 1225
19 71 612
19 72 100
19 72 2450
19 72 1225
19 72 612
19 72 306
19 73 100
19 73 2450
19 73 1225
19 73 612
19 73 306
19 74 100
19 74 2450
19 74 1225
19 74 612
19 74 306
19 75 100
19 75 2450
19 75 1225
19 75 612
19 75 306
19 76 100
19 76 2450
19 76 1225
19 76 612
19 76 306
124 183 100
124 183 2450
123 183 100
123 183 2450
122 183 100
122 183 2450
121 183 100
121 183 2450
120 183 100
120 183 2450
119 183 100
119 183 2450
118 183 100
118 183 2450
117 183 100
117 183 2450
116 183 100
116 183 2450
115 183 100
115 183 2450
114 183 100
114 183 2450
113 183 100
113 183 2450
112 183 100
112 183 2450
111 183 100
111 183 2450
110 183 100
110 183 2450
109 183 100
109 183 2450
108 183 100
108 183 2450
107 183 100
107 183 2450
106 183 100
106 183 2450
105 183 100
105 183 2450
104 183 100
104 183 2450
103 183 100
103 183 2450
102 183 100
102 183 2450
101 183 100
101 183 2450
100 183 100
100 183 2450
99 183 100
99 183 2450
98 183 100
98 183 2450
97 183 100
97 183 2450
96 183 100
96 183 2450
95 183 100
95 183 2450
94 183 100
94 183 2450
93 183 100
93 183 2450
92 183 100
92 183 2450
91 183 100
91 183 2450
90 183 100
90 183 2450
89 183 100
89 183 2450
88 183 100
88 183 2450
87 183 100
87 183 2450
86 183 100
86 183 2450
85 183 100
85 183 2450
84 183 100
84 183 2450
83 183 100
83 183 2450
82 183 100
82 183 2450
81 183 100
81 183 2450
80 183 100
80 183 2450
79 183 100
79 183 2450
78 183 100
78 183 2450
77 183 100
77 183 2450
76 183 100
76 183 2450
75 183 100
75 183 2450
74 183 100
74 183 2450
73 183 100
73 183 2450
72 183 100
72 183 2450
71 183 100
71 183 2450
70 183 100
70 183 2450
69 183 100
69 183 2450
68 183 100
68 183 2450
67 183 100
67 183 2450
66 183 100
66 183 2450
65 183 100
65 183 2450
64 183 100
64 183 2450
63 183 100
63 183 2450
62 183 100
62 183 2450
61 183 100
61 183 2450
60 183 100
59 183 100
58 183 100
57 183 100
56 183 100
55 183 100
54 183 100
53 183 100
52 183 100
51 183 100
50 183 100
49 183 100
48 183 100
47 183 100
46 183 100
45 183 100
44 183 100
43 183 100
42 183 100
41 183 100
40 183 100
40 183 2450
39 183 100
39 183 2450
38 183 100
38 183 2450
37 183 100
37 183 2450
36 183 100
36 183 2450
35 183 100
35 183 2450
34 183 100
34 183 2450
33 183 100
33 183 2450
32 183 100
32 183 2450
31 183 100
31 183 2450
30 183 100
30 183 2450
29 183 100
29 183 2450
28 183 100
28 183 2450
27 183 100
27 183 2450
26 183 100
26 183 2450
25 183 100
25 183 2450
24 183 100
24 183 2450
23 183 100
23 183 2450
22 183 100
22 183 2450
21 183 100
21 183 2450
20 183 100
20 183 2450
19 183 100
19 183 2450
19 182 100
19 182 2450
19 181 100
19 181 2450
19 180 100
19 180 2450
19 179 100
19 179 2450
19 178 100
19 178 2450
19 177 100
19 177 2450
19 176 100
19 176 2450
19 175 100
19 175 2450
19 174 100
19 174 2450
19 173 100
19 173 2450
60 115 100
60 115 2450
59 115 100
59 115 2450
58 115 100
58 115 2450
57 115 100
56 115 100
55 115 100
55 115 2450
54 115 100
54 115 2450
53 115 100
53 115 2450
52 115 100
52 115 2450
51 115 100
51 115 2450
50 115 100
50 115 2450
49 115 100
49 115 2450
48 115 100
48 115 2450
47 115 100
47 115 2450
46 115 100
46 115 2450
45 115 100
45 115 2450
44 115 100
44 115 2450
43 115 100
43 115 2450
42 115 100
42 115 2450
41 115 100
41 115 2450
40 115 100
40 115 2450
39 115 100
39 115 2450
38 115 100
38 115 2450
37 115 100
37 115 2450
36 115 100
36 115 2450
35 115 100
35 115 2450
34 115 100
34 115 2450
33 115 100
33 115 2450
32 115 100
32 115 2450
31 115 100
31 115 2450
30 115 100
30 115 2450
29 115 100
29 115 2450
28 115 100
28 115 2450
27 115 100
27 115 2450
26 115 100
26 115 2450
25 115 100
25 115 2450
24 115 100
24 115 2450
23 115 100
23 115 2450
22 115 100
22 115 2450
21 115 100
21 115 2450
20 115 100
20 115 2450
59 152 100
58 152 100
57 152 100
56 152 100
55 152 100
54 152 100
53 152 100
52 152 100
51 152 100
50 152 100
49 152 100
48 152 100
47 152 100
46 152 100
45 152 100
44 152 100
43 152 100
42 152 100
41 152 100
40 152 100
39 152 100
38 152 100
37 152 100
36 152 100
35 152 100
34 152 100
33 152 100
32 152 100
31 152 100
30 152 100
29 152 100
28 152 100
27 152 100
26 152 100
25 152 100
24 152 100
23 152 100
22 152 100
21 152 100
20 152 100
157 84 100
157 84 2450
156 84 100
156 84 2450
155 84 100
155 84 2450
154 84 100
154 84 2450
153 84 100
153 84 2450
153 84 1225
152 84 100
152 84 2450
152 84 1225
151 84 100
151 84 2450
151 84 1225
150 84 100
150 84 2450
150 84 1225
149 84 100
149 84 2450
149 84 1225
148 84 100
148 84 2450
148 84 1225
147 84 100
147 84 2450
147 84 1225
146 84 100
146 84 2450
146 84 1225
145 84 100
145 84 2450
145 84 1225
144 84 100
144 84 2450
144 84 1225
143 84 100
143 84 2450
143 84 1225
142 84 100
142 84 2450
142 84 1225
141 84 100
141 84 2450
141 84 1225
140 84 100
140 84 2450
140 84 1225
140 84 612
139 84 100
139 84 2450
139 84 1225
139 84 612
138 84 100
138 84 2450
138 84 1225
138 84 612
137 84 100
137 84 2450
137 84 1225
137 84 612
136 84 100
136 84 2450
136 84 1225
136 84 612
135 84 100
135 84 2450
135 84 1225
135 84 612
134 84 100
134 84 2450
134 84 1225
134 84 612
133 84 100
133 84 2450
133 84 1225
133 84 612
132 84 100
132 84 2450
132 84 1225
132 84 612
131 84 100
131 84 2450
131 84 1225
131 84 612
130 84 100
130 84 2450
130 84 1225
130 84 612
130 84 306
129 84 100
129 84 2450
129 84 1225
129 84 612
129 84 306
128 84 100
128 84 2450
128 84 1225
128 84 612
128 84 306
127 84 100
127 84 2450
127 84 1225
127 84 612
127 84 306
126 84 100
126 84 2450
126 84 1225
126 84 612
126 84 306
125 84 100
125 84 2450
125 84 1225
125 84 612
125 84 306
124 84 100
124 84 2450
124 84 1225
124 84 612
124 84 306
123 84 100
123 84 2450
123 84 1225
123 84 612
123 84 306
122 84 100
122 84 2450
122 84 1225
122 84 612
122 84 306
121 84 100
121 84 2450
121 84 1225
121 84 612
121 84 306
120 84 100
120 84 2450
120 84 1225
120 84 612
120 84 306
119 84 100
119 84 2450
119 84 1225
119 84 612
119 84 306
118 84 100
118 84 2450
118 84 1225
118 84 612
118 84 306
117 84 100
117 84 2450
117 84 1225
117 84 612
117 84 306
116 84 100
116 84 2450
116 84 1225
116 84 612
116 84 306
115 84 100
115 84 2450
115 84 1225
115 84 612
115 84 306
114 84 100
114 84 2450
114 84 1225
114 84 612
114 84 306
113 84 100
113 84 2450
113 84 1225
113 84 612
112 84 100
112 84 2450
112 84 1225
112 84 612
111 84 100
111 84 2450
111 84 1225
111 84 612
110 84 100
110 84 2450
110 84 1225
109 84 100
109 84 2450
109 84 1225
108 84 100
108 84 2450
108 84 1225
107 84 100
107 84 2450
107 84 1225
106 84 100
106 84 2450
106 84 1225
105 84 100
105 84 2450
105 84 1225
104 84 100
104 84 2450
104 84 1225
103 84 100
103 84 2450
103 84 1225
102 84 100
102 84 2450
102 84 1225
101 84 100
101 84 2450
101 84 1225
100 84 100
100 84 2450
100 84 1225
99 84 100
99 84 2450
99 84 1225
98 84 100
98 84 2450
98 84 1225
97 84 100
97 84 2450
97 84 1225
96 84 100
96 84 2450
96 84 1225
95 84 100
95 84 2450
95 84 1225
94 84 100
94 84 2450
94 84 1225
93 84 100
93 84 2450
92 84 100
92 84 2450
91 84 100
91 84 2450
90 84 100
90 84 2450
89 84 100
89 84 2450
88 84 100
88 84 2450
87 84 100
87 84 2450
86 84 100
86 84 2450
85 84 100
85 84 2450
84 84 100
84 84 2450
83 84 100
83 84 2450
82 84 100
82 84 2450
81 84 100
81 84 2450
80 84 100
80 84 2450
79 84 100
79 84 2450
78 84 100
78 84 2450
77 84 100
77 84 2450
76 84 100
76 84 2450
75 84 100
75 84 2450
74 84 100
74 84 2450
73 84 100
73 84 2450
72 84 100
72 84 2450
71 84 100
71 84 2450
70 84 100
70 84 2450
69 84 100
69 84 2450
68 84 100
68 84 2450
67 84 100
67 84 2450
66 84 100
66 84 2450
65 84 100
65 84 2450
64 84 100
64 84 2450
63 84 100
63 84 2450
62 84 100
62 84 2450
61 84 100
61 84 2450
60 84 100
60 84 2450
59 84 100
59 84 2450
58 84 100
58 84 2450
57 84 100
57 84 2450
56 84 100
56 84 2450
55 84 100
55 84 2450
54 84 100
54 84 2450
53 84 100
53 84 2450
52 84 100
52 84 2450
51 84 100
51 84 2450
50 84 100
50 84 2450
49 84 100
49 84 2450
48 84 100
48 84 2450
47 84 100
47 84 2450
46 84 100
46 84 2450
45 84 100
45 84 2450
44 84 100
44 84 2450
43 84 100
43 84 2450
42 84 100
42 84 2450
41 84 100
41 84 2450
40 84 100
40 84 2450
39 84 100
39 84 2450
38 84 100
38 84 2450
37 84 100
37 84 2450
36 84 100
36 84 2450
35 84 100
35 84 2450
34 84 100
34 84 2450
34 84 1225
33 84 100
33 84 2450
33 84 1225
32 84 100
32 84 2450
32 84 1225
31 84 100
31 84 2450
31 84 1225
30 84 100
30 84 2450
30 84 1225
30 84 612
29 84 100
29 84 2450
29 84 1225
29 84 612
28 84 100
28 84 2450
28 84 1225
28 84 612
27 84 100
27 84 2450
27 84 1225
27 84 612
27 84 306
26 84 100
26 84 2450
26 84 1225
26 84 612
26 84 306
25 84 100
25 84 2450
25 84 1225
25 84 612
25 84 306
24 84 100
24 84 2450
24 84 1225
24 84 612
24 84 306
24 84 153
23 84 100
23 84 2450
23 84 1225
23 84 612
23 84 306
23 84 153
22 84 100
22 84 2450
22 84 1225
22 84 612
22 84 306
21 84 100
21 84 2450
21 84 1225
21 84 612
21 84 306
20 84 100
20 84 2450
20 84 1225
20 84 612
20 84 306
119 10 100
119 10 2450
118 10 100
118 10 2450
117 10 100
117 10 2450
116 10 100
116 10 2450
115 10 100
115 10 2450
114 10 100
114 10 2450
113 10 100
113 10 2450
112 10 100
112 10 2450
111 10 100
111 10 2450
110 10 100
110 10 2450
109 10 100
109 10 2450
108 10 100
108 10 2450
107 10 100
107 10 2450
106 10 100
106 10 2450
105 10 100
105 10 2450
104 10 100
104 10 2450
103 10 100
103 10 2450
102 10 100
102 10 2450
101 10 100
101 10 2450
100 10 100
100 10 2450
99 10 100
99 10 2450
98 10 100
98 10 2450
97 10 100
97 10 2450
96 10 100
96 10 2450
95 10 100
95 10 2450
94 10 100
94 10 2450
93 10 100
93 10 2450
92 10 100
92 10 2450
91 10 100
91 10 2450
90 10 100
90 10 2450
89 10 100
89 10 2450
88 10 100
88 10 2450
87 10 100
87 10 2450
86 10 100
86 10 2450
85 10 100
85 10 2450
84 10 100
84 10 2450
83 10 100
83 10 2450
82 10 100
82 10 2450
81 10 100
81 10 2450
80 10 100
80 10 2450
79 10 100
79 10 2450
78 10 100
78 10 2450
77 10 100
77 10 2450
76 10 100
76 10 2450
75 10 100
75 10 2450
74 10 100
74 10 2450
73 10 100
73 10 2450
72 10 100
72 10 2450
71 10 100
71 10 2450
70 10 100
70 10 2450
69 10 100
69 10 2450
68 10 100
68 10 2450
67 10 100
67 10 2450
66 10 100
66 10 2450
65 10 100
65 10 2450
64 10 100
64 10 2450
63 10 100
63 10 2450
62 10 100
62 10 2450
61 10 100
61 10 2450
60 10 100
60 10 2450
59 10 100
59 10 2450
58 10 100
58 10 2450
57 10 100
57 10 2450
56 10 100
56 10 2450
55 10 100
55 10 2450
54 10 100
54 10 2450
53 10 100
53 10 2450
52 10 100
52 10 2450
51 10 100
51 10 2450
50 10 100
50 10 2450
49 10 100
49 10 2450
48 10 100
48 10 2450
47 10 100
47 10 2450
46 10 100
46 10 2450
45 10 100
45 10 2450
44 10 100
44 10 2450
43 10 100
43 10 2450
42 10 100
42 10 2450
41 10 100
41 10 2450
40 10 100
40 10 2450
39 10 100
39 10 2450
38 10 100
38 10 2450
37 10 100
37 10 2450
36 10 100
36 10 2450
35 10 100
35 10 2450
34 10 100
34 10 2450
33 10 100
33 10 2450
32 10 100
32 10 2450
31 10 100
31 10 2450
30 10 100
30 10 2450
29 10 100
29 10 2450
28 10 100
28 10 2450
27 10 100
27 10 2450
26 10 100
26 10 2450
25 10 100
25 10 2450
24 10 100
24 10 2450
23 10 100
23 10 2450
22 10 100
22 10 2450
21 10 100
21 10 2450
20 10 100
20 10 2450
19 10 100
19 10 2450
19 11 100
19 11 2450
19 12 100
19 12 2450
19 13 100
19 13 2450
19 14 100
19 14 2450
19 15 100
19 15 2450
19 16 100
19 16 2450
19 17 100
19 17 2450
19 18 100
19 18 2450
19 19 100
19 19 2450
19 20 100
19 20 2450
19 21 100
19 21 2450
19 22 100
19 22 2450
19 23 100
19 23 2450
19 24 100
19 24 2450
19 25 100
19 25 2450
19 26 100
19 26 2450
19 27 100
19 27 2450
19 28 100
19 28 2450
19 29 100
19 29 2450
19 30 100
19 30 2450
19 31 100
19 31 2450
19 32 100
19 32 2450
19 33 100
19 33 2450
19 34 100
19 34 2450
19 35 100
19 35 2450
19 36 100
19 36 2450
19 37 100
19 37 2450
29 122 100
29 122 2450
28 122 100
28 122 2450
27 122 100
27 122 2450
26 122 100
26 122 2450
25 122 100
25 122 2450
24 122 100
24 122 2450
23 122 100
23 122 2450
22 122 100
22 122 2450
21 122 100
21 122 2450
20 122 100
20 122 2450
76 173 100
75 173 100
74 173 100
73 173 100
72 173 100
71 173 100
70 173 100
69 173 100
68 173 100
67 173 100
66 173 100
65 173 100
64 173 100
63 173 100
62 173 100
61 173 100
60 173 100
59 173 100
58 173 100
57 173 100
56 173 100
55 173 100
54 173 100
53 173 100
52 173 100
51 173 100
50 173 100
49 173 100
48 173 100
47 173 100
46 173 100
45 173 100
44 173 100
43 173 100
42 173 100
41 173 100
40 173 100
39 173 100
39 173 2450
38 173 100
38 173 2450
37 173 100
37 173 2450
36 173 100
36 173 2450
35 173 100
35 173 2450
34 173 100
34 173 2450
33 173 100
33 173 2450
32 173 100
32 173 2450
31 173 100
31 173 2450
30 173 100
30 173 2450
29 173 100
29 173 2450
28 173 100
28 173 2450
27 173 100
27 173 2450
26 173 100
26 173 2450
25 173 100
25 173 2450
24 173 100
24 173 2450
23 173 100
23 173 2450
22 173 100
22 173 2450
21 173 100
21 173 2450
20 173 100
20 173 2450
