113 13 100
113 13 2450
114 13 100
114 13 2450
115 13 100
115 13 2450
116 13 100
116 13 2450
117 13 100
117 13 2450
118 13 100
118 13 2450
119 13 100
119 13 2450
120 13 100
120 13 2450
121 13 100
121 13 2450
122 13 100
122 13 2450
123 13 100
123 13 2450
124 13 100
124 13 2450
125 13 100
125 13 2450
126 13 100
126 13 2450
127 13 100
127 13 2450
128 13 100
128 13 2450
129 13 100
129 13 2450
130 13 100
130 13 2450
131 13 100
131 13 2450
132 13 100
132 13 2450
133 13 100
133 13 2450
134 13 100
134 13 2450
135 13 100
135 13 2450
136 13 100
136 13 2450
137 13 100
137 13 2450
138 13 100
138 13 2450
139 13 100
139 13 2450
140 13 100
140 13 2450
141 13 100
141 13 2450
142 13 100
142 13 2450
143 13 100
143 13 2450
144 13 100
144 13 2450
145 13 100
145 13 2450
146 13 100
146 13 2450
147 13 100
147 13 2450
148 13 100
148 13 2450
148 14 100
148 14 2450
148 15 100
148 15 2450
148 16 100
148 16 2450
148 17 100
148 17 2450
148 18 100
148 18 2450
148 19 100
148 19 2450
148 20 100
148 20 2450
148 21 100
148 21 2450
148 22 100
148 22 2450
148 22 1225
148 23 100
148 23 2450
148 23 1225
148 24 100
148 24 2450
148 24 1225
148 25 100
148 25 2450
148 25 1225
148 25 612
148 26 100
148 26 2450
148 26 1225
148 26 612
148 27 100
148 27 2450
148 27 1225
148 27 612
148 28 100
148 28 2450
148 28 1225
148 28 612
148 29 100
148 29 2450
148 29 1225
148 29 612
148 30 100
148 30 2450
148 30 1225
148 30 612
148 30 306
148 31 100
148 31 2450
148 31 1225
148 31 612
148 31 306
148 32 100
148 32 2450
148 32 1225
148 32 612
148 32 306
148 33 100
148 33 2450
148 33 1225
148 33 612
148 34 100
148 34 2450
148 34 1225
148 34 612
148 35 100
148 35 2450
148 35 1225
148 35 612
148 36 100
148 36 2450
148 36 1225
148 36 612
148 37 100
148 37 2450
148 37 1225
148 37 612
148 38 100
148 38 2450
148 38 1225
148 39 100
148 39 2450
148 39 1225
148 40 100
148 40 2450
148 40 1225
148 41 100
148 41 2450
148 42 100
148 42 2450
148 43 100
148 43 2450
148 44 100
148 44 2450
148 45 100
148 45 2450
148 46 100
148 46 2450
148 47 100
148 47 2450
148 48 100
148 48 2450
148 49 100
148 49 2450
148 50 100
148 50 2450
148 51 100
148 51 2450
148 52 100
148 52 2450
148 53 100
148 53 2450
148 54 100
148 54 2450
148 55 100
148 56 100
148 57 100
148 58 100
148 59 100
148 60 100
148 61 100
148 62 100
148 63 100
148 64 100
148 65 100
148 66 100
148 67 100
130 175 100
131 175 100
132 175 100
133 175 100
134 175 100
135 175 100
136 175 100
137 175 100
138 175 100
139 175 100
140 175 100
141 175 100
142 175 100
143 175 100
144 175 100
145 175 100
146 175 100
147 175 100
148 175 100
148 174 100
148 173 100
148 172 100
148 172 2450
148 171 100
148 171 2450
148 170 100
148 170 2450
148 169 100
148 169 2450
148 168 100
148 168 2450
148 167 100
148 167 2450
148 166 100
148 166 2450
148 165 100
148 165 2450
148 164 100
148 164 2450
148 163 100
148 163 2450
148 162 100
148 162 2450
148 161 100
148 161 2450
148 160 100
148 160 2450
148 159 100
148 159 2450
148 158 100
148 158 2450
148 157 100
148 157 2450
148 156 100
148 156 2450
148 155 100
148 155 2450
148 154 100
148 154 2450
148 154 1225
148 153 100
148 153 2450
148 153 1225
148 152 100
148 152 2450
148 152 1225
148 151 100
148 151 2450
148 151 1225
148 150 100
148 150 2450
148 150 1225
148 149 100
148 149 2450
148 149 1225
148 148 100
148 148 2450
148 148 1225
148 147 100
148 147 2450
148 147 1225
148 147 612
148 146 100
148 146 2450
148 146 1225
148 146 612
148 145 100
148 145 2450
148 145 1225
148 145 612
148 144 100
148 144 2450
148 144 1225
148 144 612
148 143 100
148 143 2450
148 143 1225
148 143 612
148 142 100
148 142 2450
148 142 1225
148 142 612
148 141 100
148 141 2450
148 141 1225
148 141 612
148 140 100
148 140 2450
148 140 1225
148 139 100
148 139 2450
148 139 1225
148 138 100
148 138 2450
148 138 1225
148 137 100
148 137 2450
148 137 1225
148 136 100
148 136 2450
148 135 100
148 135 2450
148 134 100
148 134 2450
148 133 100
148 133 2450
148 132 100
148 132 2450
148 131 100
148 131 2450
148 130 100
148 130 2450
148 129 100
148 129 2450
148 128 100
148 128 2450
148 127 100
148 127 2450
148 126 100
148 126 2450
148 125 100
148 125 2450
148 124 100
148 124 2450
148 123 100
148 123 2450
148 122 100
148 122 2450
148 121 100
148 120 100
148 119 100
148 118 100
148 117 100
148 116 100
148 115 100
148 114 100
148 113 100
148 112 100
148 111 100
148 111 2450
148 110 100
148 110 2450
148 109 100
148 109 2450
148 108 100
148 108 2450
148 107 100
148 107 2450
148 106 100
148 106 2450
148 105 100
148 105 2450
148 104 100
148 104 2450
148 103 100
148 103 2450
148 102 100
148 102 2450
148 101 100
148 101 2450
148 100 100
148 100 2450
148 99 100
148 99 2450
148 98 100
148 98 2450
148 97 100
148 97 2450
148 97 1225
148 96 100
148 96 2450
148 96 1225
148 95 100
148 95 2450
148 95 1225
148 94 100
148 94 2450
148 94 1225
148 93 100
148 93 2450
148 93 1225
148 92 100
148 92 2450
148 92 1225
148 91 100
148 91 2450
148 91 1225
148 90 100
148 90 2450
148 90 1225
148 89 100
148 89 2450
148 89 1225
148 88 100
148 88 2450
148 88 1225
148 87 100
148 87 2450
148 87 1225
148 86 100
148 86 2450
148 85 100
148 85 2450
148 84 100
148 84 2450
148 83 100
148 83 2450
148 82 100
148 82 2450
148 81 100
148 81 2450
148 80 100
148 80 2450
148 79 100
148 79 2450
148 78 100
148 78 2450
148 77 100
148 77 2450
148 76 100
148 76 2450
148 75 100
148 75 2450
148 74 100
148 74 2450
148 73 100
148 73 2450
148 72 100
148 71 100
148 70 100
148 69 100
148 68 100
57 174 100
58 174 100
59 174 100
60 174 100
61 174 100
62 174 100
63 174 100
64 174 100
65 174 100
65 174 2450
66 174 100
66 174 2450
67 174 100
67 174 2450
68 174 100
68 174 2450
69 174 100
69 174 2450
70 174 100
70 174 2450
71 174 100
71 174 2450
72 174 100
72 174 2450
73 174 100
73 174 2450
74 174 100
74 174 2450
75 174 100
75 174 2450
76 174 100
76 174 2450
77 174 100
77 174 2450
78 174 100
78 174 2450
79 174 100
79 174 2450
80 174 100
80 174 2450
81 174 100
82 174 100
83 174 100
84 174 100
85 174 100
86 174 100
87 174 100
88 174 100
89 174 100
90 174 100
91 174 100
92 174 100
93 174 100
94 174 100
95 174 100
96 174 100
97 174 100
98 174 100
99 174 100
100 174 100
101 174 100
102 174 100
102 174 2450
103 174 100
103 174 2450
104 174 100
104 174 2450
105 174 100
105 174 2450
106 174 100
106 174 2450
107 174 100
107 174 2450
108 174 100
108 174 2450
109 174 100
109 174 2450
110 174 100
110 174 2450
111 174 100
111 174 2450
112 174 100
112 174 2450
113 174 100
113 174 2450
114 174 100
114 174 2450
115 174 100
115 174 2450
116 174 100
116 174 2450
117 174 100
117 174 2450
118 174 100
118 174 2450
119 174 100
119 174 2450
120 174 100
120 174 2450
121 174 100
121 174 2450
122 174 100
123 174 100
124 174 100
125 174 100
126 174 100
127 174 100
128 174 100
129 174 100
130 174 100
131 174 100
132 174 100
133 174 100
134 174 100
135 174 100
136 174 100
137 174 100
138 174 100
139 174 100
140 174 100
141 174 100
142 174 100
143 174 100
144 174 100
145 174 100
146 174 100
147 174 100
34 118 100
34 118 2450
35 118 100
35 118 2450
36 118 100
36 118 2450
37 118 100
37 118 2450
38 118 100
38 118 2450
39 118 100
39 118 2450
40 118 100
40 118 2450
41 118 100
41 118 2450
42 118 100
42 118 2450
43 118 100
43 118 2450
44 118 100
44 118 2450
45 118 100
45 118 2450
46 118 100
46 118 2450
47 118 100
47 118 2450
48 118 100
48 118 2450
49 118 100
49 118 2450
50 118 100
50 118 2450
51 118 100
51 118 2450
51 118 1225
52 118 100
52 118 2450
52 118 1225
53 118 100
53 118 2450
53 118 1225
54 118 100
54 118 2450
54 118 1225
55 118 100
55 118 2450
55 118 1225
56 118 100
56 118 2450
56 118 1225
57 118 100
57 118 2450
57 118 1225
58 118 100
58 118 2450
58 118 1225
59 118 100
59 118 2450
59 118 1225
60 118 100
60 118 2450
60 118 1225
61 118 100
61 118 2450
61 118 1225
62 118 100
62 118 2450
62 118 1225
63 118 100
63 118 2450
63 118 1225
64 118 100
64 118 2450
64 118 1225
65 118 100
65 118 2450
65 118 1225
66 118 100
66 118 2450
66 118 1225
67 118 100
67 118 2450
67 118 1225
68 118 100
68 118 2450
68 118 1225
69 118 100
69 118 2450
69 118 1225
70 118 100
70 118 2450
70 118 1225
71 118 100
71 118 2450
71 118 1225
72 118 100
72 118 2450
73 118 100
73 118 2450
74 118 100
74 118 2450
75 118 100
75 118 2450
76 118 100
76 118 2450
77 118 100
77 118 2450
78 118 100
78 118 2450
79 118 100
79 118 2450
80 118 100
80 118 2450
81 118 100
81 118 2450
82 118 100
82 118 2450
83 118 100
83 118 2450
84 118 100
84 118 2450
85 118 100
85 118 2450
86 118 100
86 118 2450
87 118 100
87 118 2450
88 118 100
88 118 2450
89 118 100
89 118 2450
90 118 100
90 118 2450
91 118 100
91 118 2450
92 118 100
92 118 2450
93 118 100
93 118 2450
94 118 100
94 118 2450
95 118 100
95 118 2450
96 118 100
96 118 2450
97 118 100
97 118 2450
98 118 100
99 118 100
100 118 100
101 118 100
102 118 100
103 118 100
104 118 100
105 118 100
106 118 100
107 118 100
108 118 100
109 118 100
110 118 100
111 118 100
112 118 100
113 118 100
114 118 100
115 118 100
116 118 100
117 118 100
118 118 100
119 118 100
120 118 100
121 118 100
122 118 100
123 118 100
124 118 100
125 118 100
126 118 100
127 118 100
128 118 100
129 118 100
130 118 100
131 118 100
132 118 100
133 118 100
134 118 100
135 118 100
136 118 100
137 118 100
138 118 100
139 118 100
140 118 100
141 118 100
142 118 100
143 118 100
144 118 100
145 118 100
146 118 100
147 118 100
40 64 100
41 64 100
42 64 100
43 64 100
44 64 100
45 64 100
46 64 100
47 64 100
48 64 100
49 64 100
50 64 100
51 64 100
52 64 100
53 64 100
54 64 100
55 64 100
56 64 100
57 64 100
58 64 100
59 64 100
60 64 100
61 64 100
62 64 100
63 64 100
64 64 100
65 64 100
66 64 100
67 64 100
68 64 100
69 64 100
70 64 100
71 64 100
72 64 100
73 64 100
74 64 100
75 64 100
76 64 100
77 64 100
78 64 100
79 64 100
80 64 100
81 64 100
82 64 100
83 64 100
84 64 100
85 64 100
86 64 100
87 64 100
88 64 100
89 64 100
90 64 100
91 64 100
92 64 100
92 64 2450
93 64 100
93 64 2450
94 64 100
94 64 2450
95 64 100
95 64 2450
96 64 100
96 64 2450
97 64 100
97 64 2450
98 64 100
98 64 2450
99 64 100
99 64 2450
100 64 100
100 64 2450
101 64 100
101 64 2450
102 64 100
102 64 2450
103 64 100
103 64 2450
104 64 100
104 64 2450
105 64 100
105 64 2450
106 64 100
106 64 2450
107 64 100
107 64 2450
108 64 100
108 64 2450
109 64 100
109 64 2450
110 64 100
110 64 2450
111 64 100
111 64 2450
112 64 100
112 64 2450
112 64 1225
113 64 100
113 64 2450
113 64 1225
114 64 100
114 64 2450
114 64 1225
115 64 100
115 64 2450
115 64 1225
115 64 612
116 64 100
116 64 2450
116 64 1225
116 64 612
117 64 100
117 64 2450
117 64 1225
117 64 612
118 64 100
118 64 2450
118 64 1225
118 64 612
118 64 306
119 64 100
119 64 2450
119 64 1225
119 64 612
119 64 306
120 64 100
120 64 2450
120 64 1225
120 64 612
120 64 306
121 64 100
121 64 2450
121 64 1225
121 64 612
121 64 306
122 64 100
122 64 2450
122 64 1225
122 64 612
122 64 306
123 64 100
123 64 2450
123 64 1225
123 64 612
124 64 100
124 64 2450
124 64 1225
124 64 612
125 64 100
125 64 2450
125 64 1225
125 64 612
126 64 100
126 64 2450
126 64 1225
126 64 612
127 64 100
127 64 2450
127 64 1225
128 64 100
128 64 2450
128 64 1225
129 64 100
129 64 2450
129 64 1225
130 64 100
130 64 2450
130 64 1225
131 64 100
131 64 2450
132 64 100
132 64 2450
133 64 100
133 64 2450
134 64 100
134 64 2450
135 64 100
135 64 2450
136 64 100
136 64 2450
137 64 100
138 64 100
139 64 100
140 64 100
141 64 100
142 64 100
143 64 100
144 64 100
145 64 100
146 64 100
147 64 100
54 11 100
55 11 100
56 11 100
57 11 100
58 11 100
59 11 100
59 11 2450
60 11 100
60 11 2450
61 11 100
61 11 2450
62 11 100
62 11 2450
63 11 100
63 11 2450
64 11 100
64 11 2450
65 11 100
65 11 2450
66 11 100
66 11 2450
67 11 100
67 11 2450
68 11 100
68 11 2450
69 11 100
69 11 2450
70 11 100
70 11 2450
71 11 100
71 11 2450
72 11 100
72 11 2450
73 11 100
73 11 2450
74 11 100
74 11 2450
75 11 100
75 11 2450
76 11 100
76 11 2450
77 11 100
77 11 2450
78 11 100
78 11 2450
79 11 100
79 11 2450
80 11 100
80 11 2450
81 11 100
81 11 2450
82 11 100
82 11 2450
83 11 100
83 11 2450
84 11 100
84 11 2450
85 11 100
85 11 2450
86 11 100
86 11 2450
87 11 100
87 11 2450
88 11 100
88 11 2450
88 11 1225
89 11 100
89 11 2450
89 11 1225
90 11 100
90 11 2450
90 11 1225
91 11 100
91 11 2450
91 11 1225
92 11 100
92 11 2450
92 11 1225
92 11 612
93 11 100
93 11 2450
93 11 1225
93 11 612
94 11 100
94 11 2450
94 11 1225
94 11 612
95 11 100
95 11 2450
95 11 1225
96 11 100
96 11 2450
96 11 1225
97 11 100
97 11 2450
97 11 1225
98 11 100
98 11 2450
98 11 1225
99 11 100
99 11 2450
99 11 1225
100 11 100
100 11 2450
101 11 100
101 11 2450
102 11 100
102 11 2450
103 11 100
103 11 2450
104 11 100
104 11 2450
105 11 100
105 11 2450
106 11 100
106 11 2450
107 11 100
107 11 2450
108 11 100
108 11 2450
109 11 100
109 11 2450
110 11 100
110 11 2450
111 11 100
111 11 2450
112 11 100
112 11 2450
113 11 100
113 11 2450
114 11 100
114 11 2450
115 11 100
115 11 2450
116 11 100
116 11 2450
117 11 100
117 11 2450
118 11 100
118 11 2450
119 11 100
119 11 2450
119 11 1225
120 11 100
120 11 2450
120 11 1225
121 11 100
121 11 2450
121 11 1225
122 11 100
122 11 2450
123 11 100
123 11 2450
124 11 100
124 11 2450
125 11 100
125 11 2450
126 11 100
126 11 2450
127 11 100
127 11 2450
128 11 100
128 11 2450
129 11 100
129 11 2450
130 11 100
130 11 2450
131 11 100
131 11 2450
132 11 100
132 11 2450
133 11 100
133 11 2450
134 11 100
134 11 2450
135 11 100
135 11 2450
136 11 100
136 11 2450
137 11 100
137 11 2450
138 11 100
138 11 2450
139 11 100
139 11 2450
140 11 100
140 11 2450
141 11 100
141 11 2450
142 11 100
142 11 2450
143 11 100
143 11 2450
144 11 100
144 11 2450
145 11 100
145 11 2450
146 11 100
146 11 2450
147 11 100
147 11 2450
148 11 100
148 11 2450
148 12 100
148 12 2450
165 116 100
164 116 100
163 116 100
162 116 100
161 116 100
160 116 100
159 116 100
158 116 100
157 116 100
156 116 100
155 116 100
154 116 100
153 116 100
152 116 100
151 116 100
150 116 100
149 116 100
