61 199 100
62 199 100
63 199 100
63 199 2450
64 199 100
64 199 2450
65 199 100
65 199 2450
66 199 100
66 199 2450
67 199 100
67 199 2450
68 199 100
68 199 2450
69 199 100
69 199 2450
70 199 100
70 199 2450
71 199 100
71 199 2450
72 199 100
72 199 2450
72 199 1225
73 199 100
73 199 2450
73 199 1225
74 199 100
74 199 2450
74 199 1225
75 199 100
75 199 2450
75 199 1225
76 199 100
76 199 2450
76 199 1225
77 199 100
77 199 2450
77 199 1225
77 199 612
78 199 100
78 199 2450
78 199 1225
78 199 612
79 199 100
79 199 2450
79 199 1225
79 199 612
80 199 100
80 199 2450
80 199 1225
80 199 612
80 199 306
81 199 100
81 199 2450
81 199 1225
81 199 612
81 199 306
82 199 100
82 199 2450
82 199 1225
82 199 612
83 199 100
83 199 2450
83 199 1225
83 199 612
84 199 100
84 199 2450
84 199 1225
84 199 612
85 199 100
85 199 2450
85 199 1225
86 199 100
86 199 2450
86 199 1225
87 199 100
87 199 2450
88 199 100
88 199 2450
89 199 100
89 199 2450
90 199 100
90 199 2450
91 199 100
91 199 2450
92 199 100
92 199 2450
93 199 100
93 199 2450
94 199 100
94 199 2450
95 199 100
96 199 100
97 199 100
98 199 100
99 199 100
100 199 100
101 199 100
102 199 100
103 199 100
104 199 100
105 199 100
105 199 2450
106 199 100
106 199 2450
107 199 100
107 199 2450
108 199 100
108 199 2450
109 199 100
109 199 2450
110 199 100
110 199 2450
111 199 100
111 199 2450
112 199 100
112 199 2450
112 198 100
112 198 2450
112 197 100
112 197 2450
112 196 100
112 196 2450
112 195 100
112 195 2450
112 194 100
112 194 2450
112 193 100
112 193 2450
112 192 100
112 192 2450
112 191 100
112 191 2450
112 190 100
112 190 2450
112 189 100
112 189 2450
112 188 100
112 188 2450
112 187 100
112 187 2450
112 186 100
112 186 2450
112 185 100
112 185 2450
112 184 100
112 184 2450
112 183 100
112 183 2450
112 182 100
112 182 2450
112 181 100
112 181 2450
112 180 100
112 180 2450
112 179 100
112 179 2450
112 178 100
112 178 2450
112 177 100
112 176 100
112 175 100
112 174 100
112 173 100
112 172 100
112 171 100
112 170 100
112 169 100
112 168 100
7 178 100
7 178 2450
8 178 100
8 178 2450
9 178 100
10 178 100
11 178 100
12 178 100
13 178 100
14 178 100
15 178 100
16 178 100
17 178 100
18 178 100
19 178 100
19 178 2450
20 178 100
20 178 2450
21 178 100
21 178 2450
22 178 100
22 178 2450
23 178 100
23 178 2450
24 178 100
24 178 2450
25 178 100
25 178 2450
26 178 100
26 178 2450
27 178 100
27 178 2450
28 178 100
28 178 2450
29 178 100
29 178 2450
30 178 100
30 178 2450
31 178 100
31 178 2450
32 178 100
32 178 2450
33 178 100
33 178 2450
34 178 100
34 178 2450
35 178 100
35 178 2450
36 178 100
36 178 2450
37 178 100
37 178 2450
38 178 100
38 178 2450
39 178 100
39 178 2450
40 178 100
40 178 2450
41 178 100
41 178 2450
42 178 100
42 178 2450
43 178 100
44 178 100
45 178 100
46 178 100
47 178 100
48 178 100
49 178 100
50 178 100
51 178 100
52 178 100
53 178 100
54 178 100
55 178 100
56 178 100
57 178 100
58 178 100
59 178 100
60 178 100
61 178 100
62 178 100
63 178 100
64 178 100
65 178 100
66 178 100
67 178 100
68 178 100
69 178 100
70 178 100
71 178 100
72 178 100
73 178 100
74 178 100
75 178 100
75 178 2450
76 178 100
76 178 2450
77 178 100
77 178 2450
78 178 100
78 178 2450
79 178 100
79 178 2450
80 178 100
81 178 100
82 178 100
83 178 100
84 178 100
85 178 100
86 178 100
87 178 100
88 178 100
89 178 100
90 178 100
91 178 100
92 178 100
93 178 100
94 178 100
95 178 100
96 178 100
97 178 100
98 178 100
99 178 100
100 178 100
101 178 100
102 178 100
103 178 100
104 178 100
105 178 100
106 178 100
107 178 100
108 178 100
109 178 100
110 178 100
111 178 100
111 178 2450
193 24 100
192 24 100
191 24 100
190 24 100
189 24 100
188 24 100
187 24 100
186 24 100
185 24 100
184 24 100
183 24 100
182 24 100
181 24 100
180 24 100
179 24 100
178 24 100
177 24 100
176 24 100
175 24 100
174 24 100
173 24 100
172 24 100
171 24 100
170 24 100
169 24 100
168 24 100
167 24 100
166 24 100
165 24 100
164 24 100
163 24 100
162 24 100
161 24 100
160 24 100
159 24 100
158 24 100
157 24 100
156 24 100
155 24 100
154 24 100
153 24 100
152 24 100
151 24 100
150 24 100
149 24 100
148 24 100
147 24 100
146 24 100
145 24 100
144 24 100
143 24 100
142 24 100
141 24 100
140 24 100
140 24 2450
139 24 100
139 24 2450
138 24 100
138 24 2450
137 24 100
137 24 2450
136 24 100
136 24 2450
135 24 100
135 24 2450
134 24 100
134 24 2450
133 24 100
133 24 2450
132 24 100
132 24 2450
131 24 100
131 24 2450
130 24 100
130 24 2450
129 24 100
129 24 2450
128 24 100
128 24 2450
127 24 100
127 24 2450
126 24 100
126 24 2450
125 24 100
125 24 2450
124 24 100
124 24 2450
123 24 100
123 24 2450
122 24 100
122 24 2450
121 24 100
121 24 2450
120 24 100
120 24 2450
119 24 100
119 24 2450
118 24 100
118 24 2450
117 24 100
117 24 2450
116 24 100
116 24 2450
115 24 100
115 24 2450
114 24 100
114 24 2450
113 24 100
113 24 2450
112 24 100
112 24 2450
112 25 100
112 25 2450
112 26 100
112 26 2450
112 27 100
112 27 2450
112 28 100
112 28 2450
112 29 100
112 29 2450
112 30 100
112 30 2450
112 31 100
112 31 2450
112 32 100
112 32 2450
112 33 100
112 33 2450
112 34 100
112 34 2450
112 35 100
112 35 2450
112 36 100
112 36 2450
112 37 100
112 37 2450
112 38 100
112 38 2450
112 39 100
112 39 2450
112 40 100
112 40 2450
112 41 100
112 41 2450
112 42 100
112 42 2450
112 43 100
112 43 2450
112 44 100
112 44 2450
112 45 100
112 45 2450
112 46 100
112 46 2450
112 47 100
112 47 2450
112 48 100
112 48 2450
112 49 100
112 49 2450
112 50 100
112 50 2450
112 51 100
112 51 2450
112 52 100
112 53 100
112 54 100
112 55 100
112 56 100
112 57 100
112 58 100
112 59 100
112 60 100
112 61 100
112 61 2450
112 62 100
112 62 2450
112 63 100
112 63 2450
112 64 100
112 64 2450
112 65 100
112 65 2450
112 66 100
112 66 2450
112 67 100
112 67 2450
112 68 100
112 68 2450
112 69 100
112 69 2450
112 70 100
112 70 2450
112 71 100
112 71 2450
112 72 100
112 72 2450
112 73 100
112 73 2450
112 74 100
112 75 100
112 76 100
112 77 100
112 78 100
112 79 100
112 80 100
112 81 100
112 82 100
112 83 100
112 84 100
112 85 100
112 86 100
112 87 100
112 88 100
112 89 100
112 90 100
112 91 100
112 92 100
112 93 100
112 94 100
112 94 2450
112 95 100
112 95 2450
112 96 100
112 96 2450
112 97 100
112 97 2450
112 98 100
112 98 2450
112 99 100
112 99 2450
112 100 100
112 100 2450
112 101 100
112 101 2450
112 102 100
112 102 2450
112 103 100
112 103 2450
112 104 100
112 104 2450
112 105 100
112 105 2450
112 106 100
112 106 2450
112 107 100
112 107 2450
112 108 100
112 108 2450
112 109 100
112 109 2450
112 110 100
112 110 2450
112 111 100
112 111 2450
112 112 100
112 112 2450
112 113 100
112 113 2450
112 114 100
112 114 2450
112 115 100
112 115 2450
112 116 100
112 116 2450
112 117 100
112 118 100
112 119 100
112 120 100
112 121 100
112 122 100
112 123 100
112 124 100
112 125 100
112 125 2450
112 126 100
112 126 2450
112 127 100
112 127 2450
112 128 100
112 128 2450
112 129 100
112 129 2450
112 130 100
112 130 2450
112 131 100
112 131 2450
112 132 100
112 132 2450
112 133 100
112 133 2450
112 134 100
112 134 2450
112 135 100
112 135 2450
112 136 100
112 136 2450
112 137 100
112 137 2450
112 138 100
112 138 2450
112 139 100
112 139 2450
112 140 100
112 140 2450
112 141 100
112 141 2450
112 142 100
112 142 2450
112 143 100
112 143 2450
112 144 100
112 144 2450
112 145 100
112 145 2450
112 146 100
112 147 100
112 148 100
112 149 100
112 150 100
112 151 100
112 152 100
112 153 100
112 154 100
112 155 100
112 156 100
112 157 100
112 158 100
112 159 100
112 160 100
112 161 100
112 162 100
112 163 100
112 164 100
112 165 100
112 166 100
112 167 100
160 46 100
159 46 100
158 46 100
157 46 100
156 46 100
155 46 100
154 46 100
153 46 100
152 46 100
151 46 100
150 46 100
149 46 100
148 46 100
147 46 100
146 46 100
145 46 100
144 46 100
143 46 100
142 46 100
141 46 100
140 46 100
139 46 100
138 46 100
138 46 2450
137 46 100
137 46 2450
136 46 100
136 46 2450
135 46 100
135 46 2450
134 46 100
134 46 2450
133 46 100
133 46 2450
132 46 100
132 46 2450
131 46 100
131 46 2450
130 46 100
130 46 2450
129 46 100
129 46 2450
128 46 100
128 46 2450
127 46 100
127 46 2450
126 46 100
126 46 2450
125 46 100
125 46 2450
124 46 100
124 46 2450
123 46 100
123 46 2450
122 46 100
122 46 2450
121 46 100
121 46 2450
120 46 100
120 46 2450
119 46 100
119 46 2450
118 46 100
118 46 2450
117 46 100
117 46 2450
116 46 100
116 46 2450
115 46 100
115 46 2450
114 46 100
114 46 2450
113 46 100
113 46 2450
1 57 100
2 57 100
3 57 100
4 57 100
5 57 100
6 57 100
7 57 100
8 57 100
9 57 100
10 57 100
11 57 100
12 57 100
13 57 100
14 57 100
15 57 100
16 57 100
17 57 100
17 57 2450
18 57 100
18 57 2450
19 57 100
19 57 2450
20 57 100
20 57 2450
21 57 100
21 57 2450
22 57 100
22 57 2450
23 57 100
23 57 2450
24 57 100
24 57 2450
25 57 100
25 57 2450
26 57 100
26 57 2450
27 57 100
27 57 2450
28 57 100
28 57 2450
29 57 100
29 57 2450
30 57 100
30 57 2450
31 57 100
31 57 2450
32 57 100
32 57 2450
33 57 100
33 57 2450
34 57 100
34 57 2450
35 57 100
35 57 2450
36 57 100
37 57 100
38 57 100
39 57 100
40 57 100
41 57 100
42 57 100
43 57 100
44 57 100
45 57 100
46 57 100
47 57 100
48 57 100
49 57 100
50 57 100
51 57 100
52 57 100
53 57 100
54 57 100
55 57 100
56 57 100
57 57 100
58 57 100
59 57 100
60 57 100
61 57 100
62 57 100
63 57 100
64 57 100
65 57 100
66 57 100
67 57 100
68 57 100
69 57 100
70 57 100
71 57 100
72 57 100
72 57 2450
73 57 100
73 57 2450
74 57 100
74 57 2450
75 57 100
75 57 2450
76 57 100
76 57 2450
77 57 100
77 57 2450
78 57 100
78 57 2450
79 57 100
79 57 2450
80 57 100
80 57 2450
81 57 100
81 57 2450
82 57 100
82 57 2450
83 57 100
83 57 2450
84 57 100
84 57 2450
85 57 100
85 57 2450
86 57 100
86 57 2450
87 57 100
87 57 2450
88 57 100
88 57 2450
89 57 100
89 57 2450
90 57 100
90 57 2450
91 57 100
91 57 2450
92 57 100
92 57 2450
93 57 100
93 57 2450
94 57 100
94 57 2450
95 57 100
95 57 2450
96 57 100
96 57 2450
97 57 100
97 57 2450
98 57 100
98 57 2450
99 57 100
99 57 2450
100 57 100
101 57 100
102 57 100
103 57 100
104 57 100
105 57 100
106 57 100
107 57 100
108 57 100
109 57 100
110 57 100
111 57 100
138 56 100
138 56 2450
137 56 100
137 56 2450
136 56 100
136 56 2450
135 56 100
135 56 2450
134 56 100
134 56 2450
133 56 100
133 56 2450
132 56 100
132 56 2450
131 56 100
131 56 2450
130 56 100
130 56 2450
129 56 100
129 56 2450
128 56 100
128 56 2450
127 56 100
127 56 2450
126 56 100
126 56 2450
125 56 100
125 56 2450
124 56 100
124 56 2450
123 56 100
123 56 2450
122 56 100
122 56 2450
121 56 100
121 56 2450
120 56 100
120 56 2450
119 56 100
118 56 100
117 56 100
116 56 100
115 56 100
114 56 100
113 56 100
139 140 100
138 140 100
137 140 100
136 140 100
135 140 100
134 140 100
133 140 100
132 140 100
131 140 100
130 140 100
129 140 100
128 140 100
127 140 100
126 140 100
125 140 100
124 140 100
123 140 100
122 140 100
121 140 100
120 140 100
119 140 100
118 140 100
117 140 100
116 140 100
115 140 100
114 140 100
113 140 100
113 140 2450
49 77 100
50 77 100
51 77 100
52 77 100
53 77 100
54 77 100
55 77 100
56 77 100
57 77 100
58 77 100
59 77 100
60 77 100
61 77 100
62 77 100
63 77 100
64 77 100
65 77 100
66 77 100
67 77 100
68 77 100
69 77 100
70 77 100
71 77 100
72 77 100
72 77 2450
73 77 100
73 77 2450
74 77 100
74 77 2450
75 77 100
75 77 2450
76 77 100
76 77 2450
77 77 100
77 77 2450
78 77 100
78 77 2450
79 77 100
79 77 2450
80 77 100
80 77 2450
81 77 100
81 77 2450
82 77 100
82 77 2450
83 77 100
83 77 2450
84 77 100
84 77 2450
85 77 100
85 77 2450
86 77 100
86 77 2450
87 77 100
87 77 2450
88 77 100
88 77 2450
88 77 1225
89 77 100
89 77 2450
89 77 1225
90 77 100
90 77 2450
90 77 1225
91 77 100
91 77 2450
91 77 1225
92 77 100
92 77 2450
92 77 1225
93 77 100
93 77 2450
93 77 1225
94 77 100
94 77 2450
94 77 1225
95 77 100
95 77 2450
96 77 100
96 77 2450
97 77 100
97 77 2450
98 77 100
98 77 2450
99 77 100
99 77 2450
100 77 100
100 77 2450
101 77 100
101 77 2450
102 77 100
102 77 2450
103 77 100
103 77 2450
104 77 100
104 77 2450
105 77 100
105 77 2450
106 77 100
106 77 2450
107 77 100
107 77 2450
108 77 100
108 77 2450
109 77 100
110 77 100
111 77 100
82 116 100
83 116 100
84 116 100
85 116 100
86 116 100
87 116 100
88 116 100
89 116 100
90 116 100
91 116 100
92 116 100
93 116 100
94 116 100
95 116 100
96 116 100
97 116 100
98 116 100
99 116 100
100 116 100
101 116 100
102 116 100
103 116 100
104 116 100
105 116 100
106 116 100
107 116 100
108 116 100
109 116 100
110 116 100
111 116 100
