143 14 100
142 14 100
141 14 100
140 14 100
139 14 100
138 14 100
138 14 2450
137 14 100
137 14 2450
136 14 100
136 14 2450
135 14 100
135 14 2450
134 14 100
134 14 2450
133 14 100
133 14 2450
132 14 100
132 14 2450
131 14 100
131 14 2450
130 14 100
130 14 2450
129 14 100
129 14 2450
128 14 100
128 14 2450
127 14 100
127 14 2450
126 14 100
126 14 2450
125 14 100
125 14 2450
124 14 100
124 14 2450
123 14 100
123 14 2450
122 14 100
122 14 2450
121 14 100
121 14 2450
120 14 100
120 14 2450
119 14 100
119 14 2450
118 14 100
118 14 2450
117 14 100
117 14 2450
116 14 100
116 14 2450
115 14 100
115 14 2450
114 14 100
114 14 2450
113 14 100
113 14 2450
112 14 100
112 14 2450
111 14 100
111 14 2450
110 14 100
110 14 2450
109 14 100
109 14 2450
108 14 100
108 14 2450
107 14 100
107 14 2450
106 14 100
106 14 2450
105 14 100
105 14 2450
104 14 100
104 14 2450
103 14 100
103 14 2450
102 14 100
102 14 2450
101 14 100
101 14 2450
100 14 100
100 14 2450
99 14 100
99 14 2450
98 14 100
98 14 2450
97 14 100
97 14 2450
96 14 100
96 14 2450
95 14 100
95 14 2450
94 14 100
94 14 2450
93 14 100
93 14 2450
92 14 100
92 14 2450
91 14 100
91 14 2450
91 14 1225
90 14 100
90 14 2450
90 14 1225
89 14 100
89 14 2450
89 14 1225
88 14 100
88 14 2450
88 14 1225
87 14 100
87 14 2450
87 14 1225
86 14 100
86 14 2450
86 14 1225
85 14 100
85 14 2450
85 14 1225
85 14 612
85 15 100
85 15 2450
85 15 1225
85 16 100
85 16 2450
85 16 1225
85 17 100
85 17 2450
85 17 1225
85 18 100
85 18 2450
85 18 1225
85 19 100
85 19 2450
85 19 1225
85 20 100
85 20 2450
85 20 1225
85 21 100
85 21 2450
85 21 1225
85 22 100
85 22 2450
85 22 1225
85 23 100
85 23 2450
85 23 1225
85 24 100
85 24 2450
85 24 1225
85 25 100
85 25 2450
85 25 1225
85 26 100
85 26 2450
85 26 1225
85 27 100
85 27 2450
85 27 1225
85 28 100
85 28 2450
85 28 1225
85 29 100
85 29 2450
85 30 100
85 30 2450
85 31 100
85 31 2450
85 32 100
85 32 2450
85 33 100
85 33 2450
85 34 100
85 34 2450
85 35 100
85 35 2450
85 36 100
85 36 2450
85 37 100
85 37 2450
85 38 100
85 38 2450
85 39 100
85 39 2450
85 40 100
85 40 2450
85 41 100
85 41 2450
85 42 100
85 42 2450
85 43 100
85 43 2450
85 44 100
85 44 2450
85 45 100
85 45 2450
85 46 100
85 46 2450
85 47 100
85 47 2450
85 48 100
85 48 2450
85 49 100
85 49 2450
85 50 100
85 50 2450
85 51 100
85 51 2450
85 52 100
85 52 2450
85 53 100
85 53 2450
85 54 100
85 54 2450
85 55 100
85 55 2450
85 56 100
85 56 2450
85 57 100
85 57 2450
85 58 100
85 58 2450
85 59 100
85 59 2450
85 60 100
85 60 2450
85 61 100
85 61 2450
85 62 100
85 62 2450
85 63 100
85 63 2450
85 64 100
85 64 2450
85 65 100
85 65 2450
85 66 100
85 66 2450
85 67 100
85 67 2450
85 68 100
85 68 2450
85 69 100
85 69 2450
85 70 100
85 70 2450
85 71 100
85 71 2450
85 72 100
85 72 2450
85 73 100
85 73 2450
85 74 100
85 74 2450
85 75 100
85 75 2450
85 76 100
85 76 2450
85 77 100
85 78 100
85 79 100
85 80 100
85 81 100
85 82 100
85 83 100
85 84 100
85 85 100
85 86 100
85 87 100
85 88 100
85 89 100
85 90 100
85 91 100
85 92 100
85 93 100
85 94 100
85 95 100
85 96 100
85 97 100
85 98 100
85 99 100
85 100 100
85 101 100
85 102 100
85 103 100
85 104 100
85 105 100
85 106 100
85 107 100
85 108 100
85 109 100
85 110 100
85 111 100
85 112 100
85 113 100
85 114 100
85 115 100
85 116 100
85 117 100
85 118 100
85 119 100
85 120 100
85 121 100
85 122 100
85 123 100
85 124 100
85 125 100
85 126 100
191 1 100
190 1 100
189 1 100
188 1 100
187 1 100
186 1 100
185 1 100
184 1 100
183 1 100
182 1 100
181 1 100
180 1 100
179 1 100
178 1 100
177 1 100
176 1 100
175 1 100
174 1 100
173 1 100
172 1 100
171 1 100
170 1 100
169 1 100
168 1 100
167 1 100
166 1 100
165 1 100
164 1 100
163 1 100
162 1 100
161 1 100
160 1 100
159 1 100
158 1 100
157 1 100
156 1 100
155 1 100
154 1 100
153 1 100
152 1 100
151 1 100
150 1 100
149 1 100
148 1 100
147 1 100
146 1 100
145 1 100
144 1 100
143 1 100
143 1 2450
142 1 100
142 1 2450
141 1 100
141 1 2450
140 1 100
140 1 2450
139 1 100
139 1 2450
138 1 100
138 1 2450
137 1 100
137 1 2450
136 1 100
136 1 2450
135 1 100
135 1 2450
134 1 100
134 1 2450
133 1 100
133 1 2450
132 1 100
132 1 2450
131 1 100
131 1 2450
130 1 100
130 1 2450
129 1 100
129 1 2450
128 1 100
128 1 2450
127 1 100
127 1 2450
126 1 100
126 1 2450
125 1 100
125 1 2450
124 1 100
124 1 2450
123 1 100
123 1 2450
122 1 100
122 1 2450
121 1 100
121 1 2450
120 1 100
120 1 2450
119 1 100
119 1 2450
118 1 100
118 1 2450
117 1 100
117 1 2450
116 1 100
116 1 2450
115 1 100
115 1 2450
114 1 100
114 1 2450
113 1 100
113 1 2450
112 1 100
112 1 2450
111 1 100
111 1 2450
110 1 100
110 1 2450
109 1 100
109 1 2450
108 1 100
108 1 2450
107 1 100
107 1 2450
106 1 100
106 1 2450
105 1 100
105 1 2450
104 1 100
104 1 2450
103 1 100
103 1 2450
102 1 100
102 1 2450
101 1 100
101 1 2450
100 1 100
100 1 2450
99 1 100
99 1 2450
98 1 100
98 1 2450
98 1 1225
97 1 100
97 1 2450
97 1 1225
96 1 100
96 1 2450
96 1 1225
95 1 100
95 1 2450
95 1 1225
94 1 100
94 1 2450
93 1 100
93 1 2450
92 1 100
92 1 2450
91 1 100
91 1 2450
90 1 100
90 1 2450
89 1 100
89 1 2450
88 1 100
88 1 2450
87 1 100
87 1 2450
86 1 100
86 1 2450
85 1 100
85 1 2450
85 2 100
85 2 2450
85 3 100
85 3 2450
85 4 100
85 4 2450
85 5 100
85 5 2450
85 6 100
85 6 2450
85 7 100
85 7 2450
85 7 1225
85 8 100
85 8 2450
85 8 1225
85 9 100
85 9 2450
85 9 1225
85 10 100
85 10 2450
85 10 1225
85 11 100
85 11 2450
85 11 1225
85 11 612
85 12 100
85 12 2450
85 12 1225
85 12 612
85 13 100
85 13 2450
85 13 1225
85 13 612
170 64 100
169 64 100
168 64 100
167 64 100
166 64 100
165 64 100
164 64 100
163 64 100
162 64 100
161 64 100
160 64 100
159 64 100
158 64 100
157 64 100
156 64 100
155 64 100
154 64 100
153 64 100
152 64 100
151 64 100
150 64 100
149 64 100
148 64 100
147 64 100
146 64 100
145 64 100
144 64 100
143 64 100
142 64 100
141 64 100
140 64 100
139 64 100
138 64 100
137 64 100
136 64 100
135 64 100
134 64 100
133 64 100
132 64 100
131 64 100
130 64 100
129 64 100
128 64 100
127 64 100
126 64 100
125 64 100
124 64 100
123 64 100
122 64 100
121 64 100
120 64 100
119 64 100
118 64 100
117 64 100
116 64 100
115 64 100
114 64 100
113 64 100
112 64 100
111 64 100
110 64 100
109 64 100
109 64 2450
108 64 100
108 64 2450
107 64 100
107 64 2450
106 64 100
106 64 2450
105 64 100
105 64 2450
104 64 100
104 64 2450
103 64 100
103 64 2450
102 64 100
102 64 2450
101 64 100
101 64 2450
100 64 100
100 64 2450
99 64 100
99 64 2450
98 64 100
98 64 2450
97 64 100
97 64 2450
96 64 100
96 64 2450
95 64 100
95 64 2450
94 64 100
94 64 2450
93 64 100
93 64 2450
92 64 100
92 64 2450
91 64 100
91 64 2450
90 64 100
90 64 2450
89 64 100
89 64 2450
88 64 100
88 64 2450
87 64 100
87 64 2450
86 64 100
86 64 2450
54 180 100
55 180 100
56 180 100
57 180 100
58 180 100
59 180 100
60 180 100
61 180 100
62 180 100
63 180 100
64 180 100
65 180 100
66 180 100
67 180 100
68 180 100
69 180 100
70 180 100
71 180 100
72 180 100
73 180 100
74 180 100
75 180 100
76 180 100
77 180 100
78 180 100
79 180 100
80 180 100
81 180 100
82 180 100
83 180 100
84 180 100
85 180 100
85 179 100
85 178 100
85 177 100
85 176 100
85 175 100
85 174 100
85 173 100
85 172 100
85 171 100
85 170 100
85 169 100
85 168 100
85 167 100
85 166 100
85 165 100
85 164 100
85 163 100
85 162 100
85 161 100
85 160 100
85 159 100
85 158 100
85 157 100
85 156 100
85 155 100
85 154 100
85 153 100
85 152 100
85 151 100
85 150 100
85 149 100
85 148 100
85 147 100
85 146 100
85 145 100
85 144 100
85 143 100
85 142 100
85 141 100
85 140 100
85 139 100
85 138 100
85 137 100
85 136 100
85 135 100
85 134 100
85 133 100
85 132 100
85 131 100
85 130 100
85 129 100
85 128 100
85 127 100
