173 184 100
172 184 100
171 184 100
170 184 100
169 184 100
168 184 100
167 184 100
166 184 100
165 184 100
164 184 100
163 184 100
162 184 100
161 184 100
161 184 2450
160 184 100
160 184 2450
159 184 100
159 184 2450
158 184 100
158 184 2450
157 184 100
157 184 2450
156 184 100
156 184 2450
155 184 100
155 184 2450
154 184 100
154 184 2450
153 184 100
153 184 2450
152 184 100
152 184 2450
151 184 100
151 184 2450
150 184 100
150 184 2450
149 184 100
149 184 2450
148 184 100
148 184 2450
147 184 100
147 184 2450
146 184 100
146 184 2450
145 184 100
145 184 2450
144 184 100
144 184 2450
143 184 100
143 184 2450
142 184 100
142 184 2450
141 184 100
141 184 2450
140 184 100
140 184 2450
139 184 100
139 184 2450
138 184 100
138 184 2450
137 184 100
137 184 2450
136 184 100
136 184 2450
135 184 100
135 184 2450
134 184 100
134 184 2450
133 184 100
133 184 2450
132 184 100
132 184 2450
131 184 100
131 184 2450
130 184 100
130 184 2450
129 184 100
129 184 2450
128 184 100
128 184 2450
127 184 100
127 184 2450
126 184 100
125 184 100
124 184 100
123 184 100
122 184 100
121 184 100
120 184 100
119 184 100
118 184 100
117 184 100
116 184 100
115 184 100
114 184 100
113 184 100
112 184 100
111 184 100
110 184 100
109 184 100
108 184 100
107 184 100
106 184 100
105 184 100
104 184 100
103 184 100
102 184 100
101 184 100
100 184 100
99 184 100
98 184 100
97 184 100
97 184 2450
96 184 100
96 184 2450
95 184 100
95 184 2450
94 184 100
94 184 2450
93 184 100
93 184 2450
92 184 100
92 184 2450
91 184 100
91 184 2450
90 184 100
90 184 2450
89 184 100
89 184 2450
88 184 100
88 184 2450
87 184 100
87 184 2450
86 184 100
86 184 2450
85 184 100
85 184 2450
84 184 100
84 184 2450
83 184 100
83 184 2450
82 184 100
82 184 2450
81 184 100
81 184 2450
80 184 100
80 184 2450
79 184 100
79 184 2450
78 184 100
78 184 2450
77 184 100
76 184 100
75 184 100
74 184 100
73 184 100
72 184 100
71 184 100
70 184 100
69 184 100
68 184 100
67 184 100
66 184 100
66 184 2450
65 184 100
65 184 2450
64 184 100
64 184 2450
63 184 100
63 184 2450
62 184 100
62 184 2450
61 184 100
61 184 2450
60 184 100
60 184 2450
59 184 100
59 184 2450
58 184 100
58 184 2450
57 184 100
57 184 2450
56 184 100
56 184 2450
55 184 100
55 184 2450
55 184 1225
54 184 100
54 184 2450
54 184 1225
53 184 100
53 184 2450
53 184 1225
52 184 100
52 184 2450
52 184 1225
52 184 612
51 184 100
51 184 2450
51 184 1225
51 184 612
50 184 100
50 184 2450
50 184 1225
50 184 612
50 184 306
49 184 100
49 184 2450
49 184 1225
49 184 612
49 184 306
49 184 153
48 184 100
48 184 2450
48 184 1225
48 184 612
48 184 306
48 184 153
47 184 100
47 184 2450
47 184 1225
47 184 612
47 184 306
47 184 153
46 184 100
46 184 2450
46 184 1225
46 184 612
46 184 306
46 184 153
45 184 100
45 184 2450
45 184 1225
45 184 612
45 184 306
45 184 153
44 184 100
44 184 2450
44 184 1225
44 184 612
44 184 306
43 184 100
43 184 2450
43 184 1225
43 184 612
43 184 306
42 184 100
42 184 2450
42 184 1225
42 184 612
42 184 306
41 184 100
41 184 2450
41 184 1225
41 184 612
41 184 306
40 184 100
40 184 2450
40 184 1225
40 184 612
39 184 100
39 184 2450
39 184 1225
39 184 612
38 184 100
38 184 2450
38 184 1225
38 184 612
37 184 100
37 184 2450
37 184 1225
37 184 612
36 184 100
36 184 2450
36 184 1225
35 184 100
35 184 2450
35 184 1225
34 184 100
34 184 2450
34 184 1225
33 184 100
33 184 2450
33 184 1225
32 184 100
32 184 2450
31 184 100
31 184 2450
30 184 100
30 184 2450
29 184 100
29 184 2450
28 184 100
28 184 2450
27 184 100
27 184 2450
26 184 100
26 184 2450
25 184 100
25 184 2450
24 184 100
24 184 2450
23 184 100
23 184 2450
22 184 100
22 184 2450
21 184 100
21 184 2450
20 184 100
20 184 2450
19 184 100
19 184 2450
18 184 100
18 184 2450
18 184 1225
17 184 100
17 184 2450
17 184 1225
16 184 100
16 184 2450
16 184 1225
15 184 100
15 184 2450
15 184 1225
14 184 100
14 184 2450
14 184 1225
13 184 100
13 184 2450
13 184 1225
13 183 100
13 183 2450
13 182 100
13 182 2450
13 181 100
13 181 2450
13 180 100
13 180 2450
13 179 100
13 179 2450
13 178 100
13 178 2450
13 177 100
13 177 2450
13 176 100
13 176 2450
13 175 100
13 175 2450
13 174 100
13 174 2450
13 173 100
13 173 2450
13 172 100
13 172 2450
13 171 100
13 171 2450
13 170 100
13 170 2450
13 169 100
13 169 2450
13 168 100
13 168 2450
13 167 100
13 167 2450
13 166 100
13 166 2450
13 165 100
13 165 2450
13 164 100
13 164 2450
13 163 100
13 163 2450
13 162 100
13 162 2450
13 161 100
13 161 2450
13 160 100
13 160 2450
13 159 100
13 159 2450
13 158 100
13 158 2450
13 157 100
13 157 2450
13 156 100
13 156 2450
13 155 100
13 155 2450
13 154 100
13 154 2450
13 153 100
13 153 2450
13 152 100
13 151 100
13 150 100
13 149 100
13 148 100
13 147 100
13 146 100
13 145 100
13 144 100
13 143 100
13 142 100
13 141 100
13 140 100
13 139 100
13 138 100
13 137 100
13 136 100
13 135 100
13 134 100
13 133 100
13 132 100
13 131 100
13 130 100
13 129 100
13 128 100
13 127 100
13 126 100
13 125 100
13 124 100
13 123 100
13 122 100
13 121 100
13 120 100
13 119 100
13 118 100
13 117 100
13 116 100
13 115 100
13 114 100
13 113 100
13 112 100
13 111 100
13 110 100
13 109 100
13 108 100
13 107 100
13 106 100
13 105 100
13 104 100
13 103 100
13 102 100
13 101 100
13 101 2450
13 100 100
13 100 2450
13 99 100
13 99 2450
13 98 100
13 98 2450
13 97 100
13 97 2450
13 96 100
13 96 2450
13 95 100
13 95 2450
13 94 100
13 94 2450
13 93 100
13 93 2450
13 92 100
13 92 2450
13 91 100
13 91 2450
13 90 100
13 90 2450
13 89 100
13 89 2450
13 88 100
13 88 2450
13 87 100
13 87 2450
13 86 100
13 86 2450
13 85 100
13 85 2450
13 84 100
13 84 2450
13 83 100
13 83 2450
13 82 100
13 82 2450
13 81 100
13 81 2450
13 80 100
13 80 2450
13 79 100
13 79 2450
13 78 100
13 78 2450
13 77 100
13 76 100
13 75 100
13 74 100
13 73 100
13 72 100
13 71 100
13 70 100
13 69 100
13 68 100
13 68 2450
13 67 100
13 67 2450
13 66 100
13 66 2450
13 65 100
13 65 2450
13 64 100
13 64 2450
13 63 100
13 63 2450
13 62 100
13 62 2450
13 61 100
13 61 2450
13 60 100
13 60 2450
13 59 100
13 59 2450
13 58 100
13 58 2450
13 57 100
13 57 2450
13 56 100
13 56 2450
13 55 100
13 55 2450
13 54 100
13 54 2450
13 53 100
13 53 2450
13 52 100
13 52 2450
13 51 100
13 51 2450
13 50 100
13 49 100
13 48 100
13 47 100
13 46 100
13 45 100
13 44 100
13 43 100
13 42 100
13 41 100
13 40 100
13 39 100
13 38 100
13 37 100
13 36 100
13 35 100
13 34 100
13 33 100
13 32 100
13 31 100
13 30 100
143 156 100
142 156 100
141 156 100
140 156 100
139 156 100
138 156 100
137 156 100
136 156 100
135 156 100
134 156 100
133 156 100
132 156 100
131 156 100
130 156 100
129 156 100
128 156 100
128 156 2450
127 156 100
127 156 2450
126 156 100
126 156 2450
125 156 100
125 156 2450
124 156 100
124 156 2450
123 156 100
123 156 2450
122 156 100
122 156 2450
121 156 100
121 156 2450
120 156 100
120 156 2450
119 156 100
119 156 2450
119 156 1225
118 156 100
118 156 2450
118 156 1225
117 156 100
117 156 2450
117 156 1225
116 156 100
116 156 2450
116 156 1225
115 156 100
115 156 2450
115 156 1225
114 156 100
114 156 2450
114 156 1225
113 156 100
113 156 2450
113 156 1225
112 156 100
112 156 2450
112 156 1225
111 156 100
111 156 2450
111 156 1225
110 156 100
110 156 2450
110 156 1225
109 156 100
109 156 2450
109 156 1225
108 156 100
108 156 2450
108 156 1225
107 156 100
107 156 2450
107 156 1225
106 156 100
106 156 2450
106 156 1225
105 156 100
105 156 2450
105 156 1225
104 156 100
104 156 2450
104 156 1225
103 156 100
103 156 2450
103 156 1225
102 156 100
102 156 2450
101 156 100
101 156 2450
100 156 100
100 156 2450
99 156 100
99 156 2450
98 156 100
98 156 2450
97 156 100
97 156 2450
96 156 100
96 156 2450
95 156 100
95 156 2450
94 156 100
94 156 2450
93 156 100
93 156 2450
92 156 100
92 156 2450
91 156 100
91 156 2450
90 156 100
90 156 2450
89 156 100
89 156 2450
88 156 100
88 156 2450
87 156 100
87 156 2450
86 156 100
86 156 2450
85 156 100
85 156 2450
84 156 100
84 156 2450
83 156 100
83 156 2450
82 156 100
82 156 2450
81 156 100
81 156 2450
80 156 100
80 156 2450
79 156 100
79 156 2450
78 156 100
78 156 2450
77 156 100
77 156 2450
76 156 100
75 156 100
74 156 100
73 156 100
72 156 100
71 156 100
70 156 100
69 156 100
68 156 100
67 156 100
66 156 100
65 156 100
64 156 100
63 156 100
62 156 100
61 156 100
60 156 100
59 156 100
58 156 100
57 156 100
56 156 100
55 156 100
54 156 100
53 156 100
52 156 100
51 156 100
50 156 100
49 156 100
48 156 100
47 156 100
46 156 100
45 156 100
44 156 100
43 156 100
42 156 100
41 156 100
40 156 100
39 156 100
38 156 100
37 156 100
36 156 100
35 156 100
34 156 100
33 156 100
32 156 100
31 156 100
30 156 100
29 156 100
28 156 100
27 156 100
26 156 100
25 156 100
24 156 100
23 156 100
22 156 100
21 156 100
20 156 100
19 156 100
18 156 100
17 156 100
16 156 100
15 156 100
15 156 2450
14 156 100
14 156 2450
194 23 100
193 23 100
192 23 100
191 23 100
190 23 100
189 23 100
188 23 100
187 23 100
186 23 100
185 23 100
184 23 100
183 23 100
182 23 100
181 23 100
180 23 100
179 23 100
179 23 2450
178 23 100
178 23 2450
177 23 100
177 23 2450
176 23 100
176 23 2450
175 23 100
175 23 2450
174 23 100
174 23 2450
173 23 100
173 23 2450
173 23 1225
172 23 100
172 23 2450
172 23 1225
171 23 100
171 23 2450
171 23 1225
170 23 100
170 23 2450
170 23 1225
170 23 612
169 23 100
169 23 2450
169 23 1225
169 23 612
168 23 100
168 23 2450
168 23 1225
167 23 100
167 23 2450
167 23 1225
166 23 100
166 23 2450
166 23 1225
165 23 100
165 23 2450
165 23 1225
164 23 100
164 23 2450
164 23 1225
163 23 100
163 23 2450
162 23 100
162 23 2450
161 23 100
161 23 2450
160 23 100
160 23 2450
159 23 100
159 23 2450
158 23 100
158 23 2450
157 23 100
157 23 2450
156 23 100
156 23 2450
155 23 100
155 23 2450
154 23 100
154 23 2450
153 23 100
152 23 100
151 23 100
150 23 100
149 23 100
148 23 100
147 23 100
146 23 100
145 23 100
144 23 100
143 23 100
142 23 100
141 23 100
140 23 100
139 23 100
138 23 100
137 23 100
136 23 100
135 23 100
134 23 100
133 23 100
132 23 100
131 23 100
130 23 100
129 23 100
129 23 2450
128 23 100
128 23 2450
127 23 100
127 23 2450
126 23 100
126 23 2450
125 23 100
125 23 2450
124 23 100
124 23 2450
123 23 100
123 23 2450
122 23 100
122 23 2450
121 23 100
121 23 2450
120 23 100
120 23 2450
119 23 100
119 23 2450
118 23 100
118 23 2450
117 23 100
117 23 2450
116 23 100
116 23 2450
115 23 100
115 23 2450
114 23 100
114 23 2450
113 23 100
113 23 2450
112 23 100
112 23 2450
111 23 100
111 23 2450
110 23 100
110 23 2450
109 23 100
109 23 2450
108 23 100
107 23 100
106 23 100
105 23 100
104 23 100
103 23 100
102 23 100
101 23 100
100 23 100
99 23 100
98 23 100
97 23 100
96 23 100
95 23 100
94 23 100
93 23 100
92 23 100
91 23 100
90 23 100
89 23 100
88 23 100
87 23 100
86 23 100
85 23 100
85 23 2450
84 23 100
84 23 2450
83 23 100
83 23 2450
82 23 100
82 23 2450
81 23 100
81 23 2450
80 23 100
80 23 2450
79 23 100
79 23 2450
78 23 100
78 23 2450
77 23 100
77 23 2450
76 23 100
76 23 2450
75 23 100
75 23 2450
75 23 1225
74 23 100
74 23 2450
74 23 1225
73 23 100
73 23 2450
73 23 1225
73 23 612
72 23 100
72 23 2450
72 23 1225
72 23 612
71 23 100
71 23 2450
71 23 1225
71 23 612
71 23 306
70 23 100
70 23 2450
70 23 1225
70 23 612
70 23 306
70 23 153
69 23 100
69 23 2450
69 23 1225
69 23 612
69 23 306
69 23 153
68 23 100
68 23 2450
68 23 1225
68 23 612
68 23 306
68 23 153
67 23 100
67 23 2450
67 23 1225
67 23 612
67 23 306
66 23 100
66 23 2450
66 23 1225
66 23 612
66 23 306
65 23 100
65 23 2450
65 23 1225
65 23 612
65 23 306
64 23 100
64 23 2450
64 23 1225
64 23 612
64 23 306
63 23 100
63 23 2450
63 23 1225
63 23 612
63 23 306
62 23 100
62 23 2450
62 23 1225
62 23 612
62 23 306
61 23 100
61 23 2450
61 23 1225
61 23 612
60 23 100
60 23 2450
60 23 1225
59 23 100
59 23 2450
59 23 1225
58 23 100
58 23 2450
58 23 1225
57 23 100
57 23 2450
57 23 1225
56 23 100
56 23 2450
55 23 100
55 23 2450
54 23 100
54 23 2450
53 23 100
53 23 2450
52 23 100
52 23 2450
51 23 100
51 23 2450
50 23 100
50 23 2450
49 23 100
49 23 2450
48 23 100
48 23 2450
47 23 100
47 23 2450
46 23 100
46 23 2450
45 23 100
45 23 2450
44 23 100
44 23 2450
43 23 100
43 23 2450
42 23 100
42 23 2450
41 23 100
41 23 2450
40 23 100
40 23 2450
39 23 100
39 23 2450
38 23 100
38 23 2450
37 23 100
37 23 2450
36 23 100
36 23 2450
35 23 100
34 23 100
33 23 100
32 23 100
31 23 100
30 23 100
29 23 100
28 23 100
27 23 100
26 23 100
25 23 100
24 23 100
23 23 100
22 23 100
21 23 100
20 23 100
19 23 100
18 23 100
17 23 100
16 23 100
15 23 100
14 23 100
13 23 100
13 24 100
13 25 100
13 26 100
13 27 100
13 28 100
13 29 100
33 61 100
32 61 100
31 61 100
30 61 100
29 61 100
28 61 100
28 61 2450
27 61 100
27 61 2450
26 61 100
26 61 2450
25 61 100
25 61 2450
24 61 100
24 61 2450
23 61 100
23 61 2450
22 61 100
22 61 2450
21 61 100
21 61 2450
20 61 100
20 61 2450
19 61 100
19 61 2450
18 61 100
18 61 2450
17 61 100
17 61 2450
16 61 100
16 61 2450
15 61 100
15 61 2450
14 61 100
14 61 2450
103 186 100
102 186 100
101 186 100
100 186 100
99 186 100
98 186 100
97 186 100
96 186 100
95 186 100
95 186 2450
94 186 100
94 186 2450
93 186 100
93 186 2450
92 186 100
92 186 2450
91 186 100
91 186 2450
90 186 100
90 186 2450
89 186 100
89 186 2450
88 186 100
88 186 2450
87 186 100
87 186 2450
86 186 100
86 186 2450
85 186 100
85 186 2450
84 186 100
84 186 2450
83 186 100
83 186 2450
82 186 100
82 186 2450
81 186 100
81 186 2450
80 186 100
80 186 2450
79 186 100
78 186 100
77 186 100
76 186 100
75 186 100
74 186 100
73 186 100
72 186 100
71 186 100
70 186 100
69 186 100
68 186 100
67 186 100
66 186 100
65 186 100
65 186 2450
64 186 100
64 186 2450
63 186 100
63 186 2450
62 186 100
62 186 2450
61 186 100
61 186 2450
60 186 100
60 186 2450
59 186 100
59 186 2450
58 186 100
58 186 2450
57 186 100
57 186 2450
56 186 100
56 186 2450
55 186 100
55 186 2450
55 186 1225
54 186 100
54 186 2450
54 186 1225
53 186 100
53 186 2450
53 186 1225
52 186 100
52 186 2450
52 186 1225
52 186 612
51 186 100
51 186 2450
51 186 1225
51 186 612
50 186 100
50 186 2450
50 186 1225
50 186 612
50 186 306
49 186 100
49 186 2450
49 186 1225
49 186 612
49 186 306
49 186 153
48 186 100
48 186 2450
48 186 1225
48 186 612
48 186 306
48 186 153
47 186 100
47 186 2450
47 186 1225
47 186 612
47 186 306
47 186 153
47 186 77
46 186 100
46 186 2450
46 186 1225
46 186 612
46 186 306
46 186 153
46 186 77
45 186 100
45 186 2450
45 186 1225
45 186 612
45 186 306
45 186 153
45 186 77
45 186 38
44 186 100
44 186 2450
44 186 1225
44 186 612
44 186 306
44 186 153
44 186 77
44 186 38
43 186 100
43 186 2450
43 186 1225
43 186 612
43 186 306
43 186 153
43 186 77
42 186 100
42 186 2450
42 186 1225
42 186 612
42 186 306
42 186 153
42 186 77
41 186 100
41 186 2450
41 186 1225
41 186 612
41 186 306
41 186 153
40 186 100
40 186 2450
40 186 1225
40 186 612
40 186 306
39 186 100
39 186 2450
39 186 1225
39 186 612
38 186 100
38 186 2450
38 186 1225
38 186 612
37 186 100
37 186 2450
37 186 1225
36 186 100
36 186 2450
36 186 1225
35 186 100
35 186 2450
35 186 1225
34 186 100
34 186 2450
34 186 1225
33 186 100
33 186 2450
33 186 1225
32 186 100
32 186 2450
31 186 100
31 186 2450
30 186 100
30 186 2450
29 186 100
29 186 2450
28 186 100
28 186 2450
27 186 100
27 186 2450
26 186 100
26 186 2450
25 186 100
25 186 2450
24 186 100
24 186 2450
23 186 100
23 186 2450
23 186 1225
22 186 100
22 186 2450
22 186 1225
21 186 100
21 186 2450
21 186 1225
20 186 100
20 186 2450
20 186 1225
19 186 100
19 186 2450
19 186 1225
18 186 100
18 186 2450
18 186 1225
17 186 100
17 186 2450
17 186 1225
16 186 100
16 186 2450
16 186 1225
15 186 100
15 186 2450
15 186 1225
14 186 100
14 186 2450
14 186 1225
13 186 100
13 186 2450
13 186 1225
13 185 100
13 185 2450
13 185 1225
182 135 100
181 135 100
180 135 100
179 135 100
178 135 100
177 135 100
176 135 100
175 135 100
174 135 100
174 135 2450
173 135 100
173 135 2450
172 135 100
172 135 2450
171 135 100
171 135 2450
170 135 100
170 135 2450
169 135 100
169 135 2450
168 135 100
168 135 2450
168 135 1225
167 135 100
167 135 2450
167 135 1225
166 135 100
166 135 2450
166 135 1225
165 135 100
165 135 2450
165 135 1225
164 135 100
164 135 2450
164 135 1225
163 135 100
163 135 2450
163 135 1225
162 135 100
162 135 2450
162 135 1225
161 135 100
161 135 2450
161 135 1225
160 135 100
160 135 2450
160 135 1225
159 135 100
159 135 2450
158 135 100
158 135 2450
157 135 100
157 135 2450
156 135 100
156 135 2450
155 135 100
155 135 2450
154 135 100
154 135 2450
153 135 100
153 135 2450
152 135 100
152 135 2450
151 135 100
151 135 2450
150 135 100
149 135 100
148 135 100
147 135 100
146 135 100
145 135 100
144 135 100
143 135 100
142 135 100
141 135 100
140 135 100
139 135 100
138 135 100
138 135 2450
137 135 100
137 135 2450
136 135 100
136 135 2450
135 135 100
135 135 2450
134 135 100
134 135 2450
133 135 100
133 135 2450
132 135 100
132 135 2450
131 135 100
131 135 2450
130 135 100
130 135 2450
129 135 100
129 135 2450
128 135 100
128 135 2450
127 135 100
127 135 2450
126 135 100
126 135 2450
125 135 100
125 135 2450
124 135 100
124 135 2450
123 135 100
123 135 2450
122 135 100
122 135 2450
121 135 100
121 135 2450
120 135 100
120 135 2450
119 135 100
119 135 2450
118 135 100
118 135 2450
117 135 100
117 135 2450
116 135 100
116 135 2450
115 135 100
115 135 2450
114 135 100
114 135 2450
113 135 100
113 135 2450
112 135 100
112 135 2450
111 135 100
111 135 2450
110 135 100
109 135 100
108 135 100
107 135 100
106 135 100
105 135 100
104 135 100
103 135 100
102 135 100
101 135 100
100 135 100
99 135 100
98 135 100
97 135 100
96 135 100
95 135 100
94 135 100
93 135 100
92 135 100
91 135 100
90 135 100
89 135 100
88 135 100
87 135 100
86 135 100
85 135 100
84 135 100
83 135 100
82 135 100
81 135 100
80 135 100
79 135 100
78 135 100
77 135 100
76 135 100
75 135 100
74 135 100
73 135 100
72 135 100
71 135 100
70 135 100
70 135 2450
69 135 100
69 135 2450
68 135 100
68 135 2450
67 135 100
67 135 2450
66 135 100
66 135 2450
65 135 100
65 135 2450
64 135 100
64 135 2450
63 135 100
63 135 2450
62 135 100
62 135 2450
61 135 100
61 135 2450
60 135 100
60 135 2450
59 135 100
59 135 2450
58 135 100
58 135 2450
57 135 100
57 135 2450
56 135 100
56 135 2450
55 135 100
55 135 2450
54 135 100
53 135 100
52 135 100
51 135 100
50 135 100
49 135 100
48 135 100
47 135 100
46 135 100
45 135 100
44 135 100
43 135 100
42 135 100
41 135 100
40 135 100
39 135 100
38 135 100
37 135 100
36 135 100
35 135 100
35 135 2450
34 135 100
34 135 2450
33 135 100
33 135 2450
32 135 100
32 135 2450
31 135 100
31 135 2450
30 135 100
30 135 2450
29 135 100
29 135 2450
28 135 100
28 135 2450
27 135 100
27 135 2450
26 135 100
26 135 2450
25 135 100
25 135 2450
24 135 100
24 135 2450
23 135 100
23 135 2450
22 135 100
22 135 2450
21 135 100
21 135 2450
20 135 100
20 135 2450
19 135 100
19 135 2450
18 135 100
18 135 2450
17 135 100
17 135 2450
16 135 100
15 135 100
14 135 100
80 3 100
79 3 100
78 3 100
77 3 100
76 3 100
75 3 100
74 3 100
73 3 100
72 3 100
71 3 100
70 3 100
69 3 100
68 3 100
67 3 100
66 3 100
65 3 100
64 3 100
63 3 100
62 3 100
61 3 100
60 3 100
59 3 100
58 3 100
57 3 100
56 3 100
55 3 100
54 3 100
53 3 100
52 3 100
51 3 100
50 3 100
49 3 100
48 3 100
47 3 100
46 3 100
45 3 100
44 3 100
43 3 100
42 3 100
41 3 100
40 3 100
39 3 100
38 3 100
37 3 100
36 3 100
36 3 2450
35 3 100
35 3 2450
34 3 100
34 3 2450
33 3 100
33 3 2450
32 3 100
32 3 2450
31 3 100
31 3 2450
30 3 100
30 3 2450
29 3 100
29 3 2450
28 3 100
28 3 2450
27 3 100
27 3 2450
26 3 100
26 3 2450
25 3 100
25 3 2450
24 3 100
24 3 2450
23 3 100
23 3 2450
22 3 100
22 3 2450
21 3 100
20 3 100
19 3 100
18 3 100
17 3 100
16 3 100
15 3 100
14 3 100
13 3 100
13 4 100
13 5 100
13 6 100
13 7 100
13 8 100
13 9 100
13 10 100
13 11 100
13 12 100
13 13 100
13 14 100
13 15 100
13 16 100
13 17 100
13 18 100
13 19 100
13 20 100
13 21 100
13 22 100
113 60 100
112 60 100
111 60 100
110 60 100
109 60 100
108 60 100
107 60 100
106 60 100
105 60 100
104 60 100
103 60 100
102 60 100
101 60 100
100 60 100
99 60 100
98 60 100
97 60 100
96 60 100
95 60 100
94 60 100
93 60 100
92 60 100
91 60 100
90 60 100
89 60 100
88 60 100
87 60 100
86 60 100
85 60 100
84 60 100
83 60 100
82 60 100
81 60 100
80 60 100
79 60 100
79 60 2450
78 60 100
78 60 2450
77 60 100
77 60 2450
76 60 100
76 60 2450
75 60 100
75 60 2450
74 60 100
74 60 2450
73 60 100
73 60 2450
72 60 100
72 60 2450
71 60 100
71 60 2450
70 60 100
70 60 2450
69 60 100
69 60 2450
69 60 1225
68 60 100
68 60 2450
68 60 1225
67 60 100
67 60 2450
67 60 1225
66 60 100
66 60 2450
66 60 1225
65 60 100
65 60 2450
65 60 1225
64 60 100
64 60 2450
64 60 1225
63 60 100
63 60 2450
63 60 1225
62 60 100
62 60 2450
62 60 1225
61 60 100
61 60 2450
61 60 1225
60 60 100
60 60 2450
60 60 1225
59 60 100
59 60 2450
58 60 100
58 60 2450
57 60 100
57 60 2450
56 60 100
56 60 2450
55 60 100
55 60 2450
54 60 100
54 60 2450
53 60 100
53 60 2450
52 60 100
52 60 2450
51 60 100
50 60 100
49 60 100
48 60 100
47 60 100
46 60 100
45 60 100
44 60 100
43 60 100
42 60 100
41 60 100
40 60 100
39 60 100
38 60 100
37 60 100
36 60 100
35 60 100
34 60 100
33 60 100
