116 66 100
115 66 100
114 66 100
113 66 100
112 66 100
111 66 100
110 66 100
109 66 100
108 66 100
107 66 100
106 66 100
105 66 100
104 66 100
103 66 100
102 66 100
101 66 100
100 66 100
99 66 100
98 66 100
97 66 100
96 66 100
95 66 100
94 66 100
93 66 100
92 66 100
91 66 100
90 66 100
89 66 100
88 66 100
87 66 100
86 66 100
85 66 100
84 66 100
83 66 100
82 66 100
81 66 100
80 66 100
79 66 100
78 66 100
77 66 100
76 66 100
75 66 100
74 66 100
73 66 100
72 66 100
71 66 100
70 66 100
69 66 100
68 66 100
67 66 100
66 66 100
65 66 100
64 66 100
63 66 100
62 66 100
61 66 100
60 66 100
59 66 100
58 66 100
57 66 100
56 66 100
55 66 100
55 66 2450
54 66 100
54 66 2450
53 66 100
53 66 2450
52 66 100
52 66 2450
51 66 100
51 66 2450
50 66 100
50 66 2450
49 66 100
49 66 2450
48 66 100
48 66 2450
47 66 100
47 66 2450
46 66 100
46 66 2450
45 66 100
45 66 2450
44 66 100
44 66 2450
43 66 100
43 66 2450
42 66 100
42 66 2450
41 66 100
41 66 2450
40 66 100
40 66 2450
39 66 100
39 66 2450
38 66 100
38 66 2450
37 66 100
37 66 2450
36 66 100
36 66 2450
35 66 100
35 66 2450
34 66 100
34 66 2450
33 66 100
33 66 2450
32 66 100
31 66 100
30 66 100
29 66 100
28 66 100
27 66 100
26 66 100
25 66 100
24 66 100
23 66 100
22 66 100
21 66 100
20 66 100
19 66 100
18 66 100
17 66 100
16 66 100
15 66 100
14 66 100
13 66 100
12 66 100
11 66 100
10 66 100
9 66 100
8 66 100
8 66 2450
7 66 100
7 66 2450
6 66 100
6 66 2450
5 66 100
5 66 2450
4 66 100
4 66 2450
3 66 100
3 66 2450
2 66 100
2 66 2450
1 66 100
1 66 2450
0 66 100
0 66 2450
0 65 100
0 65 2450
0 64 100
0 64 2450
0 63 100
0 63 2450
0 62 100
0 62 2450
0 61 100
0 61 2450
0 60 100
0 60 2450
0 59 100
0 59 2450
0 58 100
0 58 2450
0 57 100
0 57 2450
0 56 100
0 56 2450
0 55 100
0 55 2450
0 54 100
0 54 2450
0 53 100
0 53 2450
0 52 100
0 52 2450
0 51 100
0 51 2450
0 50 100
0 49 100
0 48 100
0 47 100
0 46 100
0 46 2450
0 45 100
0 45 2450
0 44 100
0 44 2450
0 43 100
0 43 2450
0 42 100
0 42 2450
0 41 100
0 41 2450
0 40 100
0 40 2450
0 39 100
0 39 2450
0 38 100
0 38 2450
0 37 100
0 37 2450
0 36 100
0 36 2450
0 35 100
0 35 2450
0 34 100
0 34 2450
0 33 100
0 33 2450
0 32 100
0 32 2450
0 31 100
0 31 2450
0 30 100
0 30 2450
0 29 100
0 29 2450
0 28 100
0 28 2450
0 27 100
0 26 100
0 25 100
0 24 100
0 23 100
0 22 100
0 21 100
189 7 100
188 7 100
187 7 100
186 7 100
185 7 100
184 7 100
183 7 100
182 7 100
181 7 100
180 7 100
179 7 100
178 7 100
177 7 100
176 7 100
175 7 100
174 7 100
173 7 100
172 7 100
171 7 100
170 7 100
169 7 100
168 7 100
168 7 2450
167 7 100
167 7 2450
166 7 100
166 7 2450
165 7 100
165 7 2450
164 7 100
164 7 2450
163 7 100
163 7 2450
162 7 100
162 7 2450
161 7 100
161 7 2450
160 7 100
160 7 2450
159 7 100
159 7 2450
158 7 100
158 7 2450
158 7 1225
157 7 100
157 7 2450
157 7 1225
156 7 100
156 7 2450
156 7 1225
155 7 100
155 7 2450
155 7 1225
154 7 100
154 7 2450
154 7 1225
153 7 100
153 7 2450
152 7 100
152 7 2450
151 7 100
151 7 2450
150 7 100
150 7 2450
149 7 100
149 7 2450
148 7 100
148 7 2450
147 7 100
147 7 2450
146 7 100
146 7 2450
145 7 100
145 7 2450
144 7 100
144 7 2450
143 7 100
143 7 2450
142 7 100
141 7 100
140 7 100
139 7 100
138 7 100
137 7 100
136 7 100
135 7 100
134 7 100
133 7 100
132 7 100
131 7 100
130 7 100
129 7 100
128 7 100
127 7 100
126 7 100
125 7 100
124 7 100
123 7 100
122 7 100
121 7 100
120 7 100
119 7 100
118 7 100
117 7 100
116 7 100
115 7 100
114 7 100
113 7 100
112 7 100
111 7 100
110 7 100
110 7 2450
109 7 100
109 7 2450
108 7 100
108 7 2450
107 7 100
107 7 2450
106 7 100
106 7 2450
105 7 100
105 7 2450
104 7 100
104 7 2450
103 7 100
103 7 2450
102 7 100
102 7 2450
101 7 100
101 7 2450
100 7 100
100 7 2450
99 7 100
99 7 2450
98 7 100
98 7 2450
97 7 100
97 7 2450
96 7 100
96 7 2450
95 7 100
95 7 2450
94 7 100
94 7 2450
93 7 100
93 7 2450
92 7 100
92 7 2450
91 7 100
91 7 2450
90 7 100
90 7 2450
89 7 100
89 7 2450
88 7 100
88 7 2450
87 7 100
87 7 2450
86 7 100
86 7 2450
85 7 100
85 7 2450
84 7 100
84 7 2450
83 7 100
83 7 2450
82 7 100
82 7 2450
81 7 100
81 7 2450
80 7 100
80 7 2450
79 7 100
79 7 2450
78 7 100
78 7 2450
77 7 100
77 7 2450
76 7 100
76 7 2450
75 7 100
75 7 2450
74 7 100
74 7 2450
73 7 100
73 7 2450
72 7 100
72 7 2450
71 7 100
71 7 2450
70 7 100
70 7 2450
69 7 100
69 7 2450
68 7 100
68 7 2450
67 7 100
67 7 2450
66 7 100
66 7 2450
65 7 100
65 7 2450
64 7 100
64 7 2450
63 7 100
63 7 2450
62 7 100
62 7 2450
61 7 100
61 7 2450
61 7 1225
60 7 100
60 7 2450
60 7 1225
59 7 100
59 7 2450
59 7 1225
58 7 100
58 7 2450
58 7 1225
57 7 100
57 7 2450
57 7 1225
56 7 100
56 7 2450
56 7 1225
55 7 100
55 7 2450
55 7 1225
54 7 100
54 7 2450
53 7 100
53 7 2450
52 7 100
52 7 2450
51 7 100
51 7 2450
50 7 100
50 7 2450
49 7 100
49 7 2450
48 7 100
48 7 2450
47 7 100
47 7 2450
46 7 100
46 7 2450
45 7 100
45 7 2450
44 7 100
44 7 2450
43 7 100
43 7 2450
42 7 100
42 7 2450
41 7 100
41 7 2450
40 7 100
40 7 2450
39 7 100
39 7 2450
38 7 100
37 7 100
36 7 100
35 7 100
34 7 100
33 7 100
32 7 100
31 7 100
30 7 100
29 7 100
28 7 100
27 7 100
26 7 100
25 7 100
24 7 100
23 7 100
22 7 100
21 7 100
20 7 100
19 7 100
19 7 2450
18 7 100
18 7 2450
17 7 100
17 7 2450
16 7 100
16 7 2450
15 7 100
15 7 2450
14 7 100
14 7 2450
13 7 100
13 7 2450
12 7 100
12 7 2450
11 7 100
11 7 2450
10 7 100
10 7 2450
9 7 100
9 7 2450
8 7 100
8 7 2450
7 7 100
7 7 2450
6 7 100
6 7 2450
5 7 100
5 7 2450
4 7 100
4 7 2450
3 7 100
3 7 2450
2 7 100
2 7 2450
1 7 100
1 7 2450
0 7 100
0 7 2450
0 8 100
0 8 2450
0 9 100
0 9 2450
0 10 100
0 10 2450
0 11 100
0 11 2450
0 12 100
0 12 2450
0 13 100
0 14 100
0 15 100
0 16 100
0 17 100
0 18 100
0 19 100
0 20 100
62 59 100
61 59 100
60 59 100
59 59 100
58 59 100
57 59 100
57 59 2450
56 59 100
56 59 2450
55 59 100
55 59 2450
54 59 100
54 59 2450
53 59 100
53 59 2450
52 59 100
52 59 2450
51 59 100
51 59 2450
50 59 100
50 59 2450
49 59 100
49 59 2450
48 59 100
48 59 2450
47 59 100
47 59 2450
46 59 100
46 59 2450
45 59 100
45 59 2450
44 59 100
44 59 2450
43 59 100
43 59 2450
42 59 100
42 59 2450
41 59 100
41 59 2450
40 59 100
40 59 2450
39 59 100
39 59 2450
38 59 100
37 59 100
36 59 100
35 59 100
34 59 100
33 59 100
32 59 100
31 59 100
30 59 100
29 59 100
28 59 100
27 59 100
26 59 100
25 59 100
24 59 100
23 59 100
22 59 100
21 59 100
20 59 100
19 59 100
18 59 100
17 59 100
16 59 100
15 59 100
14 59 100
13 59 100
12 59 100
11 59 100
10 59 100
9 59 100
8 59 100
7 59 100
6 59 100
5 59 100
4 59 100
3 59 100
3 59 2450
2 59 100
2 59 2450
1 59 100
1 59 2450
