186 50 100
185 50 100
184 50 100
183 50 100
182 50 100
181 50 100
180 50 100
179 50 100
178 50 100
177 50 100
176 50 100
176 49 100
176 48 100
176 47 100
176 46 100
176 45 100
176 44 100
176 44 2450
176 43 100
176 43 2450
176 42 100
176 42 2450
176 41 100
176 41 2450
176 40 100
176 40 2450
176 39 100
176 39 2450
176 38 100
176 38 2450
176 37 100
176 37 2450
176 36 100
176 36 2450
176 35 100
176 35 2450
176 34 100
176 34 2450
176 33 100
176 33 2450
176 32 100
176 32 2450
176 31 100
176 31 2450
176 30 100
176 30 2450
176 29 100
176 29 2450
176 28 100
176 28 2450
176 27 100
176 27 2450
176 26 100
176 26 2450
176 25 100
176 25 2450
176 24 100
176 24 2450
176 23 100
176 23 2450
176 22 100
176 22 2450
176 21 100
176 21 2450
176 20 100
176 20 2450
176 19 100
176 19 2450
176 18 100
176 18 2450
176 17 100
176 17 2450
176 16 100
176 16 2450
176 15 100
176 15 2450
176 14 100
176 13 100
176 12 100
176 11 100
176 10 100
176 9 100
176 8 100
176 7 100
176 6 100
176 5 100
176 4 100
176 3 100
176 2 100
88 149 100
89 149 100
90 149 100
91 149 100
92 149 100
93 149 100
94 149 100
95 149 100
96 149 100
97 149 100
98 149 100
99 149 100
100 149 100
101 149 100
102 149 100
103 149 100
104 149 100
105 149 100
106 149 100
107 149 100
108 149 100
109 149 100
110 149 100
111 149 100
112 149 100
113 149 100
113 149 2450
114 149 100
114 149 2450
115 149 100
115 149 2450
116 149 100
116 149 2450
117 149 100
117 149 2450
118 149 100
118 149 2450
119 149 100
119 149 2450
120 149 100
120 149 2450
121 149 100
121 149 2450
122 149 100
122 149 2450
123 149 100
123 149 2450
124 149 100
124 149 2450
125 149 100
125 149 2450
126 149 100
126 149 2450
127 149 100
127 149 2450
128 149 100
129 149 100
130 149 100
131 149 100
132 149 100
133 149 100
134 149 100
135 149 100
136 149 100
137 149 100
138 149 100
139 149 100
140 149 100
141 149 100
142 149 100
143 149 100
144 149 100
145 149 100
146 149 100
147 149 100
148 149 100
149 149 100
150 149 100
151 149 100
152 149 100
153 149 100
154 149 100
155 149 100
156 149 100
157 149 100
158 149 100
159 149 100
160 149 100
161 149 100
162 149 100
162 149 2450
163 149 100
163 149 2450
164 149 100
164 149 2450
165 149 100
165 149 2450
166 149 100
166 149 2450
167 149 100
167 149 2450
168 149 100
168 149 2450
169 149 100
169 149 2450
170 149 100
170 149 2450
171 149 100
171 149 2450
172 149 100
172 149 2450
173 149 100
173 149 2450
174 149 100
174 149 2450
175 149 100
175 149 2450
176 149 100
176 149 2450
176 148 100
176 148 2450
176 147 100
176 147 2450
176 146 100
176 146 2450
176 145 100
176 145 2450
176 144 100
176 144 2450
176 143 100
176 143 2450
176 142 100
176 142 2450
176 141 100
176 141 2450
176 140 100
176 140 2450
176 139 100
176 139 2450
176 138 100
176 138 2450
176 137 100
176 137 2450
176 136 100
176 136 2450
176 135 100
176 135 2450
176 134 100
176 134 2450
176 133 100
176 133 2450
176 132 100
176 132 2450
176 131 100
176 131 2450
176 130 100
176 130 2450
176 129 100
176 129 2450
176 128 100
176 128 2450
176 127 100
176 127 2450
176 126 100
176 126 2450
176 125 100
176 125 2450
176 124 100
176 124 2450
176 123 100
176 123 2450
176 122 100
176 122 2450
176 121 100
176 121 2450
176 120 100
176 120 2450
176 119 100
176 119 2450
176 118 100
176 118 2450
176 117 100
176 117 2450
176 116 100
176 116 2450
176 115 100
176 115 2450
176 114 100
176 114 2450
176 113 100
176 113 2450
176 112 100
176 112 2450
176 111 100
176 111 2450
176 110 100
176 110 2450
176 109 100
176 109 2450
176 108 100
176 108 2450
176 107 100
176 107 2450
176 106 100
176 106 2450
176 105 100
176 105 2450
176 104 100
176 104 2450
176 103 100
176 103 2450
176 102 100
176 102 2450
176 101 100
176 101 2450
176 100 100
176 100 2450
176 99 100
176 99 2450
176 98 100
176 98 2450
176 97 100
176 97 2450
176 96 100
176 96 2450
176 95 100
176 95 2450
176 94 100
176 94 2450
176 93 100
176 93 2450
176 92 100
176 92 2450
176 91 100
176 91 2450
176 90 100
176 89 100
176 88 100
176 87 100
176 86 100
176 85 100
176 84 100
176 84 2450
176 83 100
176 83 2450
176 82 100
176 82 2450
176 81 100
176 81 2450
176 80 100
176 80 2450
176 79 100
176 79 2450
176 78 100
176 78 2450
176 77 100
176 77 2450
176 76 100
176 76 2450
176 75 100
176 75 2450
176 74 100
176 74 2450
176 73 100
176 72 100
176 71 100
176 70 100
176 69 100
176 68 100
176 67 100
176 66 100
176 65 100
176 64 100
176 63 100
176 62 100
176 61 100
176 60 100
176 59 100
176 58 100
176 57 100
176 56 100
176 55 100
176 54 100
176 53 100
176 52 100
176 51 100
107 103 100
107 103 2450
108 103 100
108 103 2450
109 103 100
109 103 2450
110 103 100
110 103 2450
111 103 100
111 103 2450
112 103 100
113 103 100
114 103 100
115 103 100
116 103 100
117 103 100
118 103 100
119 103 100
120 103 100
121 103 100
122 103 100
123 103 100
124 103 100
125 103 100
126 103 100
127 103 100
127 103 2450
128 103 100
128 103 2450
129 103 100
129 103 2450
130 103 100
130 103 2450
131 103 100
131 103 2450
132 103 100
132 103 2450
133 103 100
133 103 2450
134 103 100
134 103 2450
135 103 100
135 103 2450
136 103 100
136 103 2450
137 103 100
137 103 2450
138 103 100
138 103 2450
139 103 100
139 103 2450
140 103 100
140 103 2450
141 103 100
141 103 2450
142 103 100
142 103 2450
143 103 100
143 103 2450
144 103 100
144 103 2450
145 103 100
145 103 2450
146 103 100
146 103 2450
147 103 100
148 103 100
149 103 100
150 103 100
151 103 100
152 103 100
153 103 100
154 103 100
155 103 100
156 103 100
157 103 100
158 103 100
159 103 100
160 103 100
161 103 100
162 103 100
163 103 100
164 103 100
165 103 100
166 103 100
167 103 100
168 103 100
169 103 100
169 103 2450
170 103 100
170 103 2450
171 103 100
171 103 2450
172 103 100
172 103 2450
173 103 100
173 103 2450
174 103 100
174 103 2450
175 103 100
175 103 2450
159 126 100
160 126 100
161 126 100
162 126 100
163 126 100
164 126 100
165 126 100
166 126 100
167 126 100
168 126 100
169 126 100
170 126 100
171 126 100
171 126 2450
172 126 100
172 126 2450
173 126 100
173 126 2450
174 126 100
174 126 2450
175 126 100
175 126 2450
35 108 100
36 108 100
37 108 100
38 108 100
39 108 100
39 108 2450
40 108 100
40 108 2450
41 108 100
41 108 2450
42 108 100
42 108 2450
43 108 100
43 108 2450
44 108 100
44 108 2450
45 108 100
45 108 2450
46 108 100
46 108 2450
47 108 100
47 108 2450
48 108 100
48 108 2450
49 108 100
49 108 2450
50 108 100
50 108 2450
51 108 100
51 108 2450
52 108 100
52 108 2450
53 108 100
53 108 2450
54 108 100
54 108 2450
55 108 100
55 108 2450
56 108 100
56 108 2450
57 108 100
57 108 2450
58 108 100
58 108 2450
59 108 100
59 108 2450
60 108 100
60 108 2450
61 108 100
61 108 2450
62 108 100
62 108 2450
63 108 100
63 108 2450
64 108 100
64 108 2450
65 108 100
65 108 2450
66 108 100
66 108 2450
67 108 100
67 108 2450
68 108 100
68 108 2450
69 108 100
69 108 2450
70 108 100
70 108 2450
71 108 100
71 108 2450
72 108 100
72 108 2450
73 108 100
73 108 2450
74 108 100
74 108 2450
75 108 100
75 108 2450
76 108 100
76 108 2450
77 108 100
77 108 2450
78 108 100
78 108 2450
79 108 100
79 108 2450
80 108 100
80 108 2450
81 108 100
81 108 2450
82 108 100
82 108 2450
83 108 100
83 108 2450
84 108 100
84 108 2450
85 108 100
85 108 2450
86 108 100
86 108 2450
87 108 100
87 108 2450
88 108 100
88 108 2450
89 108 100
89 108 2450
90 108 100
90 108 2450
91 108 100
91 108 2450
92 108 100
92 108 2450
93 108 100
93 108 2450
94 108 100
94 108 2450
95 108 100
95 108 2450
95 108 1225
96 108 100
96 108 2450
97 108 100
97 108 2450
98 108 100
98 108 2450
99 108 100
99 108 2450
100 108 100
100 108 2450
101 108 100
101 108 2450
102 108 100
102 108 2450
103 108 100
103 108 2450
104 108 100
104 108 2450
105 108 100
105 108 2450
106 108 100
106 108 2450
107 108 100
107 108 2450
108 108 100
108 108 2450
109 108 100
109 108 2450
110 108 100
110 108 2450
111 108 100
112 108 100
113 108 100
114 108 100
115 108 100
116 108 100
117 108 100
118 108 100
119 108 100
120 108 100
121 108 100
122 108 100
123 108 100
124 108 100
125 108 100
126 108 100
127 108 100
128 108 100
129 108 100
130 108 100
131 108 100
132 108 100
132 108 2450
133 108 100
133 108 2450
134 108 100
134 108 2450
135 108 100
135 108 2450
136 108 100
136 108 2450
137 108 100
137 108 2450
138 108 100
138 108 2450
139 108 100
139 108 2450
140 108 100
140 108 2450
141 108 100
141 108 2450
142 108 100
142 108 2450
143 108 100
143 108 2450
144 108 100
144 108 2450
145 108 100
146 108 100
147 108 100
148 108 100
149 108 100
150 108 100
151 108 100
152 108 100
152 108 2450
153 108 100
153 108 2450
154 108 100
154 108 2450
155 108 100
155 108 2450
156 108 100
156 108 2450
157 108 100
157 108 2450
158 108 100
158 108 2450
159 108 100
159 108 2450
160 108 100
160 108 2450
161 108 100
161 108 2450
162 108 100
162 108 2450
163 108 100
163 108 2450
164 108 100
164 108 2450
165 108 100
165 108 2450
166 108 100
166 108 2450
167 108 100
167 108 2450
168 108 100
168 108 2450
169 108 100
169 108 2450
170 108 100
170 108 2450
171 108 100
171 108 2450
172 108 100
172 108 2450
173 108 100
173 108 2450
174 108 100
174 108 2450
175 108 100
175 108 2450
110 22 100
110 22 2450
111 22 100
111 22 2450
112 22 100
112 22 2450
113 22 100
113 22 2450
114 22 100
114 22 2450
115 22 100
115 22 2450
116 22 100
116 22 2450
117 22 100
117 22 2450
118 22 100
118 22 2450
119 22 100
119 22 2450
120 22 100
120 22 2450
121 22 100
121 22 2450
122 22 100
122 22 2450
123 22 100
123 22 2450
124 22 100
124 22 2450
125 22 100
125 22 2450
126 22 100
126 22 2450
127 22 100
127 22 2450
128 22 100
128 22 2450
129 22 100
129 22 2450
130 22 100
131 22 100
132 22 100
133 22 100
134 22 100
135 22 100
136 22 100
137 22 100
138 22 100
139 22 100
140 22 100
141 22 100
142 22 100
143 22 100
144 22 100
145 22 100
146 22 100
147 22 100
148 22 100
149 22 100
150 22 100
151 22 100
152 22 100
153 22 100
154 22 100
155 22 100
156 22 100
157 22 100
158 22 100
159 22 100
160 22 100
161 22 100
162 22 100
163 22 100
164 22 100
165 22 100
165 22 2450
166 22 100
166 22 2450
167 22 100
167 22 2450
168 22 100
168 22 2450
169 22 100
169 22 2450
170 22 100
170 22 2450
171 22 100
171 22 2450
172 22 100
172 22 2450
173 22 100
173 22 2450
174 22 100
174 22 2450
175 22 100
175 22 2450
124 196 100
125 196 100
126 196 100
127 196 100
128 196 100
129 196 100
130 196 100
131 196 100
132 196 100
133 196 100
134 196 100
135 196 100
136 196 100
137 196 100
138 196 100
139 196 100
140 196 100
141 196 100
142 196 100
143 196 100
144 196 100
145 196 100
146 196 100
147 196 100
148 196 100
149 196 100
150 196 100
151 196 100
152 196 100
153 196 100
154 196 100
155 196 100
156 196 100
157 196 100
158 196 100
159 196 100
160 196 100
161 196 100
162 196 100
163 196 100
163 196 2450
164 196 100
164 196 2450
165 196 100
165 196 2450
166 196 100
166 196 2450
167 196 100
167 196 2450
168 196 100
168 196 2450
169 196 100
169 196 2450
170 196 100
170 196 2450
171 196 100
171 196 2450
172 196 100
172 196 2450
173 196 100
173 196 2450
174 196 100
174 196 2450
175 196 100
175 196 2450
176 196 100
176 196 2450
176 195 100
176 195 2450
176 194 100
176 194 2450
176 193 100
176 193 2450
176 192 100
176 192 2450
176 191 100
176 191 2450
176 190 100
176 190 2450
176 189 100
176 189 2450
176 188 100
176 188 2450
176 187 100
176 187 2450
176 186 100
176 186 2450
176 185 100
176 185 2450
176 184 100
176 184 2450
176 183 100
176 183 2450
176 182 100
176 182 2450
176 181 100
176 181 2450
176 180 100
176 180 2450
176 179 100
176 179 2450
176 178 100
176 178 2450
176 177 100
176 177 2450
176 176 100
176 176 2450
176 175 100
176 175 2450
176 174 100
176 174 2450
176 173 100
176 173 2450
176 172 100
176 172 2450
176 171 100
176 171 2450
176 170 100
176 170 2450
176 169 100
176 169 2450
176 168 100
176 168 2450
176 167 100
176 167 2450
176 166 100
176 166 2450
176 165 100
176 165 2450
176 164 100
176 164 2450
176 163 100
176 163 2450
176 162 100
176 162 2450
176 161 100
176 161 2450
176 160 100
176 160 2450
176 159 100
176 159 2450
176 158 100
176 158 2450
176 157 100
176 157 2450
176 156 100
176 156 2450
176 155 100
176 155 2450
176 154 100
176 154 2450
176 153 100
176 153 2450
176 152 100
176 152 2450
176 151 100
176 151 2450
176 150 100
176 150 2450
29 54 100
30 54 100
31 54 100
32 54 100
33 54 100
34 54 100
35 54 100
36 54 100
37 54 100
37 54 2450
38 54 100
38 54 2450
39 54 100
39 54 2450
40 54 100
40 54 2450
41 54 100
42 54 100
43 54 100
44 54 100
45 54 100
46 54 100
47 54 100
48 54 100
49 54 100
50 54 100
51 54 100
52 54 100
53 54 100
54 54 100
55 54 100
56 54 100
57 54 100
58 54 100
59 54 100
60 54 100
61 54 100
62 54 100
63 54 100
64 54 100
65 54 100
66 54 100
67 54 100
68 54 100
69 54 100
70 54 100
71 54 100
72 54 100
72 54 2450
73 54 100
73 54 2450
74 54 100
74 54 2450
75 54 100
75 54 2450
76 54 100
76 54 2450
77 54 100
77 54 2450
78 54 100
78 54 2450
79 54 100
79 54 2450
80 54 100
80 54 2450
81 54 100
81 54 2450
82 54 100
82 54 2450
83 54 100
83 54 2450
84 54 100
84 54 2450
85 54 100
85 54 2450
86 54 100
86 54 2450
87 54 100
87 54 2450
88 54 100
89 54 100
90 54 100
91 54 100
92 54 100
93 54 100
94 54 100
95 54 100
96 54 100
97 54 100
98 54 100
99 54 100
100 54 100
101 54 100
102 54 100
103 54 100
104 54 100
105 54 100
106 54 100
107 54 100
108 54 100
109 54 100
110 54 100
111 54 100
112 54 100
112 54 2450
113 54 100
113 54 2450
114 54 100
114 54 2450
115 54 100
115 54 2450
116 54 100
116 54 2450
117 54 100
117 54 2450
118 54 100
118 54 2450
119 54 100
119 54 2450
120 54 100
120 54 2450
121 54 100
121 54 2450
122 54 100
122 54 2450
123 54 100
123 54 2450
124 54 100
125 54 100
126 54 100
127 54 100
128 54 100
129 54 100
130 54 100
131 54 100
132 54 100
133 54 100
134 54 100
135 54 100
136 54 100
137 54 100
138 54 100
139 54 100
140 54 100
141 54 100
142 54 100
143 54 100
144 54 100
145 54 100
146 54 100
147 54 100
148 54 100
149 54 100
150 54 100
151 54 100
152 54 100
153 54 100
153 54 2450
154 54 100
154 54 2450
155 54 100
155 54 2450
156 54 100
156 54 2450
157 54 100
157 54 2450
158 54 100
158 54 2450
159 54 100
159 54 2450
160 54 100
160 54 2450
161 54 100
161 54 2450
162 54 100
162 54 2450
163 54 100
163 54 2450
164 54 100
164 54 2450
165 54 100
165 54 2450
166 54 100
166 54 2450
167 54 100
167 54 2450
168 54 100
168 54 2450
169 54 100
170 54 100
171 54 100
172 54 100
173 54 100
174 54 100
175 54 100
189 139 100
188 139 100
187 139 100
187 139 2450
186 139 100
186 139 2450
185 139 100
185 139 2450
184 139 100
184 139 2450
183 139 100
183 139 2450
182 139 100
182 139 2450
181 139 100
181 139 2450
180 139 100
180 139 2450
179 139 100
179 139 2450
178 139 100
178 139 2450
177 139 100
177 139 2450
