55 73 100
56 73 100
57 73 100
58 73 100
59 73 100
60 73 100
61 73 100
62 73 100
63 73 100
64 73 100
65 73 100
65 73 2450
66 73 100
66 73 2450
67 73 100
67 73 2450
68 73 100
68 73 2450
69 73 100
69 73 2450
70 73 100
70 73 2450
71 73 100
71 73 2450
72 73 100
72 73 2450
73 73 100
73 73 2450
74 73 100
74 73 2450
75 73 100
75 73 2450
76 73 100
76 73 2450
77 73 100
77 73 2450
78 73 100
78 73 2450
78 73 1225
79 73 100
79 73 2450
79 73 1225
80 73 100
80 73 2450
80 73 1225
81 73 100
81 73 2450
81 73 1225
82 73 100
82 73 2450
82 73 1225
83 73 100
83 73 2450
83 73 1225
84 73 100
84 73 2450
84 73 1225
85 73 100
85 73 2450
85 73 1225
86 73 100
86 73 2450
86 73 1225
87 73 100
87 73 2450
87 73 1225
88 73 100
88 73 2450
88 73 1225
89 73 100
89 73 2450
89 73 1225
90 73 100
90 73 2450
90 73 1225
91 73 100
91 73 2450
91 73 1225
91 74 100
91 74 2450
91 74 1225
91 75 100
91 75 2450
91 75 1225
91 76 100
91 76 2450
91 76 1225
91 77 100
91 77 2450
91 77 1225
91 78 100
91 78 2450
91 78 1225
91 79 100
91 79 2450
91 79 1225
91 80 100
91 80 2450
91 80 1225
91 81 100
91 81 2450
91 81 1225
91 82 100
91 82 2450
91 83 100
91 83 2450
91 84 100
91 84 2450
91 85 100
91 85 2450
91 86 100
91 86 2450
91 87 100
91 87 2450
91 88 100
91 88 2450
91 89 100
91 89 2450
91 90 100
91 90 2450
91 91 100
91 91 2450
91 92 100
91 92 2450
91 93 100
91 93 2450
91 94 100
91 94 2450
91 95 100
91 95 2450
91 96 100
91 96 2450
91 97 100
91 97 2450
91 98 100
91 98 2450
91 99 100
91 99 2450
91 100 100
91 100 2450
91 101 100
91 101 2450
91 102 100
91 102 2450
91 103 100
91 103 2450
91 104 100
91 104 2450
91 104 1225
91 105 100
91 105 2450
91 105 1225
91 106 100
91 106 2450
91 106 1225
91 107 100
91 107 2450
91 107 1225
91 108 100
91 108 2450
91 108 1225
91 109 100
91 109 2450
91 109 1225
91 110 100
91 110 2450
91 110 1225
91 111 100
91 111 2450
91 111 1225
91 112 100
91 112 2450
91 112 1225
91 113 100
91 113 2450
91 113 1225
91 113 612
91 114 100
91 114 2450
91 114 1225
91 114 612
91 115 100
91 115 2450
91 115 1225
91 115 612
91 116 100
91 116 2450
91 116 1225
91 116 612
91 117 100
91 117 2450
91 117 1225
91 118 100
91 118 2450
91 118 1225
91 119 100
91 119 2450
91 119 1225
91 120 100
91 120 2450
91 120 1225
91 121 100
91 121 2450
91 121 1225
91 122 100
91 122 2450
91 122 1225
91 123 100
91 123 2450
91 123 1225
91 124 100
91 124 2450
91 125 100
91 125 2450
91 126 100
91 126 2450
91 127 100
91 127 2450
91 128 100
91 128 2450
91 129 100
91 129 2450
91 129 1225
91 130 100
91 130 2450
91 130 1225
91 131 100
91 131 2450
91 131 1225
91 132 100
91 132 2450
91 132 1225
91 133 100
91 133 2450
91 133 1225
91 134 100
91 134 2450
91 134 1225
91 135 100
91 135 2450
91 135 1225
91 136 100
91 136 2450
91 136 1225
91 136 612
91 137 100
91 137 2450
91 137 1225
91 137 612
91 138 100
91 138 2450
91 138 1225
91 138 612
91 139 100
91 139 2450
91 139 1225
91 139 612
91 140 100
91 140 2450
91 140 1225
91 140 612
