120 189 100
119 189 100
118 189 100
117 189 100
116 189 100
115 189 100
114 189 100
113 189 100
112 189 100
111 189 100
110 189 100
109 189 100
108 189 100
107 189 100
106 189 100
105 189 100
104 189 100
103 189 100
102 189 100
101 189 100
100 189 100
99 189 100
98 189 100
97 189 100
96 189 100
95 189 100
94 189 100
93 189 100
92 189 100
91 189 100
90 189 100
89 189 100
88 189 100
87 189 100
86 189 100
85 189 100
84 189 100
83 189 100
82 189 100
81 189 100
80 189 100
79 189 100
78 189 100
77 189 100
76 189 100
75 189 100
74 189 100
73 189 100
72 189 100
71 189 100
70 189 100
69 189 100
68 189 100
67 189 100
66 189 100
65 189 100
64 189 100
63 189 100
63 188 100
63 187 100
63 186 100
63 185 100
63 184 100
63 183 100
63 182 100
63 181 100
63 180 100
63 179 100
63 178 100
63 177 100
63 176 100
63 175 100
63 174 100
63 173 100
63 172 100
63 171 100
63 170 100
63 169 100
63 168 100
63 167 100
63 166 100
63 165 100
63 164 100
63 163 100
63 162 100
63 161 100
63 160 100
63 159 100
63 158 100
63 157 100
63 156 100
63 155 100
63 154 100
63 153 100
63 152 100
63 151 100
63 150 100
63 149 100
63 148 100
63 147 100
103 9 100
102 9 100
101 9 100
100 9 100
99 9 100
98 9 100
97 9 100
96 9 100
95 9 100
94 9 100
93 9 100
92 9 100
91 9 100
90 9 100
89 9 100
89 9 2450
88 9 100
88 9 2450
87 9 100
87 9 2450
86 9 100
86 9 2450
85 9 100
85 9 2450
84 9 100
84 9 2450
83 9 100
83 9 2450
82 9 100
82 9 2450
81 9 100
81 9 2450
80 9 100
80 9 2450
79 9 100
79 9 2450
78 9 100
78 9 2450
77 9 100
77 9 2450
76 9 100
76 9 2450
75 9 100
75 9 2450
74 9 100
74 9 2450
73 9 100
73 9 2450
72 9 100
72 9 2450
71 9 100
71 9 2450
70 9 100
70 9 2450
69 9 100
69 9 2450
68 9 100
68 9 2450
67 9 100
67 9 2450
66 9 100
66 9 2450
65 9 100
65 9 2450
64 9 100
64 9 2450
63 9 100
63 9 2450
63 10 100
63 10 2450
63 11 100
63 11 2450
63 12 100
63 12 2450
63 13 100
63 13 2450
63 14 100
63 14 2450
63 15 100
63 15 2450
63 16 100
63 16 2450
63 17 100
63 17 2450
63 18 100
63 18 2450
63 19 100
63 19 2450
63 20 100
63 20 2450
63 21 100
63 21 2450
63 22 100
63 22 2450
63 23 100
63 23 2450
63 24 100
63 24 2450
63 25 100
63 25 2450
63 26 100
63 26 2450
63 27 100
63 28 100
63 29 100
63 30 100
63 31 100
63 32 100
63 33 100
63 34 100
63 35 100
63 36 100
63 37 100
63 38 100
63 38 2450
63 39 100
63 39 2450
63 40 100
63 40 2450
63 41 100
63 41 2450
63 42 100
63 42 2450
63 43 100
63 43 2450
63 44 100
63 44 2450
63 45 100
63 45 2450
63 46 100
63 46 2450
63 47 100
63 47 2450
63 48 100
63 48 2450
63 49 100
63 49 2450
63 50 100
63 50 2450
63 51 100
63 51 2450
63 52 100
63 52 2450
63 53 100
63 53 2450
63 54 100
63 54 2450
63 55 100
63 55 2450
63 56 100
63 56 2450
63 57 100
63 57 2450
63 58 100
63 58 2450
63 59 100
63 59 2450
63 60 100
63 60 2450
63 61 100
63 61 2450
63 62 100
63 62 2450
63 62 1225
63 63 100
63 63 2450
63 63 1225
63 64 100
63 64 2450
63 64 1225
63 65 100
63 65 2450
63 65 1225
63 66 100
63 66 2450
63 66 1225
63 67 100
63 67 2450
63 67 1225
63 68 100
63 68 2450
63 68 1225
63 68 612
63 69 100
63 69 2450
63 69 1225
63 69 612
63 70 100
63 70 2450
63 70 1225
63 71 100
63 71 2450
63 71 1225
63 72 100
63 72 2450
63 72 1225
63 73 100
63 73 2450
63 73 1225
63 74 100
63 74 2450
63 74 1225
63 75 100
63 75 2450
63 76 100
63 76 2450
63 77 100
63 77 2450
63 78 100
63 78 2450
63 79 100
63 79 2450
63 80 100
63 80 2450
63 81 100
63 81 2450
63 82 100
63 82 2450
63 83 100
63 83 2450
63 84 100
63 84 2450
63 84 1225
63 85 100
63 85 2450
63 85 1225
63 86 100
63 86 2450
63 86 1225
63 87 100
63 87 2450
63 88 100
63 88 2450
63 89 100
63 89 2450
63 90 100
63 90 2450
63 91 100
63 91 2450
63 92 100
63 92 2450
63 93 100
63 93 2450
63 94 100
63 94 2450
63 95 100
63 95 2450
63 96 100
63 96 2450
63 97 100
63 97 2450
63 98 100
63 98 2450
63 99 100
63 99 2450
63 100 100
63 100 2450
63 101 100
63 101 2450
63 102 100
63 102 2450
63 103 100
63 103 2450
63 104 100
63 104 2450
63 105 100
63 105 2450
63 106 100
63 106 2450
63 107 100
63 107 2450
63 108 100
63 108 2450
63 109 100
63 109 2450
63 110 100
63 110 2450
63 111 100
63 111 2450
63 112 100
63 112 2450
63 113 100
63 113 2450
63 113 1225
63 114 100
63 114 2450
63 114 1225
63 115 100
63 115 2450
63 115 1225
63 116 100
63 116 2450
63 116 1225
63 117 100
63 117 2450
63 118 100
63 118 2450
63 119 100
63 119 2450
63 120 100
63 120 2450
63 121 100
63 121 2450
63 122 100
63 122 2450
63 123 100
63 123 2450
63 124 100
63 124 2450
63 125 100
63 125 2450
63 126 100
63 126 2450
63 127 100
63 127 2450
63 128 100
63 128 2450
63 129 100
63 129 2450
63 130 100
63 130 2450
63 131 100
63 131 2450
63 132 100
63 132 2450
63 133 100
63 133 2450
63 134 100
63 134 2450
63 135 100
63 135 2450
63 136 100
63 136 2450
63 137 100
63 138 100
63 139 100
63 140 100
63 141 100
63 142 100
63 143 100
63 144 100
63 145 100
63 146 100
176 19 100
175 19 100
174 19 100
173 19 100
172 19 100
171 19 100
170 19 100
169 19 100
168 19 100
167 19 100
166 19 100
165 19 100
164 19 100
163 19 100
162 19 100
162 19 2450
161 19 100
161 19 2450
160 19 100
160 19 2450
159 19 100
159 19 2450
158 19 100
158 19 2450
157 19 100
157 19 2450
156 19 100
156 19 2450
155 19 100
155 19 2450
154 19 100
154 19 2450
153 19 100
153 19 2450
152 19 100
152 19 2450
151 19 100
151 19 2450
150 19 100
150 19 2450
149 19 100
149 19 2450
148 19 100
148 19 2450
147 19 100
147 19 2450
146 19 100
146 19 2450
145 19 100
145 19 2450
144 19 100
144 19 2450
143 19 100
143 19 2450
143 19 1225
142 19 100
142 19 2450
141 19 100
141 19 2450
140 19 100
140 19 2450
139 19 100
139 19 2450
138 19 100
138 19 2450
137 19 100
137 19 2450
136 19 100
136 19 2450
135 19 100
135 19 2450
134 19 100
134 19 2450
133 19 100
133 19 2450
132 19 100
132 19 2450
131 19 100
131 19 2450
130 19 100
130 19 2450
129 19 100
129 19 2450
128 19 100
128 19 2450
127 19 100
127 19 2450
126 19 100
126 19 2450
125 19 100
125 19 2450
124 19 100
123 19 100
122 19 100
121 19 100
120 19 100
119 19 100
118 19 100
117 19 100
116 19 100
115 19 100
114 19 100
113 19 100
112 19 100
111 19 100
110 19 100
109 19 100
108 19 100
107 19 100
106 19 100
105 19 100
104 19 100
103 19 100
102 19 100
101 19 100
100 19 100
99 19 100
98 19 100
97 19 100
96 19 100
95 19 100
94 19 100
93 19 100
92 19 100
91 19 100
90 19 100
89 19 100
88 19 100
87 19 100
86 19 100
85 19 100
84 19 100
83 19 100
82 19 100
81 19 100
80 19 100
80 19 2450
79 19 100
79 19 2450
78 19 100
78 19 2450
77 19 100
77 19 2450
76 19 100
76 19 2450
75 19 100
75 19 2450
74 19 100
74 19 2450
73 19 100
73 19 2450
72 19 100
72 19 2450
71 19 100
71 19 2450
70 19 100
70 19 2450
69 19 100
69 19 2450
68 19 100
68 19 2450
67 19 100
67 19 2450
66 19 100
66 19 2450
65 19 100
65 19 2450
64 19 100
64 19 2450
194 74 100
193 74 100
192 74 100
191 74 100
190 74 100
189 74 100
188 74 100
187 74 100
186 74 100
185 74 100
184 74 100
183 74 100
182 74 100
181 74 100
180 74 100
179 74 100
178 74 100
177 74 100
176 74 100
175 74 100
174 74 100
173 74 100
172 74 100
171 74 100
170 74 100
169 74 100
168 74 100
167 74 100
166 74 100
165 74 100
164 74 100
163 74 100
162 74 100
161 74 100
160 74 100
159 74 100
158 74 100
157 74 100
156 74 100
155 74 100
154 74 100
153 74 100
152 74 100
151 74 100
150 74 100
149 74 100
148 74 100
147 74 100
146 74 100
145 74 100
144 74 100
143 74 100
142 74 100
141 74 100
140 74 100
139 74 100
138 74 100
137 74 100
136 74 100
135 74 100
134 74 100
133 74 100
132 74 100
131 74 100
130 74 100
129 74 100
128 74 100
127 74 100
126 74 100
125 74 100
124 74 100
123 74 100
122 74 100
121 74 100
120 74 100
119 74 100
118 74 100
117 74 100
116 74 100
115 74 100
114 74 100
113 74 100
112 74 100
111 74 100
110 74 100
109 74 100
108 74 100
107 74 100
106 74 100
105 74 100
104 74 100
103 74 100
102 74 100
102 74 2450
101 74 100
101 74 2450
100 74 100
100 74 2450
99 74 100
99 74 2450
98 74 100
98 74 2450
97 74 100
97 74 2450
96 74 100
96 74 2450
95 74 100
95 74 2450
94 74 100
94 74 2450
93 74 100
93 74 2450
92 74 100
92 74 2450
91 74 100
91 74 2450
90 74 100
90 74 2450
89 74 100
89 74 2450
88 74 100
88 74 2450
87 74 100
87 74 2450
86 74 100
86 74 2450
85 74 100
85 74 2450
84 74 100
84 74 2450
83 74 100
83 74 2450
82 74 100
82 74 2450
81 74 100
81 74 2450
80 74 100
80 74 2450
79 74 100
79 74 2450
78 74 100
78 74 2450
77 74 100
77 74 2450
77 74 1225
76 74 100
76 74 2450
76 74 1225
75 74 100
75 74 2450
75 74 1225
74 74 100
74 74 2450
74 74 1225
73 74 100
73 74 2450
73 74 1225
72 74 100
72 74 2450
72 74 1225
71 74 100
71 74 2450
71 74 1225
70 74 100
70 74 2450
70 74 1225
69 74 100
69 74 2450
69 74 1225
68 74 100
68 74 2450
68 74 1225
67 74 100
67 74 2450
67 74 1225
66 74 100
66 74 2450
66 74 1225
65 74 100
65 74 2450
65 74 1225
64 74 100
64 74 2450
64 74 1225
33 22 100
34 22 100
35 22 100
36 22 100
37 22 100
38 22 100
39 22 100
40 22 100
41 22 100
42 22 100
43 22 100
44 22 100
45 22 100
46 22 100
47 22 100
48 22 100
49 22 100
50 22 100
51 22 100
52 22 100
53 22 100
54 22 100
55 22 100
56 22 100
57 22 100
58 22 100
59 22 100
60 22 100
61 22 100
61 22 2450
62 22 100
62 22 2450
