37 36 100
38 36 100
39 36 100
40 36 100
41 36 100
42 36 100
43 36 100
44 36 100
45 36 100
46 36 100
47 36 100
48 36 100
49 36 100
50 36 100
51 36 100
52 36 100
53 36 100
53 36 2450
54 36 100
54 36 2450
55 36 100
55 36 2450
56 36 100
56 36 2450
57 36 100
57 36 2450
58 36 100
58 36 2450
59 36 100
59 36 2450
60 36 100
60 36 2450
61 36 100
61 36 2450
62 36 100
62 36 2450
63 36 100
63 36 2450
64 36 100
64 36 2450
65 36 100
65 36 2450
66 36 100
66 36 2450
67 36 100
67 36 2450
68 36 100
68 36 2450
69 36 100
69 36 2450
70 36 100
70 36 2450
71 36 100
71 36 2450
71 36 1225
72 36 100
72 36 2450
72 36 1225
73 36 100
73 36 2450
73 36 1225
74 36 100
74 36 2450
74 36 1225
75 36 100
75 36 2450
75 36 1225
76 36 100
76 36 2450
76 36 1225
77 36 100
77 36 2450
77 36 1225
78 36 100
78 36 2450
78 36 1225
79 36 100
79 36 2450
79 36 1225
80 36 100
80 36 2450
80 36 1225
80 36 612
81 36 100
81 36 2450
81 36 1225
81 36 612
82 36 100
82 36 2450
82 36 1225
82 36 612
83 36 100
83 36 2450
83 36 1225
83 36 612
84 36 100
84 36 2450
84 36 1225
84 36 612
85 36 100
85 36 2450
85 36 1225
85 36 612
86 36 100
86 36 2450
86 36 1225
87 36 100
87 36 2450
87 36 1225
88 36 100
88 36 2450
88 36 1225
89 36 100
89 36 2450
89 36 1225
90 36 100
90 36 2450
90 36 1225
91 36 100
91 36 2450
92 36 100
92 36 2450
93 36 100
93 36 2450
94 36 100
94 36 2450
95 36 100
95 36 2450
96 36 100
96 36 2450
97 36 100
97 36 2450
98 36 100
98 36 2450
99 36 100
99 36 2450
100 36 100
100 36 2450
101 36 100
101 36 2450
102 36 100
102 36 2450
103 36 100
103 36 2450
104 36 100
104 36 2450
105 36 100
105 36 2450
106 36 100
106 36 2450
107 36 100
107 36 2450
108 36 100
108 36 2450
109 36 100
109 36 2450
110 36 100
110 36 2450
111 36 100
112 36 100
113 36 100
114 36 100
114 36 2450
115 36 100
115 36 2450
116 36 100
116 36 2450
117 36 100
117 36 2450
118 36 100
118 36 2450
119 36 100
119 36 2450
120 36 100
120 36 2450
121 36 100
121 36 2450
122 36 100
122 36 2450
123 36 100
123 36 2450
124 36 100
124 36 2450
125 36 100
125 36 2450
126 36 100
126 36 2450
127 36 100
127 36 2450
128 36 100
128 36 2450
129 36 100
129 36 2450
129 36 1225
130 36 100
130 36 2450
130 36 1225
131 36 100
131 36 2450
131 36 1225
132 36 100
132 36 2450
132 36 1225
133 36 100
133 36 2450
133 36 1225
134 36 100
134 36 2450
134 36 1225
134 36 612
135 36 100
135 36 2450
135 36 1225
135 36 612
136 36 100
136 36 2450
136 36 1225
136 36 612
137 36 100
137 36 2450
137 36 1225
137 36 612
138 36 100
138 36 2450
138 36 1225
138 36 612
138 36 306
139 36 100
139 36 2450
139 36 1225
139 36 612
139 36 306
140 36 100
140 36 2450
140 36 1225
140 36 612
140 36 306
141 36 100
141 36 2450
141 36 1225
141 36 612
141 36 306
142 36 100
142 36 2450
142 36 1225
142 36 612
142 36 306
143 36 100
143 36 2450
143 36 1225
143 36 612
143 36 306
144 36 100
144 36 2450
144 36 1225
144 36 612
144 36 306
145 36 100
145 36 2450
145 36 1225
145 36 612
145 36 306
146 36 100
146 36 2450
146 36 1225
146 36 612
147 36 100
147 36 2450
147 36 1225
147 36 612
147 36 306
148 36 100
148 36 2450
148 36 1225
148 36 612
148 36 306
149 36 100
149 36 2450
149 36 1225
149 36 612
149 36 306
150 36 100
150 36 2450
150 36 1225
150 36 612
150 36 306
151 36 100
151 36 2450
151 36 1225
151 36 612
152 36 100
152 36 2450
152 36 1225
152 36 612
153 36 100
153 36 2450
153 36 1225
153 36 612
154 36 100
154 36 2450
154 36 1225
155 36 100
155 36 2450
155 36 1225
156 36 100
156 36 2450
156 36 1225
157 36 100
157 36 2450
158 36 100
158 36 2450
159 36 100
159 36 2450
160 36 100
160 36 2450
161 36 100
161 36 2450
162 36 100
162 36 2450
163 36 100
163 36 2450
164 36 100
164 36 2450
165 36 100
165 36 2450
166 36 100
166 36 2450
167 36 100
167 36 2450
168 36 100
168 36 2450
169 36 100
169 36 2450
170 36 100
171 36 100
172 36 100
173 36 100
174 36 100
175 36 100
176 36 100
177 36 100
178 36 100
179 36 100
180 36 100
181 36 100
182 36 100
182 35 100
182 34 100
182 33 100
182 32 100
182 31 100
182 30 100
182 29 100
182 28 100
182 27 100
182 26 100
182 25 100
182 24 100
182 23 100
182 22 100
182 21 100
182 20 100
182 19 100
182 18 100
182 17 100
182 16 100
182 15 100
182 14 100
182 13 100
182 12 100
182 11 100
182 10 100
182 9 100
182 8 100
182 7 100
182 6 100
182 5 100
182 4 100
182 3 100
182 2 100
182 1 100
163 130 100
164 130 100
165 130 100
166 130 100
167 130 100
168 130 100
169 130 100
170 130 100
171 130 100
172 130 100
173 130 100
174 130 100
175 130 100
176 130 100
177 130 100
178 130 100
179 130 100
180 130 100
181 130 100
182 130 100
182 129 100
182 128 100
182 127 100
182 126 100
182 125 100
182 124 100
182 123 100
182 122 100
182 121 100
182 120 100
182 119 100
182 118 100
182 117 100
182 116 100
182 115 100
182 114 100
182 114 2450
182 113 100
182 113 2450
182 112 100
182 112 2450
182 111 100
182 111 2450
182 110 100
182 110 2450
182 109 100
182 109 2450
182 108 100
182 108 2450
182 107 100
182 107 2450
182 106 100
182 106 2450
182 105 100
182 105 2450
182 104 100
182 104 2450
182 103 100
182 103 2450
182 102 100
182 102 2450
182 101 100
182 101 2450
182 100 100
182 100 2450
182 99 100
182 99 2450
182 98 100
182 98 2450
182 97 100
182 97 2450
182 96 100
182 96 2450
182 95 100
182 95 2450
182 94 100
182 94 2450
182 93 100
182 93 2450
182 92 100
182 92 2450
182 91 100
182 90 100
182 89 100
182 88 100
182 87 100
182 87 2450
182 86 100
182 86 2450
182 85 100
182 85 2450
182 84 100
182 84 2450
182 83 100
182 83 2450
182 82 100
182 82 2450
182 81 100
182 81 2450
182 80 100
182 80 2450
182 79 100
182 79 2450
182 78 100
182 78 2450
182 77 100
182 77 2450
182 76 100
182 76 2450
182 75 100
182 75 2450
182 74 100
182 74 2450
182 73 100
182 73 2450
182 72 100
182 72 2450
182 71 100
182 71 2450
182 70 100
182 70 2450
182 69 100
182 69 2450
182 68 100
182 68 2450
182 67 100
182 67 2450
182 66 100
182 66 2450
182 65 100
182 65 2450
182 64 100
182 64 2450
182 63 100
182 63 2450
182 62 100
182 62 2450
182 61 100
182 61 2450
182 60 100
182 59 100
182 58 100
182 57 100
182 56 100
182 55 100
182 54 100
182 53 100
182 52 100
182 51 100
182 50 100
182 49 100
182 48 100
182 47 100
182 46 100
182 45 100
182 44 100
182 43 100
182 42 100
182 41 100
182 40 100
182 39 100
182 38 100
182 37 100
9 185 100
10 185 100
11 185 100
12 185 100
13 185 100
14 185 100
15 185 100
16 185 100
17 185 100
18 185 100
19 185 100
20 185 100
21 185 100
22 185 100
23 185 100
24 185 100
25 185 100
26 185 100
27 185 100
28 185 100
29 185 100
30 185 100
31 185 100
31 185 2450
32 185 100
32 185 2450
33 185 100
33 185 2450
34 185 100
34 185 2450
35 185 100
35 185 2450
36 185 100
36 185 2450
37 185 100
37 185 2450
38 185 100
38 185 2450
39 185 100
39 185 2450
40 185 100
40 185 2450
41 185 100
41 185 2450
42 185 100
42 185 2450
43 185 100
43 185 2450
44 185 100
44 185 2450
45 185 100
45 185 2450
46 185 100
46 185 2450
47 185 100
47 185 2450
48 185 100
48 185 2450
49 185 100
49 185 2450
50 185 100
50 185 2450
51 185 100
51 185 2450
52 185 100
52 185 2450
53 185 100
53 185 2450
54 185 100
54 185 2450
55 185 100
55 185 2450
56 185 100
56 185 2450
57 185 100
57 185 2450
57 185 1225
58 185 100
58 185 2450
58 185 1225
59 185 100
59 185 2450
59 185 1225
60 185 100
60 185 2450
60 185 1225
60 185 612
61 185 100
61 185 2450
61 185 1225
61 185 612
62 185 100
62 185 2450
62 185 1225
62 185 612
62 185 306
63 185 100
63 185 2450
63 185 1225
63 185 612
63 185 306
64 185 100
64 185 2450
64 185 1225
64 185 612
64 185 306
65 185 100
65 185 2450
65 185 1225
65 185 612
65 185 306
65 185 153
66 185 100
66 185 2450
66 185 1225
66 185 612
66 185 306
67 185 100
67 185 2450
67 185 1225
67 185 612
67 185 306
68 185 100
68 185 2450
68 185 1225
68 185 612
68 185 306
69 185 100
69 185 2450
69 185 1225
69 185 612
69 185 306
70 185 100
70 185 2450
70 185 1225
70 185 612
71 185 100
71 185 2450
71 185 1225
71 185 612
72 185 100
72 185 2450
72 185 1225
72 185 612
73 185 100
73 185 2450
73 185 1225
74 185 100
74 185 2450
74 185 1225
75 185 100
75 185 2450
75 185 1225
76 185 100
76 185 2450
76 185 1225
77 185 100
77 185 2450
77 185 1225
78 185 100
78 185 2450
79 185 100
79 185 2450
80 185 100
80 185 2450
81 185 100
81 185 2450
82 185 100
82 185 2450
83 185 100
83 185 2450
84 185 100
84 185 2450
85 185 100
85 185 2450
86 185 100
86 185 2450
87 185 100
87 185 2450
88 185 100
89 185 100
90 185 100
91 185 100
92 185 100
93 185 100
94 185 100
95 185 100
96 185 100
97 185 100
98 185 100
99 185 100
100 185 100
101 185 100
102 185 100
103 185 100
104 185 100
105 185 100
106 185 100
107 185 100
108 185 100
109 185 100
110 185 100
111 185 100
112 185 100
113 185 100
114 185 100
114 185 2450
115 185 100
115 185 2450
116 185 100
116 185 2450
117 185 100
117 185 2450
118 185 100
118 185 2450
119 185 100
119 185 2450
120 185 100
120 185 2450
121 185 100
121 185 2450
122 185 100
122 185 2450
122 185 1225
123 185 100
123 185 2450
123 185 1225
124 185 100
124 185 2450
124 185 1225
125 185 100
125 185 2450
125 185 1225
125 185 612
126 185 100
126 185 2450
126 185 1225
126 185 612
127 185 100
127 185 2450
127 185 1225
127 185 612
128 185 100
128 185 2450
128 185 1225
128 185 612
129 185 100
129 185 2450
129 185 1225
129 185 612
130 185 100
130 185 2450
130 185 1225
130 185 612
131 185 100
131 185 2450
131 185 1225
132 185 100
132 185 2450
132 185 1225
133 185 100
133 185 2450
133 185 1225
134 185 100
134 185 2450
134 185 1225
135 185 100
135 185 2450
136 185 100
136 185 2450
137 185 100
137 185 2450
138 185 100
138 185 2450
139 185 100
139 185 2450
140 185 100
140 185 2450
141 185 100
141 185 2450
142 185 100
142 185 2450
143 185 100
143 185 2450
144 185 100
144 185 2450
145 185 100
145 185 2450
146 185 100
146 185 2450
147 185 100
147 185 2450
148 185 100
148 185 2450
149 185 100
149 185 2450
150 185 100
150 185 2450
151 185 100
151 185 2450
152 185 100
152 185 2450
153 185 100
153 185 2450
154 185 100
154 185 2450
155 185 100
155 185 2450
155 185 1225
156 185 100
156 185 2450
156 185 1225
157 185 100
157 185 2450
157 185 1225
158 185 100
158 185 2450
158 185 1225
159 185 100
159 185 2450
159 185 1225
160 185 100
160 185 2450
160 185 1225
161 185 100
161 185 2450
161 185 1225
161 185 612
162 185 100
162 185 2450
162 185 1225
162 185 612
163 185 100
163 185 2450
163 185 1225
164 185 100
164 185 2450
164 185 1225
165 185 100
165 185 2450
165 185 1225
166 185 100
166 185 2450
166 185 1225
167 185 100
167 185 2450
167 185 1225
168 185 100
168 185 2450
168 185 1225
169 185 100
169 185 2450
169 185 1225
170 185 100
170 185 2450
170 185 1225
171 185 100
171 185 2450
172 185 100
172 185 2450
173 185 100
173 185 2450
174 185 100
174 185 2450
175 185 100
175 185 2450
176 185 100
176 185 2450
177 185 100
177 185 2450
178 185 100
178 185 2450
179 185 100
179 185 2450
180 185 100
180 185 2450
181 185 100
181 185 2450
182 185 100
182 185 2450
182 184 100
182 184 2450
182 183 100
182 183 2450
182 182 100
182 182 2450
182 181 100
182 181 2450
182 180 100
182 180 2450
182 179 100
182 179 2450
182 178 100
182 178 2450
182 177 100
182 177 2450
182 176 100
182 176 2450
182 175 100
182 175 2450
182 174 100
182 174 2450
182 173 100
182 173 2450
182 172 100
182 172 2450
182 171 100
182 171 2450
182 170 100
182 170 2450
182 169 100
182 169 2450
182 168 100
182 168 2450
182 167 100
182 167 2450
182 166 100
182 166 2450
182 165 100
182 165 2450
182 164 100
182 164 2450
182 163 100
182 163 2450
182 162 100
182 162 2450
182 161 100
182 161 2450
182 160 100
182 160 2450
182 159 100
182 159 2450
182 158 100
182 158 2450
182 157 100
182 157 2450
182 156 100
182 156 2450
182 155 100
182 155 2450
182 154 100
182 154 2450
182 153 100
182 153 2450
182 152 100
182 152 2450
182 151 100
182 151 2450
182 150 100
182 150 2450
182 149 100
182 149 2450
182 148 100
182 148 2450
182 147 100
182 147 2450
182 146 100
182 146 2450
182 145 100
182 145 2450
182 144 100
182 144 2450
182 143 100
182 143 2450
182 142 100
182 142 2450
182 141 100
182 141 2450
182 140 100
182 140 2450
182 139 100
182 138 100
182 137 100
182 136 100
182 135 100
182 134 100
182 133 100
182 132 100
182 131 100
22 89 100
23 89 100
24 89 100
25 89 100
26 89 100
27 89 100
28 89 100
29 89 100
30 89 100
31 89 100
32 89 100
33 89 100
34 89 100
35 89 100
36 89 100
37 89 100
38 89 100
39 89 100
39 89 2450
40 89 100
40 89 2450
41 89 100
41 89 2450
42 89 100
42 89 2450
43 89 100
43 89 2450
44 89 100
44 89 2450
45 89 100
45 89 2450
46 89 100
46 89 2450
47 89 100
47 89 2450
48 89 100
48 89 2450
49 89 100
49 89 2450
50 89 100
50 89 2450
51 89 100
51 89 2450
52 89 100
52 89 2450
53 89 100
53 89 2450
54 89 100
54 89 2450
55 89 100
55 89 2450
56 89 100
56 89 2450
57 89 100
57 89 2450
58 89 100
58 89 2450
59 89 100
59 89 2450
59 89 1225
60 89 100
60 89 2450
60 89 1225
61 89 100
61 89 2450
61 89 1225
62 89 100
62 89 2450
62 89 1225
63 89 100
63 89 2450
63 89 1225
64 89 100
64 89 2450
64 89 1225
65 89 100
65 89 2450
65 89 1225
66 89 100
66 89 2450
66 89 1225
67 89 100
67 89 2450
67 89 1225
68 89 100
68 89 2450
68 89 1225
69 89 100
69 89 2450
69 89 1225
70 89 100
70 89 2450
71 89 100
71 89 2450
72 89 100
72 89 2450
73 89 100
73 89 2450
74 89 100
74 89 2450
75 89 100
75 89 2450
76 89 100
76 89 2450
77 89 100
77 89 2450
78 89 100
78 89 2450
79 89 100
79 89 2450
80 89 100
80 89 2450
81 89 100
81 89 2450
82 89 100
82 89 2450
83 89 100
83 89 2450
84 89 100
85 89 100
86 89 100
87 89 100
88 89 100
89 89 100
90 89 100
91 89 100
92 89 100
93 89 100
94 89 100
95 89 100
96 89 100
97 89 100
98 89 100
99 89 100
100 89 100
101 89 100
102 89 100
103 89 100
104 89 100
105 89 100
106 89 100
107 89 100
108 89 100
109 89 100
110 89 100
111 89 100
111 89 2450
112 89 100
112 89 2450
113 89 100
113 89 2450
114 89 100
114 89 2450
115 89 100
115 89 2450
116 89 100
116 89 2450
117 89 100
117 89 2450
118 89 100
118 89 2450
119 89 100
119 89 2450
120 89 100
120 89 2450
121 89 100
121 89 2450
122 89 100
122 89 2450
123 89 100
123 89 2450
124 89 100
124 89 2450
125 89 100
125 89 2450
126 89 100
126 89 2450
127 89 100
127 89 2450
128 89 100
128 89 2450
129 89 100
129 89 2450
130 89 100
130 89 2450
131 89 100
131 89 2450
132 89 100
132 89 2450
133 89 100
133 89 2450
134 89 100
134 89 2450
135 89 100
135 89 2450
136 89 100
136 89 2450
137 89 100
137 89 2450
138 89 100
138 89 2450
139 89 100
139 89 2450
140 89 100
140 89 2450
141 89 100
141 89 2450
142 89 100
142 89 2450
143 89 100
143 89 2450
144 89 100
144 89 2450
145 89 100
145 89 2450
146 89 100
146 89 2450
147 89 100
147 89 2450
148 89 100
148 89 2450
149 89 100
149 89 2450
150 89 100
150 89 2450
151 89 100
151 89 2450
152 89 100
152 89 2450
153 89 100
153 89 2450
154 89 100
154 89 2450
155 89 100
155 89 2450
156 89 100
156 89 2450
157 89 100
157 89 2450
158 89 100
158 89 2450
159 89 100
159 89 2450
160 89 100
160 89 2450
161 89 100
161 89 2450
162 89 100
162 89 2450
163 89 100
163 89 2450
164 89 100
164 89 2450
165 89 100
165 89 2450
166 89 100
166 89 2450
167 89 100
167 89 2450
168 89 100
169 89 100
170 89 100
171 89 100
172 89 100
173 89 100
174 89 100
175 89 100
176 89 100
177 89 100
178 89 100
179 89 100
180 89 100
181 89 100
82 161 100
83 161 100
84 161 100
85 161 100
86 161 100
87 161 100
88 161 100
89 161 100
90 161 100
91 161 100
92 161 100
93 161 100
94 161 100
94 161 2450
95 161 100
95 161 2450
96 161 100
96 161 2450
97 161 100
97 161 2450
98 161 100
98 161 2450
99 161 100
99 161 2450
100 161 100
100 161 2450
101 161 100
101 161 2450
102 161 100
102 161 2450
103 161 100
103 161 2450
104 161 100
104 161 2450
105 161 100
105 161 2450
106 161 100
106 161 2450
107 161 100
107 161 2450
108 161 100
108 161 2450
109 161 100
109 161 2450
110 161 100
110 161 2450
111 161 100
111 161 2450
112 161 100
112 161 2450
113 161 100
113 161 2450
114 161 100
114 161 2450
115 161 100
115 161 2450
116 161 100
116 161 2450
117 161 100
117 161 2450
118 161 100
118 161 2450
119 161 100
119 161 2450
120 161 100
120 161 2450
121 161 100
121 161 2450
122 161 100
122 161 2450
123 161 100
123 161 2450
124 161 100
124 161 2450
125 161 100
125 161 2450
126 161 100
126 161 2450
127 161 100
128 161 100
129 161 100
130 161 100
131 161 100
132 161 100
133 161 100
134 161 100
135 161 100
136 161 100
137 161 100
138 161 100
139 161 100
140 161 100
141 161 100
142 161 100
143 161 100
144 161 100
145 161 100
146 161 100
147 161 100
148 161 100
149 161 100
150 161 100
151 161 100
152 161 100
153 161 100
154 161 100
155 161 100
156 161 100
157 161 100
158 161 100
159 161 100
160 161 100
161 161 100
161 161 2450
162 161 100
162 161 2450
163 161 100
163 161 2450
164 161 100
164 161 2450
165 161 100
165 161 2450
166 161 100
166 161 2450
167 161 100
167 161 2450
168 161 100
168 161 2450
169 161 100
169 161 2450
170 161 100
170 161 2450
171 161 100
171 161 2450
172 161 100
172 161 2450
173 161 100
173 161 2450
174 161 100
174 161 2450
175 161 100
175 161 2450
176 161 100
176 161 2450
177 161 100
177 161 2450
178 161 100
178 161 2450
179 161 100
179 161 2450
180 161 100
180 161 2450
181 161 100
181 161 2450
69 63 100
70 63 100
71 63 100
72 63 100
73 63 100
74 63 100
75 63 100
76 63 100
77 63 100
78 63 100
79 63 100
80 63 100
81 63 100
82 63 100
83 63 100
84 63 100
84 63 2450
85 63 100
85 63 2450
86 63 100
86 63 2450
87 63 100
87 63 2450
88 63 100
88 63 2450
89 63 100
89 63 2450
90 63 100
90 63 2450
91 63 100
91 63 2450
92 63 100
92 63 2450
93 63 100
93 63 2450
94 63 100
94 63 2450
95 63 100
95 63 2450
96 63 100
96 63 2450
97 63 100
97 63 2450
98 63 100
98 63 2450
99 63 100
99 63 2450
100 63 100
100 63 2450
101 63 100
101 63 2450
102 63 100
102 63 2450
103 63 100
103 63 2450
104 63 100
104 63 2450
105 63 100
105 63 2450
106 63 100
106 63 2450
107 63 100
108 63 100
109 63 100
110 63 100
111 63 100
112 63 100
113 63 100
114 63 100
115 63 100
116 63 100
117 63 100
118 63 100
119 63 100
120 63 100
121 63 100
122 63 100
123 63 100
124 63 100
125 63 100
126 63 100
127 63 100
128 63 100
129 63 100
130 63 100
131 63 100
132 63 100
133 63 100
134 63 100
135 63 100
136 63 100
137 63 100
138 63 100
139 63 100
140 63 100
141 63 100
142 63 100
143 63 100
144 63 100
145 63 100
145 63 2450
146 63 100
146 63 2450
147 63 100
147 63 2450
148 63 100
148 63 2450
149 63 100
149 63 2450
150 63 100
150 63 2450
151 63 100
151 63 2450
152 63 100
152 63 2450
153 63 100
153 63 2450
154 63 100
154 63 2450
155 63 100
155 63 2450
156 63 100
156 63 2450
157 63 100
157 63 2450
158 63 100
158 63 2450
159 63 100
159 63 2450
160 63 100
160 63 2450
161 63 100
161 63 2450
162 63 100
162 63 2450
163 63 100
163 63 2450
164 63 100
164 63 2450
165 63 100
165 63 2450
166 63 100
166 63 2450
167 63 100
167 63 2450
168 63 100
169 63 100
170 63 100
171 63 100
172 63 100
173 63 100
174 63 100
175 63 100
176 63 100
177 63 100
178 63 100
179 63 100
180 63 100
181 63 100
181 63 2450
