39 130 100
39 130 2450
40 130 100
40 130 2450
41 130 100
41 130 2450
42 130 100
42 130 2450
43 130 100
44 130 100
45 130 100
46 130 100
47 130 100
48 130 100
49 130 100
50 130 100
51 130 100
52 130 100
53 130 100
54 130 100
55 130 100
55 130 2450
56 130 100
56 130 2450
57 130 100
57 130 2450
58 130 100
58 130 2450
59 130 100
59 130 2450
60 130 100
60 130 2450
61 130 100
61 130 2450
62 130 100
62 130 2450
63 130 100
63 130 2450
64 130 100
64 130 2450
65 130 100
65 130 2450
66 130 100
66 130 2450
67 130 100
67 130 2450
68 130 100
68 130 2450
69 130 100
69 130 2450
70 130 100
70 130 2450
71 130 100
71 130 2450
72 130 100
72 130 2450
73 130 100
73 130 2450
74 130 100
74 130 2450
75 130 100
75 130 2450
75 129 100
75 129 2450
75 128 100
75 128 2450
75 127 100
75 127 2450
75 126 100
75 126 2450
75 125 100
75 125 2450
75 124 100
75 124 2450
75 123 100
75 123 2450
75 122 100
75 122 2450
75 121 100
75 121 2450
75 120 100
75 120 2450
75 119 100
75 119 2450
75 118 100
75 118 2450
75 117 100
75 117 2450
75 116 100
75 116 2450
75 115 100
75 115 2450
75 114 100
75 114 2450
75 113 100
75 113 2450
75 112 100
75 112 2450
75 111 100
75 111 2450
75 110 100
75 110 2450
75 109 100
75 109 2450
75 108 100
75 108 2450
75 107 100
75 107 2450
75 106 100
75 106 2450
75 105 100
75 105 2450
75 104 100
75 104 2450
75 103 100
75 103 2450
75 102 100
75 102 2450
75 101 100
75 101 2450
75 100 100
75 100 2450
75 99 100
75 99 2450
75 98 100
75 98 2450
75 97 100
75 97 2450
75 96 100
75 95 100
75 94 100
75 93 100
75 92 100
75 91 100
75 90 100
75 89 100
169 112 100
169 112 2450
168 112 100
168 112 2450
167 112 100
167 112 2450
166 112 100
166 112 2450
165 112 100
165 112 2450
164 112 100
164 112 2450
163 112 100
163 112 2450
162 112 100
162 112 2450
161 112 100
161 112 2450
160 112 100
160 112 2450
159 112 100
159 112 2450
158 112 100
158 112 2450
157 112 100
157 112 2450
156 112 100
156 112 2450
155 112 100
155 112 2450
154 112 100
154 112 2450
153 112 100
153 112 2450
152 112 100
152 112 2450
151 112 100
151 112 2450
150 112 100
150 112 2450
149 112 100
149 112 2450
148 112 100
148 112 2450
147 112 100
147 112 2450
146 112 100
146 112 2450
145 112 100
145 112 2450
144 112 100
144 112 2450
143 112 100
143 112 2450
142 112 100
142 112 2450
141 112 100
141 112 2450
140 112 100
140 112 2450
139 112 100
139 112 2450
138 112 100
138 112 2450
137 112 100
137 112 2450
136 112 100
136 112 2450
135 112 100
135 112 2450
134 112 100
134 112 2450
133 112 100
133 112 2450
132 112 100
132 112 2450
131 112 100
131 112 2450
131 112 1225
130 112 100
130 112 2450
130 112 1225
129 112 100
129 112 2450
129 112 1225
128 112 100
128 112 2450
128 112 1225
127 112 100
127 112 2450
127 112 1225
126 112 100
126 112 2450
126 112 1225
125 112 100
125 112 2450
125 112 1225
124 112 100
124 112 2450
124 112 1225
123 112 100
123 112 2450
123 112 1225
122 112 100
122 112 2450
122 112 1225
121 112 100
121 112 2450
121 112 1225
120 112 100
120 112 2450
120 112 1225
119 112 100
119 112 2450
119 112 1225
118 112 100
118 112 2450
118 112 1225
117 112 100
117 112 2450
117 112 1225
116 112 100
116 112 2450
116 112 1225
115 112 100
115 112 2450
115 112 1225
114 112 100
114 112 2450
114 112 1225
113 112 100
113 112 2450
113 112 1225
112 112 100
112 112 2450
112 112 1225
111 112 100
111 112 2450
110 112 100
110 112 2450
109 112 100
109 112 2450
108 112 100
108 112 2450
107 112 100
107 112 2450
106 112 100
106 112 2450
105 112 100
105 112 2450
104 112 100
104 112 2450
103 112 100
103 112 2450
103 112 1225
102 112 100
102 112 2450
102 112 1225
101 112 100
101 112 2450
101 112 1225
100 112 100
100 112 2450
100 112 1225
99 112 100
99 112 2450
99 112 1225
98 112 100
98 112 2450
98 112 1225
97 112 100
97 112 2450
96 112 100
96 112 2450
95 112 100
95 112 2450
94 112 100
94 112 2450
93 112 100
93 112 2450
92 112 100
92 112 2450
91 112 100
91 112 2450
90 112 100
90 112 2450
89 112 100
89 112 2450
88 112 100
88 112 2450
88 112 1225
87 112 100
87 112 2450
87 112 1225
86 112 100
86 112 2450
85 112 100
85 112 2450
84 112 100
84 112 2450
83 112 100
83 112 2450
82 112 100
82 112 2450
81 112 100
81 112 2450
80 112 100
80 112 2450
79 112 100
79 112 2450
78 112 100
78 112 2450
77 112 100
77 112 2450
76 112 100
76 112 2450
13 152 100
14 152 100
15 152 100
16 152 100
17 152 100
18 152 100
19 152 100
20 152 100
21 152 100
22 152 100
23 152 100
23 152 2450
24 152 100
24 152 2450
25 152 100
25 152 2450
26 152 100
26 152 2450
27 152 100
27 152 2450
28 152 100
28 152 2450
29 152 100
30 152 100
31 152 100
32 152 100
33 152 100
34 152 100
35 152 100
36 152 100
36 152 2450
37 152 100
37 152 2450
38 152 100
38 152 2450
39 152 100
39 152 2450
40 152 100
40 152 2450
41 152 100
41 152 2450
42 152 100
42 152 2450
43 152 100
43 152 2450
44 152 100
44 152 2450
45 152 100
45 152 2450
46 152 100
46 152 2450
47 152 100
47 152 2450
48 152 100
48 152 2450
49 152 100
49 152 2450
50 152 100
50 152 2450
51 152 100
51 152 2450
52 152 100
52 152 2450
53 152 100
53 152 2450
54 152 100
54 152 2450
55 152 100
55 152 2450
56 152 100
56 152 2450
57 152 100
57 152 2450
58 152 100
58 152 2450
59 152 100
59 152 2450
60 152 100
60 152 2450
61 152 100
61 152 2450
62 152 100
62 152 2450
63 152 100
63 152 2450
64 152 100
64 152 2450
65 152 100
65 152 2450
66 152 100
66 152 2450
67 152 100
67 152 2450
68 152 100
68 152 2450
69 152 100
69 152 2450
70 152 100
70 152 2450
71 152 100
71 152 2450
72 152 100
72 152 2450
72 152 1225
73 152 100
73 152 2450
73 152 1225
74 152 100
74 152 2450
74 152 1225
75 152 100
75 152 2450
75 152 1225
75 151 100
75 151 2450
75 151 1225
75 150 100
75 150 2450
75 150 1225
75 149 100
75 149 2450
75 149 1225
75 148 100
75 148 2450
75 148 1225
75 148 612
75 147 100
75 147 2450
75 147 1225
75 147 612
75 146 100
75 146 2450
75 146 1225
75 146 612
75 145 100
75 145 2450
75 145 1225
75 145 612
75 144 100
75 144 2450
75 144 1225
75 144 612
75 143 100
75 143 2450
75 143 1225
75 143 612
75 142 100
75 142 2450
75 142 1225
75 141 100
75 141 2450
75 141 1225
75 140 100
75 140 2450
75 140 1225
75 139 100
75 139 2450
75 139 1225
75 138 100
75 138 2450
75 138 1225
75 137 100
75 137 2450
75 137 1225
75 136 100
75 136 2450
75 136 1225
75 135 100
75 135 2450
75 135 1225
75 134 100
75 134 2450
75 134 1225
75 133 100
75 133 2450
75 133 1225
75 132 100
75 132 2450
75 131 100
75 131 2450
126 146 100
125 146 100
124 146 100
123 146 100
122 146 100
121 146 100
120 146 100
119 146 100
118 146 100
117 146 100
116 146 100
115 146 100
114 146 100
113 146 100
112 146 100
111 146 100
110 146 100
109 146 100
109 146 2450
108 146 100
108 146 2450
107 146 100
107 146 2450
106 146 100
106 146 2450
105 146 100
105 146 2450
104 146 100
104 146 2450
103 146 100
103 146 2450
102 146 100
102 146 2450
101 146 100
101 146 2450
100 146 100
100 146 2450
99 146 100
99 146 2450
98 146 100
98 146 2450
97 146 100
97 146 2450
96 146 100
96 146 2450
95 146 100
95 146 2450
94 146 100
94 146 2450
93 146 100
93 146 2450
92 146 100
92 146 2450
91 146 100
91 146 2450
90 146 100
90 146 2450
89 146 100
89 146 2450
88 146 100
88 146 2450
87 146 100
87 146 2450
86 146 100
86 146 2450
85 146 100
85 146 2450
84 146 100
84 146 2450
84 146 1225
83 146 100
83 146 2450
83 146 1225
82 146 100
82 146 2450
82 146 1225
81 146 100
81 146 2450
81 146 1225
80 146 100
80 146 2450
80 146 1225
79 146 100
79 146 2450
79 146 1225
78 146 100
78 146 2450
78 146 1225
77 146 100
77 146 2450
77 146 1225
77 146 612
76 146 100
76 146 2450
76 146 1225
76 146 612
98 67 100
97 67 100
96 67 100
95 67 100
94 67 100
93 67 100
92 67 100
91 67 100
90 67 100
89 67 100
88 67 100
87 67 100
86 67 100
85 67 100
84 67 100
83 67 100
82 67 100
81 67 100
80 67 100
79 67 100
78 67 100
77 67 100
76 67 100
75 67 100
75 68 100
75 69 100
75 70 100
75 71 100
75 72 100
75 73 100
75 74 100
75 75 100
75 76 100
75 77 100
75 78 100
75 79 100
75 80 100
75 81 100
75 82 100
75 83 100
75 84 100
75 85 100
75 86 100
75 87 100
75 88 100
177 60 100
177 60 2450
176 60 100
176 60 2450
175 60 100
175 60 2450
174 60 100
174 60 2450
173 60 100
173 60 2450
172 60 100
172 60 2450
171 60 100
171 60 2450
170 60 100
170 60 2450
169 60 100
169 60 2450
168 60 100
168 60 2450
167 60 100
167 60 2450
166 60 100
166 60 2450
165 60 100
165 60 2450
164 60 100
164 60 2450
163 60 100
163 60 2450
162 60 100
162 60 2450
161 60 100
161 60 2450
160 60 100
160 60 2450
159 60 100
159 60 2450
158 60 100
158 60 2450
157 60 100
157 60 2450
156 60 100
156 60 2450
155 60 100
155 60 2450
154 60 100
154 60 2450
153 60 100
153 60 2450
152 60 100
152 60 2450
151 60 100
151 60 2450
150 60 100
150 60 2450
149 60 100
149 60 2450
148 60 100
148 60 2450
147 60 100
147 60 2450
146 60 100
146 60 2450
145 60 100
145 60 2450
144 60 100
144 60 2450
143 60 100
143 60 2450
142 60 100
142 60 2450
141 60 100
141 60 2450
140 60 100
140 60 2450
139 60 100
139 60 2450
138 60 100
138 60 2450
137 60 100
137 60 2450
136 60 100
136 60 2450
135 60 100
135 60 2450
134 60 100
134 60 2450
133 60 100
133 60 2450
132 60 100
132 60 2450
131 60 100
131 60 2450
130 60 100
130 60 2450
129 60 100
129 60 2450
128 60 100
128 60 2450
127 60 100
127 60 2450
126 60 100
126 60 2450
125 60 100
125 60 2450
124 60 100
124 60 2450
123 60 100
123 60 2450
122 60 100
122 60 2450
121 60 100
120 60 100
119 60 100
118 60 100
117 60 100
116 60 100
115 60 100
114 60 100
113 60 100
112 60 100
111 60 100
110 60 100
109 60 100
108 60 100
107 60 100
106 60 100
105 60 100
104 60 100
103 60 100
102 60 100
101 60 100
100 60 100
99 60 100
98 60 100
97 60 100
96 60 100
95 60 100
94 60 100
93 60 100
92 60 100
91 60 100
90 60 100
89 60 100
88 60 100
87 60 100
86 60 100
85 60 100
84 60 100
83 60 100
82 60 100
81 60 100
80 60 100
79 60 100
78 60 100
77 60 100
76 60 100
75 60 100
75 61 100
75 62 100
75 63 100
75 64 100
75 65 100
75 66 100
197 33 100
196 33 100
195 33 100
194 33 100
193 33 100
192 33 100
191 33 100
190 33 100
189 33 100
188 33 100
187 33 100
186 33 100
185 33 100
184 33 100
183 33 100
182 33 100
181 33 100
180 33 100
179 33 100
178 33 100
177 33 100
176 33 100
175 33 100
174 33 100
173 33 100
172 33 100
171 33 100
170 33 100
169 33 100
168 33 100
167 33 100
167 33 2450
166 33 100
166 33 2450
165 33 100
165 33 2450
164 33 100
164 33 2450
163 33 100
163 33 2450
162 33 100
162 33 2450
161 33 100
161 33 2450
160 33 100
160 33 2450
159 33 100
159 33 2450
158 33 100
158 33 2450
157 33 100
157 33 2450
156 33 100
156 33 2450
155 33 100
155 33 2450
154 33 100
154 33 2450
153 33 100
153 33 2450
152 33 100
152 33 2450
151 33 100
151 33 2450
150 33 100
150 33 2450
149 33 100
149 33 2450
148 33 100
148 33 2450
147 33 100
147 33 2450
146 33 100
146 33 2450
145 33 100
145 33 2450
144 33 100
144 33 2450
143 33 100
143 33 2450
142 33 100
142 33 2450
142 33 1225
141 33 100
141 33 2450
141 33 1225
140 33 100
140 33 2450
140 33 1225
139 33 100
139 33 2450
139 33 1225
138 33 100
138 33 2450
138 33 1225
137 33 100
137 33 2450
137 33 1225
136 33 100
136 33 2450
136 33 1225
135 33 100
135 33 2450
135 33 1225
134 33 100
134 33 2450
134 33 1225
133 33 100
133 33 2450
133 33 1225
132 33 100
132 33 2450
132 33 1225
131 33 100
131 33 2450
131 33 1225
131 33 612
130 33 100
130 33 2450
130 33 1225
129 33 100
129 33 2450
129 33 1225
128 33 100
128 33 2450
128 33 1225
127 33 100
127 33 2450
127 33 1225
126 33 100
126 33 2450
126 33 1225
125 33 100
125 33 2450
124 33 100
124 33 2450
123 33 100
123 33 2450
122 33 100
122 33 2450
121 33 100
121 33 2450
120 33 100
120 33 2450
119 33 100
119 33 2450
118 33 100
118 33 2450
117 33 100
117 33 2450
116 33 100
116 33 2450
115 33 100
115 33 2450
114 33 100
114 33 2450
113 33 100
113 33 2450
112 33 100
112 33 2450
111 33 100
111 33 2450
110 33 100
110 33 2450
109 33 100
109 33 2450
108 33 100
108 33 2450
107 33 100
107 33 2450
106 33 100
106 33 2450
105 33 100
105 33 2450
104 33 100
104 33 2450
103 33 100
103 33 2450
102 33 100
102 33 2450
101 33 100
101 33 2450
100 33 100
100 33 2450
99 33 100
98 33 100
97 33 100
96 33 100
95 33 100
94 33 100
93 33 100
92 33 100
91 33 100
90 33 100
89 33 100
88 33 100
87 33 100
86 33 100
85 33 100
84 33 100
83 33 100
82 33 100
81 33 100
80 33 100
79 33 100
78 33 100
77 33 100
76 33 100
75 33 100
75 34 100
75 35 100
75 36 100
75 37 100
75 38 100
75 39 100
75 40 100
75 41 100
75 42 100
75 43 100
75 44 100
75 45 100
75 46 100
75 47 100
75 48 100
75 49 100
75 50 100
75 51 100
75 52 100
75 53 100
75 54 100
75 55 100
75 56 100
75 57 100
75 58 100
75 59 100
