99 176 100
98 176 100
97 176 100
96 176 100
95 176 100
94 176 100
93 176 100
92 176 100
91 176 100
90 176 100
89 176 100
88 176 100
87 176 100
86 176 100
85 176 100
84 176 100
83 176 100
82 176 100
81 176 100
80 176 100
79 176 100
78 176 100
77 176 100
76 176 100
75 176 100
74 176 100
73 176 100
72 176 100
71 176 100
70 176 100
69 176 100
68 176 100
67 176 100
67 176 2450
66 176 100
66 176 2450
65 176 100
65 176 2450
64 176 100
64 176 2450
63 176 100
63 176 2450
62 176 100
62 176 2450
61 176 100
61 176 2450
60 176 100
60 176 2450
59 176 100
59 176 2450
58 176 100
57 176 100
56 176 100
55 176 100
54 176 100
53 176 100
52 176 100
51 176 100
50 176 100
49 176 100
48 176 100
47 176 100
46 176 100
45 176 100
44 176 100
43 176 100
42 176 100
41 176 100
40 176 100
39 176 100
38 176 100
37 176 100
36 176 100
35 176 100
34 176 100
33 176 100
32 176 100
32 176 2450
31 176 100
31 176 2450
30 176 100
30 176 2450
30 175 100
30 175 2450
30 174 100
30 174 2450
30 173 100
30 173 2450
30 172 100
30 172 2450
30 171 100
30 171 2450
30 170 100
30 170 2450
30 169 100
30 169 2450
30 168 100
30 168 2450
30 167 100
30 167 2450
30 166 100
30 166 2450
30 165 100
30 165 2450
30 164 100
30 164 2450
30 163 100
30 163 2450
30 162 100
30 162 2450
30 161 100
30 161 2450
30 160 100
30 160 2450
30 159 100
30 159 2450
30 158 100
30 158 2450
30 157 100
30 157 2450
30 156 100
30 155 100
30 154 100
30 153 100
30 152 100
30 151 100
30 150 100
30 149 100
30 148 100
30 147 100
30 146 100
30 145 100
30 144 100
30 143 100
30 142 100
30 141 100
30 140 100
30 139 100
30 138 100
30 137 100
30 136 100
30 135 100
30 134 100
30 133 100
30 132 100
30 131 100
30 130 100
30 129 100
30 128 100
30 127 100
30 126 100
30 125 100
30 124 100
30 123 100
30 122 100
30 121 100
30 120 100
30 119 100
30 118 100
30 117 100
30 116 100
30 115 100
30 114 100
30 113 100
30 112 100
30 111 100
30 111 2450
30 110 100
30 110 2450
30 109 100
30 109 2450
30 108 100
30 108 2450
30 107 100
30 107 2450
30 106 100
30 106 2450
30 105 100
30 105 2450
30 104 100
30 104 2450
30 103 100
30 103 2450
30 102 100
30 102 2450
30 101 100
30 101 2450
30 100 100
30 100 2450
30 99 100
30 99 2450
30 98 100
30 98 2450
30 97 100
30 97 2450
30 96 100
30 96 2450
30 95 100
30 95 2450
30 94 100
30 94 2450
30 93 100
30 93 2450
30 92 100
30 92 2450
30 91 100
30 91 2450
30 90 100
30 90 2450
30 89 100
30 88 100
30 87 100
30 86 100
30 85 100
30 84 100
30 83 100
30 82 100
30 81 100
30 80 100
30 79 100
30 78 100
30 77 100
30 76 100
30 75 100
30 74 100
30 73 100
30 72 100
30 71 100
30 70 100
30 69 100
30 68 100
30 67 100
30 66 100
30 66 2450
30 65 100
30 65 2450
30 64 100
30 64 2450
30 63 100
30 63 2450
30 62 100
30 62 2450
30 61 100
30 61 2450
30 60 100
30 60 2450
30 59 100
30 59 2450
30 58 100
30 58 2450
30 57 100
30 57 2450
30 56 100
30 56 2450
30 55 100
30 55 2450
30 54 100
30 54 2450
30 54 1225
30 53 100
30 53 2450
30 53 1225
30 52 100
30 52 2450
30 52 1225
30 51 100
30 51 2450
30 51 1225
30 50 100
30 50 2450
30 50 1225
30 49 100
30 49 2450
30 49 1225
30 48 100
30 48 2450
30 48 1225
30 47 100
30 47 2450
30 46 100
30 46 2450
30 45 100
30 45 2450
30 44 100
30 44 2450
30 43 100
30 43 2450
30 42 100
30 42 2450
30 41 100
30 41 2450
30 40 100
30 40 2450
30 39 100
30 39 2450
30 38 100
30 38 2450
30 37 100
30 37 2450
30 36 100
30 36 2450
30 35 100
30 35 2450
30 34 100
30 34 2450
30 33 100
30 33 2450
30 32 100
30 32 2450
30 31 100
30 31 2450
30 30 100
30 29 100
30 28 100
30 27 100
30 26 100
30 25 100
30 24 100
30 23 100
30 22 100
30 21 100
30 20 100
30 19 100
30 18 100
30 17 100
30 16 100
131 4 100
130 4 100
129 4 100
128 4 100
127 4 100
126 4 100
125 4 100
124 4 100
123 4 100
122 4 100
121 4 100
121 4 2450
120 4 100
120 4 2450
119 4 100
119 4 2450
118 4 100
118 4 2450
117 4 100
117 4 2450
116 4 100
116 4 2450
115 4 100
115 4 2450
114 4 100
114 4 2450
113 4 100
113 4 2450
112 4 100
112 4 2450
111 4 100
111 4 2450
110 4 100
110 4 2450
109 4 100
109 4 2450
108 4 100
108 4 2450
107 4 100
107 4 2450
106 4 100
106 4 2450
105 4 100
105 4 2450
104 4 100
104 4 2450
103 4 100
103 4 2450
102 4 100
102 4 2450
101 4 100
101 4 2450
100 4 100
100 4 2450
99 4 100
99 4 2450
98 4 100
97 4 100
96 4 100
95 4 100
94 4 100
93 4 100
92 4 100
91 4 100
91 4 2450
90 4 100
90 4 2450
89 4 100
89 4 2450
88 4 100
88 4 2450
87 4 100
87 4 2450
86 4 100
86 4 2450
85 4 100
85 4 2450
84 4 100
84 4 2450
83 4 100
83 4 2450
82 4 100
82 4 2450
81 4 100
81 4 2450
80 4 100
80 4 2450
79 4 100
79 4 2450
78 4 100
78 4 2450
77 4 100
77 4 2450
76 4 100
76 4 2450
75 4 100
75 4 2450
74 4 100
74 4 2450
73 4 100
73 4 2450
72 4 100
72 4 2450
71 4 100
71 4 2450
70 4 100
70 4 2450
69 4 100
69 4 2450
68 4 100
68 4 2450
67 4 100
66 4 100
65 4 100
64 4 100
63 4 100
62 4 100
61 4 100
60 4 100
59 4 100
58 4 100
57 4 100
56 4 100
55 4 100
54 4 100
53 4 100
52 4 100
51 4 100
50 4 100
49 4 100
48 4 100
47 4 100
46 4 100
45 4 100
44 4 100
43 4 100
42 4 100
41 4 100
40 4 100
39 4 100
38 4 100
37 4 100
36 4 100
35 4 100
34 4 100
34 4 2450
33 4 100
33 4 2450
32 4 100
32 4 2450
31 4 100
31 4 2450
30 4 100
30 4 2450
30 5 100
30 5 2450
30 6 100
30 6 2450
30 7 100
30 7 2450
30 8 100
30 8 2450
30 9 100
30 10 100
30 11 100
30 12 100
30 13 100
30 14 100
30 15 100
64 87 100
63 87 100
62 87 100
61 87 100
60 87 100
59 87 100
58 87 100
57 87 100
56 87 100
55 87 100
54 87 100
53 87 100
52 87 100
51 87 100
50 87 100
49 87 100
48 87 100
47 87 100
46 87 100
45 87 100
44 87 100
43 87 100
42 87 100
41 87 100
40 87 100
39 87 100
38 87 100
37 87 100
36 87 100
35 87 100
34 87 100
33 87 100
32 87 100
31 87 100
70 134 100
69 134 100
68 134 100
67 134 100
66 134 100
65 134 100
64 134 100
64 134 2450
63 134 100
63 134 2450
62 134 100
62 134 2450
61 134 100
61 134 2450
60 134 100
60 134 2450
59 134 100
59 134 2450
58 134 100
58 134 2450
57 134 100
57 134 2450
56 134 100
56 134 2450
55 134 100
55 134 2450
54 134 100
54 134 2450
53 134 100
53 134 2450
52 134 100
52 134 2450
51 134 100
51 134 2450
50 134 100
50 134 2450
49 134 100
49 134 2450
48 134 100
48 134 2450
47 134 100
47 134 2450
46 134 100
46 134 2450
45 134 100
45 134 2450
44 134 100
44 134 2450
43 134 100
43 134 2450
42 134 100
42 134 2450
41 134 100
41 134 2450
40 134 100
40 134 2450
39 134 100
39 134 2450
38 134 100
38 134 2450
37 134 100
37 134 2450
36 134 100
36 134 2450
35 134 100
35 134 2450
34 134 100
34 134 2450
33 134 100
33 134 2450
32 134 100
32 134 2450
31 134 100
31 134 2450
186 47 100
185 47 100
184 47 100
183 47 100
182 47 100
181 47 100
180 47 100
179 47 100
178 47 100
177 47 100
176 47 100
175 47 100
174 47 100
173 47 100
172 47 100
171 47 100
170 47 100
169 47 100
168 47 100
167 47 100
166 47 100
165 47 100
165 47 2450
164 47 100
164 47 2450
163 47 100
163 47 2450
162 47 100
162 47 2450
161 47 100
161 47 2450
160 47 100
160 47 2450
159 47 100
159 47 2450
158 47 100
158 47 2450
157 47 100
157 47 2450
156 47 100
156 47 2450
155 47 100
155 47 2450
154 47 100
154 47 2450
153 47 100
153 47 2450
152 47 100
152 47 2450
151 47 100
151 47 2450
150 47 100
150 47 2450
149 47 100
149 47 2450
148 47 100
148 47 2450
147 47 100
147 47 2450
146 47 100
146 47 2450
145 47 100
145 47 2450
144 47 100
144 47 2450
143 47 100
143 47 2450
142 47 100
142 47 2450
141 47 100
141 47 2450
140 47 100
140 47 2450
139 47 100
139 47 2450
138 47 100
138 47 2450
137 47 100
137 47 2450
136 47 100
136 47 2450
135 47 100
135 47 2450
134 47 100
134 47 2450
133 47 100
133 47 2450
132 47 100
132 47 2450
131 47 100
131 47 2450
130 47 100
130 47 2450
129 47 100
129 47 2450
128 47 100
128 47 2450
127 47 100
127 47 2450
126 47 100
126 47 2450
125 47 100
125 47 2450
124 47 100
124 47 2450
123 47 100
123 47 2450
122 47 100
122 47 2450
121 47 100
121 47 2450
120 47 100
120 47 2450
119 47 100
119 47 2450
118 47 100
118 47 2450
117 47 100
117 47 2450
116 47 100
116 47 2450
115 47 100
115 47 2450
115 47 1225
114 47 100
114 47 2450
114 47 1225
113 47 100
113 47 2450
113 47 1225
112 47 100
112 47 2450
112 47 1225
111 47 100
111 47 2450
111 47 1225
110 47 100
110 47 2450
109 47 100
109 47 2450
108 47 100
108 47 2450
107 47 100
107 47 2450
106 47 100
106 47 2450
105 47 100
105 47 2450
104 47 100
104 47 2450
103 47 100
103 47 2450
102 47 100
102 47 2450
101 47 100
101 47 2450
100 47 100
100 47 2450
99 47 100
99 47 2450
98 47 100
98 47 2450
97 47 100
97 47 2450
96 47 100
96 47 2450
95 47 100
95 47 2450
94 47 100
94 47 2450
93 47 100
93 47 2450
92 47 100
92 47 2450
91 47 100
91 47 2450
90 47 100
90 47 2450
89 47 100
89 47 2450
88 47 100
88 47 2450
87 47 100
87 47 2450
86 47 100
86 47 2450
85 47 100
85 47 2450
84 47 100
84 47 2450
83 47 100
83 47 2450
82 47 100
82 47 2450
81 47 100
81 47 2450
80 47 100
80 47 2450
79 47 100
79 47 2450
78 47 100
78 47 2450
77 47 100
77 47 2450
76 47 100
76 47 2450
75 47 100
75 47 2450
74 47 100
74 47 2450
73 47 100
73 47 2450
72 47 100
72 47 2450
71 47 100
71 47 2450
70 47 100
70 47 2450
69 47 100
68 47 100
67 47 100
66 47 100
65 47 100
64 47 100
63 47 100
62 47 100
61 47 100
60 47 100
59 47 100
58 47 100
57 47 100
56 47 100
55 47 100
54 47 100
53 47 100
52 47 100
51 47 100
50 47 100
49 47 100
48 47 100
47 47 100
46 47 100
45 47 100
44 47 100
43 47 100
42 47 100
42 47 2450
41 47 100
41 47 2450
40 47 100
40 47 2450
39 47 100
39 47 2450
38 47 100
38 47 2450
37 47 100
37 47 2450
36 47 100
36 47 2450
35 47 100
35 47 2450
34 47 100
34 47 2450
33 47 100
33 47 2450
32 47 100
32 47 2450
31 47 100
31 47 2450
30 189 100
30 188 100
30 187 100
30 186 100
30 185 100
30 184 100
30 183 100
30 182 100
30 181 100
30 180 100
30 179 100
30 178 100
30 178 2450
30 177 100
30 177 2450
