188 118 100
187 118 100
186 118 100
185 118 100
184 118 100
183 118 100
182 118 100
181 118 100
180 118 100
179 118 100
178 118 100
177 118 100
176 118 100
176 118 2450
175 118 100
175 118 2450
174 118 100
174 118 2450
173 118 100
173 118 2450
172 118 100
172 118 2450
171 118 100
171 118 2450
170 118 100
170 118 2450
169 118 100
169 118 2450
168 118 100
168 118 2450
167 118 100
167 118 2450
166 118 100
166 118 2450
165 118 100
165 118 2450
164 118 100
164 118 2450
163 118 100
163 118 2450
162 118 100
162 118 2450
161 118 100
161 118 2450
160 118 100
160 118 2450
159 118 100
159 118 2450
158 118 100
158 118 2450
157 118 100
157 118 2450
156 118 100
156 118 2450
155 118 100
155 118 2450
154 118 100
154 118 2450
153 118 100
153 118 2450
152 118 100
152 118 2450
151 118 100
151 118 2450
150 118 100
150 118 2450
149 118 100
149 118 2450
148 118 100
148 118 2450
147 118 100
147 118 2450
146 118 100
146 118 2450
145 118 100
145 118 2450
145 118 1225
144 118 100
144 118 2450
144 118 1225
143 118 100
143 118 2450
143 118 1225
142 118 100
142 118 2450
142 118 1225
141 118 100
141 118 2450
141 118 1225
140 118 100
140 118 2450
140 118 1225
139 118 100
139 118 2450
139 118 1225
139 118 612
138 118 100
138 118 2450
138 118 1225
138 118 612
137 118 100
137 118 2450
137 118 1225
137 118 612
136 118 100
136 118 2450
136 118 1225
136 118 612
135 118 100
135 118 2450
135 118 1225
135 118 612
135 118 306
134 118 100
134 118 2450
134 118 1225
134 118 612
134 118 306
133 118 100
133 118 2450
133 118 1225
133 118 612
133 118 306
132 118 100
132 118 2450
132 118 1225
132 118 612
132 118 306
131 118 100
131 118 2450
131 118 1225
131 118 612
131 118 306
130 118 100
130 118 2450
130 118 1225
130 118 612
130 118 306
129 118 100
129 118 2450
129 118 1225
129 118 612
129 118 306
128 118 100
128 118 2450
128 118 1225
128 118 612
127 118 100
127 118 2450
127 118 1225
126 118 100
126 118 2450
126 118 1225
125 118 100
125 118 2450
125 118 1225
124 118 100
124 118 2450
123 118 100
123 118 2450
122 118 100
122 118 2450
121 118 100
121 118 2450
120 118 100
120 118 2450
119 118 100
119 118 2450
118 118 100
118 118 2450
117 118 100
117 118 2450
116 118 100
116 118 2450
115 118 100
115 118 2450
114 118 100
114 118 2450
113 118 100
112 118 100
111 118 100
110 118 100
109 118 100
108 118 100
107 118 100
106 118 100
105 118 100
104 118 100
103 118 100
102 118 100
101 118 100
100 118 100
99 118 100
98 118 100
97 118 100
96 118 100
95 118 100
94 118 100
93 118 100
92 118 100
91 118 100
90 118 100
89 118 100
88 118 100
87 118 100
86 118 100
85 118 100
84 118 100
84 118 2450
83 118 100
83 118 2450
82 118 100
82 118 2450
81 118 100
81 118 2450
80 118 100
80 118 2450
79 118 100
79 118 2450
78 118 100
78 118 2450
77 118 100
77 118 2450
76 118 100
76 118 2450
75 118 100
75 118 2450
74 118 100
74 118 2450
73 118 100
73 118 2450
72 118 100
72 118 2450
71 118 100
71 118 2450
70 118 100
70 118 2450
69 118 100
69 118 2450
68 118 100
68 118 2450
67 118 100
67 118 2450
66 118 100
66 118 2450
65 118 100
65 118 2450
64 118 100
64 118 2450
63 118 100
63 118 2450
62 118 100
62 118 2450
61 118 100
61 118 2450
60 118 100
59 118 100
58 118 100
57 118 100
56 118 100
55 118 100
54 118 100
53 118 100
52 118 100
51 118 100
50 118 100
49 118 100
48 118 100
47 118 100
46 118 100
45 118 100
44 118 100
43 118 100
42 118 100
42 118 2450
41 118 100
41 118 2450
40 118 100
40 118 2450
39 118 100
39 118 2450
38 118 100
38 118 2450
37 118 100
37 118 2450
36 118 100
36 118 2450
35 118 100
35 118 2450
34 118 100
34 118 2450
33 118 100
33 118 2450
32 118 100
32 118 2450
31 118 100
31 118 2450
30 118 100
30 118 2450
29 118 100
29 118 2450
28 118 100
28 118 2450
27 118 100
27 118 2450
27 118 1225
26 118 100
26 118 2450
26 118 1225
25 118 100
25 118 2450
25 118 1225
24 118 100
24 118 2450
24 118 1225
24 118 612
23 118 100
23 118 2450
23 118 1225
23 118 612
22 118 100
22 118 2450
22 118 1225
22 118 612
21 118 100
21 118 2450
21 118 1225
21 118 612
20 118 100
20 118 2450
20 118 1225
19 118 100
19 118 2450
19 118 1225
18 118 100
18 118 2450
18 118 1225
17 118 100
17 118 2450
17 118 1225
16 118 100
16 118 2450
16 118 1225
15 118 100
15 118 2450
14 118 100
14 118 2450
13 118 100
13 118 2450
12 118 100
12 118 2450
11 118 100
11 118 2450
10 118 100
10 118 2450
9 118 100
9 118 2450
8 118 100
8 118 2450
7 118 100
7 118 2450
6 118 100
6 118 2450
5 118 100
5 118 2450
4 118 100
4 118 2450
3 118 100
3 118 2450
2 118 100
2 118 2450
2 118 1225
2 119 100
2 119 2450
2 120 100
2 120 2450
2 121 100
2 121 2450
2 122 100
2 122 2450
2 123 100
2 123 2450
2 124 100
2 124 2450
2 125 100
2 125 2450
2 126 100
2 126 2450
2 127 100
2 127 2450
2 128 100
2 128 2450
2 129 100
2 130 100
2 131 100
2 132 100
2 133 100
2 134 100
2 135 100
2 136 100
2 137 100
2 138 100
2 139 100
2 140 100
2 141 100
2 142 100
2 143 100
2 144 100
2 145 100
2 146 100
2 147 100
2 148 100
2 149 100
2 150 100
2 151 100
2 152 100
2 153 100
2 154 100
2 155 100
2 156 100
2 157 100
2 158 100
2 159 100
2 160 100
2 161 100
