33 35 100
34 35 100
35 35 100
36 35 100
37 35 100
38 35 100
39 35 100
40 35 100
41 35 100
42 35 100
43 35 100
44 35 100
45 35 100
46 35 100
47 35 100
48 35 100
49 35 100
50 35 100
51 35 100
52 35 100
53 35 100
54 35 100
55 35 100
56 35 100
57 35 100
58 35 100
59 35 100
60 35 100
61 35 100
62 35 100
63 35 100
64 35 100
65 35 100
66 35 100
67 35 100
68 35 100
69 35 100
69 35 2450
70 35 100
70 35 2450
71 35 100
71 35 2450
72 35 100
72 35 2450
73 35 100
73 35 2450
74 35 100
74 35 2450
75 35 100
75 35 2450
76 35 100
76 35 2450
77 35 100
77 35 2450
78 35 100
78 35 2450
79 35 100
79 35 2450
80 35 100
80 35 2450
80 35 1225
81 35 100
81 35 2450
81 35 1225
82 35 100
82 35 2450
82 35 1225
83 35 100
83 35 2450
83 35 1225
84 35 100
84 35 2450
84 35 1225
84 35 612
85 35 100
85 35 2450
85 35 1225
85 35 612
86 35 100
86 35 2450
86 35 1225
86 35 612
87 35 100
87 35 2450
87 35 1225
87 35 612
88 35 100
88 35 2450
88 35 1225
89 35 100
89 35 2450
89 35 1225
90 35 100
90 35 2450
90 35 1225
91 35 100
91 35 2450
91 35 1225
92 35 100
92 35 2450
92 35 1225
93 35 100
93 35 2450
94 35 100
94 35 2450
95 35 100
95 35 2450
96 35 100
96 35 2450
97 35 100
97 35 2450
98 35 100
98 35 2450
99 35 100
99 35 2450
100 35 100
100 35 2450
101 35 100
101 35 2450
102 35 100
103 35 100
104 35 100
105 35 100
106 35 100
107 35 100
108 35 100
109 35 100
110 35 100
111 35 100
112 35 100
113 35 100
114 35 100
115 35 100
116 35 100
117 35 100
118 35 100
119 35 100
120 35 100
121 35 100
122 35 100
123 35 100
124 35 100
125 35 100
126 35 100
127 35 100
128 35 100
129 35 100
130 35 100
131 35 100
132 35 100
133 35 100
134 35 100
135 35 100
136 35 100
137 35 100
138 35 100
139 35 100
140 35 100
141 35 100
142 35 100
143 35 100
144 35 100
145 35 100
146 35 100
147 35 100
148 35 100
149 35 100
150 35 100
151 35 100
152 35 100
153 35 100
154 35 100
155 35 100
156 35 100
156 36 100
156 37 100
156 38 100
156 39 100
156 40 100
156 41 100
156 42 100
156 43 100
156 44 100
156 44 2450
156 45 100
156 45 2450
156 46 100
156 46 2450
156 47 100
156 47 2450
156 48 100
156 48 2450
156 49 100
156 49 2450
156 50 100
156 50 2450
156 51 100
156 51 2450
156 52 100
156 52 2450
156 53 100
156 53 2450
156 54 100
156 54 2450
156 55 100
156 55 2450
156 56 100
156 56 2450
156 57 100
156 57 2450
156 58 100
156 58 2450
156 59 100
156 59 2450
156 60 100
156 60 2450
156 61 100
156 61 2450
156 62 100
156 62 2450
156 63 100
156 63 2450
156 64 100
156 64 2450
156 65 100
156 65 2450
156 66 100
156 66 2450
156 67 100
156 67 2450
156 68 100
156 68 2450
156 69 100
156 69 2450
156 70 100
156 70 2450
156 71 100
156 71 2450
156 72 100
156 72 2450
156 73 100
156 73 2450
156 74 100
156 75 100
156 76 100
156 77 100
156 78 100
156 79 100
156 80 100
156 81 100
156 82 100
156 83 100
156 84 100
156 85 100
156 86 100
156 87 100
156 88 100
156 89 100
156 90 100
156 91 100
156 92 100
156 93 100
156 94 100
156 95 100
156 96 100
156 97 100
156 98 100
156 99 100
156 100 100
156 101 100
156 102 100
156 103 100
156 104 100
156 105 100
156 106 100
156 107 100
156 107 2450
156 108 100
156 108 2450
156 109 100
156 109 2450
156 110 100
156 110 2450
156 111 100
156 111 2450
156 112 100
156 112 2450
156 113 100
156 113 2450
156 114 100
156 114 2450
156 115 100
156 115 2450
156 116 100
156 116 2450
156 117 100
156 117 2450
156 118 100
156 118 2450
156 119 100
156 119 2450
156 120 100
156 120 2450
156 121 100
156 121 2450
156 122 100
156 122 2450
156 123 100
156 123 2450
156 124 100
156 124 2450
156 125 100
156 125 2450
156 126 100
156 126 2450
156 127 100
156 127 2450
156 128 100
156 128 2450
156 129 100
156 129 2450
156 130 100
156 130 2450
156 131 100
156 131 2450
156 132 100
156 132 2450
156 133 100
156 133 2450
156 134 100
156 134 2450
156 135 100
156 136 100
156 137 100
156 138 100
156 139 100
156 140 100
156 141 100
156 142 100
156 143 100
156 144 100
156 145 100
156 146 100
156 147 100
156 148 100
156 149 100
156 150 100
156 151 100
156 152 100
156 153 100
156 154 100
156 155 100
156 156 100
156 157 100
156 158 100
