163 135 100
163 134 100
163 133 100
163 132 100
163 131 100
163 130 100
163 129 100
163 129 2450
163 128 100
163 128 2450
163 127 100
163 127 2450
163 126 100
163 126 2450
163 125 100
163 125 2450
163 124 100
163 124 2450
163 123 100
163 123 2450
163 122 100
163 122 2450
163 121 100
163 121 2450
163 120 100
163 120 2450
163 119 100
163 119 2450
163 118 100
163 118 2450
163 117 100
163 117 2450
163 116 100
163 116 2450
163 115 100
163 114 100
163 113 100
163 112 100
163 111 100
163 110 100
163 109 100
163 108 100
163 108 2450
163 107 100
163 107 2450
163 106 100
163 106 2450
163 105 100
163 105 2450
163 104 100
163 104 2450
163 103 100
163 103 2450
163 102 100
163 102 2450
163 101 100
163 101 2450
163 100 100
163 100 2450
163 99 100
163 99 2450
163 98 100
163 98 2450
163 97 100
163 97 2450
163 96 100
163 96 2450
163 95 100
163 95 2450
163 94 100
163 94 2450
163 93 100
163 93 2450
163 92 100
163 92 2450
163 91 100
163 91 2450
163 90 100
163 90 2450
163 89 100
163 89 2450
163 88 100
163 88 2450
163 87 100
163 87 2450
163 86 100
163 86 2450
163 85 100
163 85 2450
163 84 100
163 84 2450
163 83 100
163 83 2450
163 82 100
163 82 2450
163 82 1225
163 81 100
163 81 2450
163 81 1225
163 80 100
163 80 2450
163 80 1225
163 79 100
163 79 2450
163 79 1225
163 78 100
163 78 2450
163 78 1225
163 77 100
163 77 2450
163 77 1225
163 76 100
163 76 2450
163 76 1225
163 75 100
163 75 2450
163 75 1225
163 74 100
163 74 2450
163 74 1225
163 73 100
163 73 2450
163 73 1225
163 72 100
163 72 2450
163 72 1225
163 71 100
163 71 2450
163 71 1225
163 70 100
163 70 2450
163 70 1225
163 69 100
163 69 2450
163 69 1225
163 68 100
163 68 2450
163 68 1225
163 67 100
163 67 2450
163 67 1225
163 66 100
163 66 2450
163 66 1225
163 65 100
163 65 2450
163 65 1225
163 64 100
163 64 2450
163 64 1225
163 63 100
163 63 2450
163 63 1225
163 62 100
163 62 2450
163 62 1225
163 61 100
163 61 2450
163 60 100
163 60 2450
163 59 100
163 59 2450
163 58 100
163 58 2450
163 57 100
163 57 2450
163 56 100
163 56 2450
163 55 100
163 55 2450
163 54 100
163 54 2450
163 53 100
163 53 2450
163 52 100
163 52 2450
163 51 100
163 51 2450
163 50 100
163 50 2450
163 49 100
163 49 2450
163 48 100
163 48 2450
163 47 100
163 47 2450
163 46 100
163 46 2450
163 45 100
163 45 2450
163 44 100
163 44 2450
163 43 100
163 43 2450
163 42 100
163 42 2450
163 41 100
163 41 2450
163 40 100
163 40 2450
163 39 100
163 38 100
163 37 100
163 36 100
163 35 100
163 34 100
163 33 100
163 32 100
98 174 100
99 174 100
100 174 100
101 174 100
102 174 100
103 174 100
104 174 100
105 174 100
106 174 100
107 174 100
108 174 100
109 174 100
110 174 100
111 174 100
112 174 100
113 174 100
114 174 100
115 174 100
116 174 100
117 174 100
118 174 100
119 174 100
120 174 100
121 174 100
122 174 100
123 174 100
124 174 100
125 174 100
126 174 100
127 174 100
128 174 100
129 174 100
130 174 100
131 174 100
132 174 100
133 174 100
133 174 2450
134 174 100
134 174 2450
135 174 100
135 174 2450
136 174 100
136 174 2450
137 174 100
137 174 2450
138 174 100
138 174 2450
139 174 100
139 174 2450
140 174 100
140 174 2450
141 174 100
141 174 2450
142 174 100
142 174 2450
143 174 100
143 174 2450
144 174 100
145 174 100
146 174 100
147 174 100
148 174 100
149 174 100
150 174 100
151 174 100
152 174 100
153 174 100
154 174 100
155 174 100
156 174 100
157 174 100
158 174 100
159 174 100
160 174 100
161 174 100
162 174 100
163 174 100
163 173 100
163 172 100
163 171 100
163 170 100
163 169 100
163 168 100
163 167 100
163 166 100
163 165 100
163 164 100
163 163 100
163 162 100
163 161 100
163 160 100
163 159 100
163 158 100
163 157 100
163 156 100
163 155 100
163 154 100
163 153 100
163 152 100
163 152 2450
163 151 100
163 151 2450
163 150 100
163 150 2450
163 149 100
163 149 2450
163 148 100
163 148 2450
163 147 100
163 147 2450
163 146 100
163 146 2450
163 145 100
163 145 2450
163 144 100
163 144 2450
163 143 100
163 143 2450
163 142 100
163 142 2450
163 141 100
163 141 2450
163 140 100
163 140 2450
163 139 100
163 139 2450
163 138 100
163 138 2450
163 137 100
163 137 2450
163 136 100
188 182 100
187 182 100
186 182 100
185 182 100
184 182 100
183 182 100
182 182 100
181 182 100
180 182 100
179 182 100
178 182 100
177 182 100
176 182 100
175 182 100
174 182 100
173 182 100
172 182 100
171 182 100
170 182 100
169 182 100
168 182 100
167 182 100
166 182 100
165 182 100
164 182 100
163 182 100
163 181 100
163 180 100
163 179 100
163 178 100
163 177 100
163 176 100
163 175 100
11 76 100
12 76 100
13 76 100
14 76 100
15 76 100
16 76 100
17 76 100
18 76 100
19 76 100
20 76 100
21 76 100
22 76 100
23 76 100
24 76 100
25 76 100
26 76 100
27 76 100
28 76 100
29 76 100
30 76 100
31 76 100
32 76 100
33 76 100
34 76 100
35 76 100
36 76 100
37 76 100
38 76 100
39 76 100
40 76 100
41 76 100
42 76 100
43 76 100
44 76 100
45 76 100
46 76 100
47 76 100
48 76 100
49 76 100
50 76 100
51 76 100
52 76 100
53 76 100
54 76 100
55 76 100
56 76 100
57 76 100
58 76 100
59 76 100
60 76 100
61 76 100
62 76 100
63 76 100
64 76 100
65 76 100
66 76 100
67 76 100
68 76 100
69 76 100
70 76 100
71 76 100
72 76 100
73 76 100
74 76 100
75 76 100
76 76 100
77 76 100
78 76 100
79 76 100
80 76 100
81 76 100
82 76 100
83 76 100
84 76 100
85 76 100
86 76 100
87 76 100
88 76 100
89 76 100
90 76 100
91 76 100
91 76 2450
92 76 100
92 76 2450
93 76 100
93 76 2450
94 76 100
94 76 2450
95 76 100
95 76 2450
96 76 100
96 76 2450
97 76 100
98 76 100
99 76 100
100 76 100
101 76 100
102 76 100
103 76 100
104 76 100
105 76 100
105 76 2450
106 76 100
106 76 2450
107 76 100
107 76 2450
108 76 100
108 76 2450
109 76 100
109 76 2450
110 76 100
110 76 2450
111 76 100
111 76 2450
112 76 100
112 76 2450
113 76 100
113 76 2450
114 76 100
114 76 2450
115 76 100
115 76 2450
116 76 100
116 76 2450
117 76 100
117 76 2450
118 76 100
118 76 2450
119 76 100
119 76 2450
120 76 100
120 76 2450
121 76 100
121 76 2450
122 76 100
122 76 2450
123 76 100
123 76 2450
124 76 100
124 76 2450
125 76 100
125 76 2450
126 76 100
126 76 2450
127 76 100
127 76 2450
128 76 100
128 76 2450
129 76 100
129 76 2450
130 76 100
130 76 2450
131 76 100
131 76 2450
132 76 100
132 76 2450
133 76 100
133 76 2450
134 76 100
134 76 2450
135 76 100
135 76 2450
136 76 100
136 76 2450
137 76 100
137 76 2450
138 76 100
138 76 2450
139 76 100
139 76 2450
140 76 100
140 76 2450
141 76 100
141 76 2450
142 76 100
142 76 2450
143 76 100
143 76 2450
144 76 100
144 76 2450
145 76 100
145 76 2450
146 76 100
146 76 2450
147 76 100
147 76 2450
148 76 100
148 76 2450
148 76 1225
149 76 100
149 76 2450
149 76 1225
150 76 100
150 76 2450
150 76 1225
151 76 100
151 76 2450
151 76 1225
152 76 100
152 76 2450
152 76 1225
153 76 100
153 76 2450
153 76 1225
154 76 100
154 76 2450
154 76 1225
155 76 100
155 76 2450
156 76 100
156 76 2450
156 76 1225
157 76 100
157 76 2450
157 76 1225
158 76 100
158 76 2450
158 76 1225
159 76 100
159 76 2450
159 76 1225
160 76 100
160 76 2450
160 76 1225
161 76 100
161 76 2450
161 76 1225
162 76 100
162 76 2450
162 76 1225
100 20 100
101 20 100
102 20 100
103 20 100
104 20 100
105 20 100
106 20 100
107 20 100
108 20 100
109 20 100
110 20 100
111 20 100
112 20 100
113 20 100
114 20 100
115 20 100
116 20 100
117 20 100
118 20 100
119 20 100
119 20 2450
120 20 100
120 20 2450
121 20 100
121 20 2450
122 20 100
122 20 2450
123 20 100
123 20 2450
124 20 100
124 20 2450
125 20 100
125 20 2450
126 20 100
126 20 2450
127 20 100
127 20 2450
128 20 100
128 20 2450
129 20 100
129 20 2450
130 20 100
130 20 2450
131 20 100
131 20 2450
132 20 100
132 20 2450
133 20 100
133 20 2450
134 20 100
134 20 2450
135 20 100
135 20 2450
136 20 100
136 20 2450
137 20 100
137 20 2450
138 20 100
138 20 2450
139 20 100
139 20 2450
140 20 100
140 20 2450
141 20 100
141 20 2450
142 20 100
142 20 2450
143 20 100
143 20 2450
144 20 100
144 20 2450
145 20 100
145 20 2450
146 20 100
146 20 2450
147 20 100
147 20 2450
148 20 100
148 20 2450
149 20 100
149 20 2450
150 20 100
150 20 2450
151 20 100
152 20 100
153 20 100
154 20 100
155 20 100
156 20 100
157 20 100
158 20 100
159 20 100
160 20 100
161 20 100
162 20 100
163 20 100
163 21 100
163 22 100
163 23 100
163 24 100
163 25 100
163 26 100
163 27 100
163 28 100
163 29 100
163 30 100
163 31 100
61 61 100
62 61 100
63 61 100
64 61 100
65 61 100
66 61 100
67 61 100
68 61 100
69 61 100
70 61 100
71 61 100
72 61 100
73 61 100
74 61 100
75 61 100
76 61 100
77 61 100
78 61 100
79 61 100
80 61 100
81 61 100
82 61 100
83 61 100
84 61 100
85 61 100
86 61 100
87 61 100
88 61 100
89 61 100
89 61 2450
90 61 100
90 61 2450
91 61 100
91 61 2450
92 61 100
92 61 2450
93 61 100
93 61 2450
94 61 100
94 61 2450
95 61 100
95 61 2450
96 61 100
96 61 2450
97 61 100
97 61 2450
98 61 100
98 61 2450
99 61 100
99 61 2450
100 61 100
100 61 2450
101 61 100
101 61 2450
102 61 100
102 61 2450
103 61 100
103 61 2450
104 61 100
104 61 2450
105 61 100
105 61 2450
106 61 100
106 61 2450
107 61 100
107 61 2450
108 61 100
108 61 2450
109 61 100
109 61 2450
110 61 100
110 61 2450
110 61 1225
111 61 100
111 61 2450
111 61 1225
112 61 100
112 61 2450
112 61 1225
113 61 100
113 61 2450
113 61 1225
114 61 100
114 61 2450
114 61 1225
115 61 100
115 61 2450
115 61 1225
116 61 100
116 61 2450
116 61 1225
116 61 612
117 61 100
117 61 2450
117 61 1225
117 61 612
118 61 100
118 61 2450
118 61 1225
118 61 612
119 61 100
119 61 2450
119 61 1225
119 61 612
120 61 100
120 61 2450
120 61 1225
120 61 612
121 61 100
121 61 2450
121 61 1225
121 61 612
122 61 100
122 61 2450
122 61 1225
122 61 612
123 61 100
123 61 2450
123 61 1225
123 61 612
123 61 306
124 61 100
124 61 2450
124 61 1225
124 61 612
124 61 306
125 61 100
125 61 2450
125 61 1225
125 61 612
125 61 306
125 61 153
126 61 100
126 61 2450
126 61 1225
126 61 612
126 61 306
126 61 153
126 61 77
127 61 100
127 61 2450
127 61 1225
127 61 612
127 61 306
127 61 153
127 61 77
128 61 100
128 61 2450
128 61 1225
128 61 612
128 61 306
128 61 153
128 61 77
129 61 100
129 61 2450
129 61 1225
129 61 612
129 61 306
129 61 153
130 61 100
130 61 2450
130 61 1225
130 61 612
130 61 306
131 61 100
131 61 2450
131 61 1225
131 61 612
131 61 306
132 61 100
132 61 2450
132 61 1225
132 61 612
132 61 306
133 61 100
133 61 2450
133 61 1225
133 61 612
134 61 100
134 61 2450
134 61 1225
134 61 612
135 61 100
135 61 2450
135 61 1225
135 61 612
136 61 100
136 61 2450
136 61 1225
136 61 612
137 61 100
137 61 2450
137 61 1225
137 61 612
138 61 100
138 61 2450
138 61 1225
138 61 612
139 61 100
139 61 2450
139 61 1225
139 61 612
140 61 100
140 61 2450
140 61 1225
141 61 100
141 61 2450
141 61 1225
142 61 100
142 61 2450
142 61 1225
143 61 100
143 61 2450
143 61 1225
144 61 100
144 61 2450
144 61 1225
145 61 100
145 61 2450
145 61 1225
146 61 100
146 61 2450
146 61 1225
147 61 100
147 61 2450
147 61 1225
148 61 100
148 61 2450
148 61 1225
149 61 100
149 61 2450
149 61 1225
150 61 100
150 61 2450
150 61 1225
151 61 100
151 61 2450
151 61 1225
152 61 100
152 61 2450
153 61 100
153 61 2450
154 61 100
154 61 2450
155 61 100
155 61 2450
156 61 100
156 61 2450
157 61 100
157 61 2450
158 61 100
158 61 2450
159 61 100
159 61 2450
160 61 100
160 61 2450
161 61 100
161 61 2450
162 61 100
162 61 2450
194 88 100
193 88 100
192 88 100
191 88 100
190 88 100
189 88 100
188 88 100
187 88 100
187 88 2450
186 88 100
186 88 2450
185 88 100
185 88 2450
184 88 100
184 88 2450
183 88 100
183 88 2450
182 88 100
182 88 2450
181 88 100
181 88 2450
180 88 100
180 88 2450
179 88 100
179 88 2450
178 88 100
178 88 2450
177 88 100
177 88 2450
176 88 100
176 88 2450
175 88 100
175 88 2450
174 88 100
174 88 2450
173 88 100
173 88 2450
172 88 100
172 88 2450
171 88 100
171 88 2450
170 88 100
170 88 2450
169 88 100
169 88 2450
168 88 100
168 88 2450
167 88 100
167 88 2450
166 88 100
166 88 2450
165 88 100
165 88 2450
164 88 100
164 88 2450
