48 103 100
49 103 100
50 103 100
51 103 100
52 103 100
53 103 100
54 103 100
55 103 100
56 103 100
57 103 100
58 103 100
59 103 100
60 103 100
61 103 100
62 103 100
63 103 100
63 103 2450
64 103 100
64 103 2450
65 103 100
65 103 2450
66 103 100
66 103 2450
67 103 100
67 103 2450
68 103 100
68 103 2450
69 103 100
69 103 2450
70 103 100
70 103 2450
71 103 100
71 103 2450
72 103 100
72 103 2450
73 103 100
73 103 2450
74 103 100
74 103 2450
75 103 100
75 103 2450
76 103 100
76 103 2450
77 103 100
77 103 2450
78 103 100
78 103 2450
79 103 100
79 103 2450
80 103 100
80 103 2450
81 103 100
81 103 2450
82 103 100
82 103 2450
83 103 100
83 103 2450
84 103 100
84 103 2450
85 103 100
85 103 2450
86 103 100
87 103 100
88 103 100
89 103 100
90 103 100
91 103 100
91 103 2450
92 103 100
92 103 2450
93 103 100
93 103 2450
94 103 100
94 103 2450
95 103 100
95 103 2450
96 103 100
96 103 2450
97 103 100
97 103 2450
98 103 100
98 103 2450
99 103 100
99 103 2450
100 103 100
100 103 2450
101 103 100
101 103 2450
102 103 100
102 103 2450
103 103 100
103 103 2450
104 103 100
104 103 2450
105 103 100
105 103 2450
106 103 100
106 103 2450
107 103 100
107 103 2450
108 103 100
108 103 2450
109 103 100
109 103 2450
110 103 100
110 103 2450
111 103 100
111 103 2450
112 103 100
112 103 2450
113 103 100
113 103 2450
114 103 100
114 103 2450
115 103 100
115 103 2450
116 103 100
116 103 2450
117 103 100
117 103 2450
118 103 100
118 103 2450
119 103 100
119 103 2450
120 103 100
120 103 2450
121 103 100
121 103 2450
122 103 100
122 103 2450
123 103 100
123 103 2450
124 103 100
124 103 2450
125 103 100
125 103 2450
126 103 100
126 103 2450
127 103 100
127 103 2450
128 103 100
128 103 2450
129 103 100
129 103 2450
130 103 100
130 103 2450
131 103 100
131 103 2450
132 103 100
132 103 2450
133 103 100
133 103 2450
134 103 100
134 103 2450
135 103 100
135 103 2450
136 103 100
136 103 2450
137 103 100
137 103 2450
138 103 100
138 103 2450
139 103 100
139 103 2450
140 103 100
140 103 2450
141 103 100
141 103 2450
142 103 100
142 103 2450
143 103 100
143 103 2450
144 103 100
144 103 2450
145 103 100
145 103 2450
146 103 100
146 103 2450
147 103 100
147 103 2450
148 103 100
148 103 2450
149 103 100
149 103 2450
150 103 100
150 103 2450
151 103 100
151 103 2450
152 103 100
152 103 2450
153 103 100
153 103 2450
154 103 100
154 103 2450
155 103 100
155 103 2450
156 103 100
156 103 2450
157 103 100
157 103 2450
158 103 100
159 103 100
160 103 100
161 103 100
162 103 100
163 103 100
164 103 100
164 102 100
164 101 100
164 100 100
185 41 100
184 41 100
183 41 100
182 41 100
181 41 100
180 41 100
179 41 100
178 41 100
177 41 100
176 41 100
175 41 100
174 41 100
173 41 100
172 41 100
171 41 100
170 41 100
169 41 100
168 41 100
167 41 100
166 41 100
165 41 100
164 41 100
164 42 100
164 43 100
164 44 100
164 45 100
164 46 100
164 47 100
164 48 100
164 49 100
164 50 100
164 51 100
164 52 100
164 53 100
164 54 100
164 55 100
164 56 100
164 57 100
164 58 100
164 59 100
164 60 100
164 61 100
164 62 100
164 63 100
164 64 100
164 65 100
164 66 100
164 67 100
164 68 100
164 69 100
164 70 100
164 71 100
164 72 100
164 73 100
164 74 100
164 75 100
164 76 100
164 77 100
164 78 100
164 79 100
164 80 100
164 81 100
164 82 100
164 83 100
164 84 100
164 85 100
164 86 100
164 87 100
164 88 100
164 89 100
164 90 100
164 91 100
164 92 100
164 93 100
164 94 100
164 95 100
164 96 100
164 97 100
164 98 100
164 99 100
63 186 100
64 186 100
65 186 100
66 186 100
67 186 100
68 186 100
69 186 100
70 186 100
71 186 100
72 186 100
73 186 100
74 186 100
75 186 100
76 186 100
77 186 100
78 186 100
79 186 100
80 186 100
81 186 100
82 186 100
83 186 100
84 186 100
85 186 100
86 186 100
87 186 100
88 186 100
89 186 100
90 186 100
91 186 100
92 186 100
93 186 100
94 186 100
95 186 100
96 186 100
97 186 100
98 186 100
99 186 100
100 186 100
101 186 100
101 186 2450
102 186 100
102 186 2450
103 186 100
103 186 2450
104 186 100
104 186 2450
105 186 100
105 186 2450
106 186 100
106 186 2450
107 186 100
107 186 2450
108 186 100
108 186 2450
109 186 100
109 186 2450
110 186 100
110 186 2450
111 186 100
111 186 2450
112 186 100
112 186 2450
113 186 100
113 186 2450
114 186 100
114 186 2450
115 186 100
115 186 2450
116 186 100
116 186 2450
117 186 100
117 186 2450
118 186 100
118 186 2450
119 186 100
119 186 2450
120 186 100
120 186 2450
121 186 100
122 186 100
123 186 100
124 186 100
125 186 100
126 186 100
127 186 100
128 186 100
129 186 100
130 186 100
130 186 2450
131 186 100
131 186 2450
132 186 100
132 186 2450
133 186 100
133 186 2450
134 186 100
134 186 2450
135 186 100
135 186 2450
136 186 100
136 186 2450
137 186 100
137 186 2450
138 186 100
138 186 2450
139 186 100
139 186 2450
140 186 100
140 186 2450
141 186 100
141 186 2450
142 186 100
142 186 2450
143 186 100
143 186 2450
144 186 100
144 186 2450
145 186 100
145 186 2450
146 186 100
147 186 100
148 186 100
149 186 100
150 186 100
151 186 100
152 186 100
153 186 100
154 186 100
155 186 100
156 186 100
157 186 100
158 186 100
159 186 100
160 186 100
161 186 100
162 186 100
163 186 100
164 186 100
164 185 100
164 184 100
164 183 100
164 182 100
164 181 100
164 180 100
164 179 100
164 178 100
164 177 100
164 176 100
164 175 100
164 174 100
164 173 100
164 172 100
164 171 100
164 170 100
164 169 100
164 168 100
164 167 100
164 166 100
164 165 100
164 164 100
164 164 2450
164 163 100
164 163 2450
164 162 100
164 162 2450
164 161 100
164 161 2450
164 160 100
164 160 2450
164 159 100
164 159 2450
164 158 100
164 158 2450
164 157 100
164 157 2450
164 156 100
164 156 2450
164 155 100
164 155 2450
164 154 100
164 154 2450
164 153 100
164 153 2450
164 152 100
164 152 2450
164 151 100
164 151 2450
164 150 100
164 150 2450
164 149 100
164 149 2450
164 148 100
164 148 2450
164 147 100
164 147 2450
164 146 100
164 146 2450
164 145 100
164 145 2450
164 144 100
164 144 2450
164 143 100
164 143 2450
164 142 100
164 142 2450
164 141 100
164 141 2450
164 140 100
164 140 2450
164 139 100
164 139 2450
164 138 100
164 138 2450
164 137 100
164 137 2450
164 136 100
164 136 2450
164 135 100
164 135 2450
164 134 100
164 134 2450
164 133 100
164 133 2450
164 132 100
164 132 2450
164 131 100
164 131 2450
164 130 100
164 130 2450
164 129 100
164 129 2450
164 128 100
164 128 2450
164 127 100
164 127 2450
164 127 1225
164 126 100
164 126 2450
164 126 1225
164 125 100
164 125 2450
164 124 100
164 124 2450
164 123 100
164 123 2450
164 122 100
164 122 2450
164 121 100
164 121 2450
164 120 100
164 120 2450
164 119 100
164 119 2450
164 118 100
164 118 2450
164 117 100
164 117 2450
164 116 100
164 116 2450
164 115 100
164 115 2450
164 114 100
164 114 2450
164 113 100
164 113 2450
164 112 100
164 112 2450
164 111 100
164 111 2450
164 110 100
164 109 100
164 108 100
164 107 100
164 106 100
164 105 100
164 104 100
128 136 100
129 136 100
130 136 100
131 136 100
132 136 100
133 136 100
133 136 2450
134 136 100
134 136 2450
135 136 100
135 136 2450
136 136 100
136 136 2450
137 136 100
137 136 2450
138 136 100
138 136 2450
139 136 100
139 136 2450
140 136 100
140 136 2450
141 136 100
141 136 2450
142 136 100
142 136 2450
143 136 100
143 136 2450
144 136 100
144 136 2450
145 136 100
145 136 2450
146 136 100
146 136 2450
147 136 100
147 136 2450
148 136 100
148 136 2450
149 136 100
149 136 2450
150 136 100
150 136 2450
151 136 100
151 136 2450
152 136 100
152 136 2450
153 136 100
153 136 2450
154 136 100
154 136 2450
155 136 100
155 136 2450
156 136 100
156 136 2450
157 136 100
157 136 2450
158 136 100
158 136 2450
159 136 100
159 136 2450
160 136 100
160 136 2450
161 136 100
161 136 2450
162 136 100
162 136 2450
163 136 100
163 136 2450
85 158 100
85 158 2450
86 158 100
86 158 2450
87 158 100
87 158 2450
88 158 100
88 158 2450
89 158 100
89 158 2450
90 158 100
91 158 100
92 158 100
93 158 100
93 158 2450
94 158 100
94 158 2450
95 158 100
95 158 2450
96 158 100
96 158 2450
97 158 100
97 158 2450
98 158 100
98 158 2450
99 158 100
99 158 2450
100 158 100
100 158 2450
101 158 100
101 158 2450
102 158 100
102 158 2450
102 158 1225
103 158 100
103 158 2450
103 158 1225
104 158 100
104 158 2450
104 158 1225
105 158 100
105 158 2450
105 158 1225
105 158 612
106 158 100
106 158 2450
106 158 1225
106 158 612
107 158 100
107 158 2450
107 158 1225
107 158 612
107 158 306
108 158 100
108 158 2450
108 158 1225
108 158 612
108 158 306
109 158 100
109 158 2450
109 158 1225
109 158 612
109 158 306
110 158 100
110 158 2450
110 158 1225
110 158 612
110 158 306
111 158 100
111 158 2450
111 158 1225
111 158 612
111 158 306
112 158 100
112 158 2450
112 158 1225
112 158 612
113 158 100
113 158 2450
113 158 1225
113 158 612
114 158 100
114 158 2450
114 158 1225
115 158 100
115 158 2450
115 158 1225
116 158 100
116 158 2450
116 158 1225
117 158 100
117 158 2450
117 158 1225
118 158 100
118 158 2450
119 158 100
119 158 2450
120 158 100
120 158 2450
121 158 100
121 158 2450
122 158 100
122 158 2450
123 158 100
123 158 2450
124 158 100
124 158 2450
125 158 100
125 158 2450
126 158 100
126 158 2450
127 158 100
127 158 2450
128 158 100
128 158 2450
129 158 100
129 158 2450
130 158 100
130 158 2450
131 158 100
131 158 2450
132 158 100
132 158 2450
133 158 100
133 158 2450
134 158 100
134 158 2450
135 158 100
135 158 2450
136 158 100
136 158 2450
137 158 100
137 158 2450
138 158 100
138 158 2450
139 158 100
139 158 2450
140 158 100
140 158 2450
141 158 100
141 158 2450
142 158 100
142 158 2450
143 158 100
143 158 2450
144 158 100
144 158 2450
145 158 100
145 158 2450
146 158 100
147 158 100
148 158 100
149 158 100
150 158 100
151 158 100
152 158 100
153 158 100
154 158 100
155 158 100
156 158 100
157 158 100
157 158 2450
158 158 100
158 158 2450
159 158 100
159 158 2450
160 158 100
160 158 2450
161 158 100
161 158 2450
162 158 100
162 158 2450
163 158 100
163 158 2450
175 135 100
174 135 100
173 135 100
172 135 100
171 135 100
171 135 2450
170 135 100
170 135 2450
169 135 100
169 135 2450
168 135 100
168 135 2450
167 135 100
167 135 2450
166 135 100
166 135 2450
165 135 100
165 135 2450
147 68 100
148 68 100
149 68 100
150 68 100
151 68 100
152 68 100
153 68 100
154 68 100
155 68 100
156 68 100
157 68 100
158 68 100
159 68 100
160 68 100
161 68 100
162 68 100
163 68 100
41 69 100
42 69 100
43 69 100
44 69 100
45 69 100
46 69 100
47 69 100
48 69 100
49 69 100
50 69 100
51 69 100
52 69 100
53 69 100
54 69 100
55 69 100
56 69 100
57 69 100
58 69 100
59 69 100
60 69 100
61 69 100
62 69 100
63 69 100
64 69 100
65 69 100
65 69 2450
66 69 100
66 69 2450
67 69 100
67 69 2450
68 69 100
68 69 2450
69 69 100
69 69 2450
70 69 100
70 69 2450
71 69 100
71 69 2450
72 69 100
72 69 2450
73 69 100
73 69 2450
74 69 100
74 69 2450
75 69 100
75 69 2450
76 69 100
76 69 2450
77 69 100
77 69 2450
78 69 100
78 69 2450
79 69 100
79 69 2450
80 69 100
80 69 2450
81 69 100
81 69 2450
82 69 100
82 69 2450
83 69 100
83 69 2450
84 69 100
84 69 2450
85 69 100
85 69 2450
86 69 100
86 69 2450
87 69 100
87 69 2450
88 69 100
88 69 2450
89 69 100
89 69 2450
90 69 100
90 69 2450
91 69 100
91 69 2450
92 69 100
92 69 2450
93 69 100
93 69 2450
94 69 100
94 69 2450
94 69 1225
95 69 100
95 69 2450
95 69 1225
96 69 100
96 69 2450
96 69 1225
97 69 100
97 69 2450
97 69 1225
98 69 100
98 69 2450
98 69 1225
98 69 612
99 69 100
99 69 2450
99 69 1225
99 69 612
100 69 100
100 69 2450
100 69 1225
100 69 612
101 69 100
101 69 2450
101 69 1225
101 69 612
102 69 100
102 69 2450
102 69 1225
102 69 612
103 69 100
103 69 2450
103 69 1225
103 69 612
104 69 100
104 69 2450
104 69 1225
104 69 612
105 69 100
105 69 2450
105 69 1225
106 69 100
106 69 2450
106 69 1225
107 69 100
107 69 2450
107 69 1225
108 69 100
108 69 2450
108 69 1225
109 69 100
109 69 2450
110 69 100
110 69 2450
111 69 100
111 69 2450
112 69 100
112 69 2450
113 69 100
113 69 2450
114 69 100
114 69 2450
115 69 100
115 69 2450
116 69 100
116 69 2450
117 69 100
117 69 2450
118 69 100
118 69 2450
119 69 100
119 69 2450
120 69 100
120 69 2450
121 69 100
121 69 2450
122 69 100
122 69 2450
123 69 100
123 69 2450
124 69 100
124 69 2450
125 69 100
125 69 2450
126 69 100
126 69 2450
127 69 100
127 69 2450
128 69 100
128 69 2450
129 69 100
130 69 100
131 69 100
132 69 100
133 69 100
134 69 100
135 69 100
136 69 100
137 69 100
138 69 100
139 69 100
140 69 100
141 69 100
142 69 100
143 69 100
144 69 100
145 69 100
146 69 100
147 69 100
