186 0 100
186 0 2450
185 0 100
185 0 2450
184 0 100
184 0 2450
183 0 100
183 0 2450
182 0 100
182 0 2450
181 0 100
181 0 2450
180 0 100
180 0 2450
179 0 100
179 0 2450
178 0 100
178 0 2450
177 0 100
177 0 2450
176 0 100
176 0 2450
175 0 100
175 0 2450
174 0 100
174 0 2450
173 0 100
173 0 2450
172 0 100
172 0 2450
171 0 100
171 0 2450
170 0 100
170 0 2450
169 0 100
169 0 2450
168 0 100
168 0 2450
167 0 100
167 0 2450
166 0 100
166 0 2450
165 0 100
165 0 2450
164 0 100
164 0 2450
163 0 100
163 0 2450
162 0 100
162 0 2450
161 0 100
161 0 2450
160 0 100
160 0 2450
159 0 100
159 0 2450
158 0 100
158 0 2450
157 0 100
157 0 2450
156 0 100
156 0 2450
155 0 100
155 0 2450
154 0 100
154 0 2450
153 0 100
153 0 2450
152 0 100
152 0 2450
151 0 100
151 0 2450
150 0 100
150 0 2450
149 0 100
149 0 2450
148 0 100
148 0 2450
147 0 100
147 0 2450
146 0 100
146 0 2450
145 0 100
145 0 2450
144 0 100
144 0 2450
143 0 100
143 0 2450
142 0 100
142 0 2450
141 0 100
141 0 2450
140 0 100
140 0 2450
139 0 100
139 0 2450
138 0 100
138 0 2450
137 0 100
137 0 2450
136 0 100
136 0 2450
135 0 100
135 0 2450
134 0 100
134 0 2450
133 0 100
133 0 2450
132 0 100
132 0 2450
131 0 100
131 0 2450
130 0 100
130 0 2450
129 0 100
129 0 2450
128 0 100
128 0 2450
127 0 100
127 0 2450
126 0 100
126 0 2450
125 0 100
125 0 2450
124 0 100
124 0 2450
123 0 100
123 0 2450
122 0 100
122 0 2450
121 0 100
121 0 2450
120 0 100
120 0 2450
119 0 100
119 0 2450
118 0 100
118 0 2450
117 0 100
117 0 2450
116 0 100
116 0 2450
115 0 100
115 0 2450
114 0 100
114 0 2450
113 0 100
113 0 2450
112 0 100
112 0 2450
111 0 100
111 0 2450
110 0 100
110 0 2450
109 0 100
109 0 2450
108 0 100
108 0 2450
107 0 100
107 0 2450
106 0 100
106 0 2450
105 0 100
105 0 2450
104 0 100
104 0 2450
103 0 100
103 0 2450
102 0 100
102 0 2450
101 0 100
101 0 2450
100 0 100
100 0 2450
99 0 100
98 0 100
97 0 100
96 0 100
95 0 100
94 0 100
93 0 100
92 0 100
91 0 100
90 0 100
89 0 100
88 0 100
87 0 100
86 0 100
85 0 100
84 0 100
84 0 2450
83 0 100
83 0 2450
82 0 100
82 0 2450
81 0 100
81 0 2450
80 0 100
80 0 2450
79 0 100
79 0 2450
78 0 100
78 0 2450
77 0 100
77 0 2450
76 0 100
76 0 2450
75 0 100
75 0 2450
74 0 100
74 0 2450
73 0 100
73 0 2450
72 0 100
72 0 2450
71 0 100
71 0 2450
70 0 100
70 0 2450
69 0 100
69 0 2450
69 1 100
69 1 2450
69 2 100
69 2 2450
69 3 100
69 3 2450
69 4 100
69 4 2450
69 5 100
69 5 2450
69 6 100
69 6 2450
69 7 100
69 7 2450
69 8 100
69 8 2450
69 9 100
69 9 2450
69 10 100
69 10 2450
69 11 100
69 11 2450
69 12 100
69 12 2450
69 13 100
69 13 2450
69 14 100
69 14 2450
69 15 100
69 15 2450
69 16 100
69 16 2450
69 17 100
69 17 2450
69 18 100
69 18 2450
69 19 100
69 19 2450
69 20 100
69 20 2450
69 21 100
69 21 2450
69 22 100
69 22 2450
69 23 100
69 23 2450
69 24 100
69 24 2450
69 25 100
69 25 2450
69 26 100
69 26 2450
69 27 100
69 27 2450
69 28 100
69 28 2450
69 29 100
69 29 2450
69 30 100
69 30 2450
69 31 100
69 31 2450
69 32 100
69 32 2450
69 33 100
69 33 2450
69 34 100
69 34 2450
69 35 100
69 35 2450
69 36 100
69 36 2450
69 37 100
69 37 2450
69 38 100
69 38 2450
69 39 100
69 39 2450
69 40 100
69 40 2450
69 41 100
69 41 2450
69 42 100
69 42 2450
69 43 100
69 43 2450
69 44 100
69 45 100
69 46 100
69 47 100
69 48 100
69 49 100
69 50 100
69 51 100
69 52 100
69 53 100
69 54 100
69 55 100
69 56 100
69 57 100
69 58 100
69 59 100
69 60 100
69 61 100
69 62 100
69 63 100
69 64 100
69 65 100
69 66 100
69 67 100
69 68 100
69 69 100
69 70 100
69 71 100
69 72 100
69 73 100
69 74 100
69 75 100
69 76 100
69 77 100
69 78 100
69 79 100
69 80 100
69 81 100
69 82 100
69 83 100
69 84 100
69 85 100
69 85 2450
69 86 100
69 86 2450
69 87 100
69 87 2450
69 88 100
69 88 2450
69 89 100
69 89 2450
69 90 100
69 90 2450
69 91 100
69 91 2450
69 92 100
69 92 2450
69 93 100
69 93 2450
69 94 100
69 94 2450
69 95 100
69 95 2450
69 96 100
69 96 2450
69 97 100
69 97 2450
69 98 100
69 98 2450
69 99 100
69 99 2450
69 100 100
69 100 2450
69 101 100
69 101 2450
69 102 100
69 102 2450
69 103 100
69 103 2450
69 104 100
69 104 2450
69 105 100
69 105 2450
69 106 100
69 107 100
69 108 100
69 109 100
69 110 100
69 111 100
69 112 100
69 113 100
69 114 100
69 115 100
69 116 100
69 117 100
69 118 100
69 119 100
69 120 100
69 121 100
69 121 2450
69 122 100
69 122 2450
69 123 100
69 123 2450
69 124 100
69 124 2450
69 125 100
69 125 2450
69 126 100
69 126 2450
69 127 100
69 127 2450
69 128 100
69 128 2450
69 129 100
69 129 2450
69 130 100
69 130 2450
69 131 100
69 131 2450
69 132 100
69 132 2450
69 133 100
69 133 2450
69 134 100
69 134 2450
69 135 100
69 135 2450
69 136 100
69 136 2450
69 137 100
69 137 2450
69 138 100
69 139 100
69 140 100
69 141 100
69 142 100
69 143 100
69 144 100
69 145 100
69 146 100
69 147 100
69 148 100
69 149 100
69 150 100
69 151 100
69 152 100
69 153 100
69 154 100
69 155 100
69 156 100
69 157 100
18 116 100
18 116 2450
19 116 100
19 116 2450
20 116 100
21 116 100
22 116 100
23 116 100
24 116 100
25 116 100
26 116 100
27 116 100
28 116 100
29 116 100
30 116 100
31 116 100
32 116 100
33 116 100
34 116 100
35 116 100
36 116 100
37 116 100
38 116 100
39 116 100
40 116 100
41 116 100
41 116 2450
42 116 100
42 116 2450
43 116 100
43 116 2450
44 116 100
44 116 2450
45 116 100
45 116 2450
46 116 100
46 116 2450
47 116 100
47 116 2450
48 116 100
48 116 2450
49 116 100
49 116 2450
50 116 100
50 116 2450
51 116 100
51 116 2450
52 116 100
52 116 2450
53 116 100
53 116 2450
54 116 100
55 116 100
56 116 100
57 116 100
58 116 100
59 116 100
60 116 100
61 116 100
62 116 100
63 116 100
64 116 100
65 116 100
66 116 100
67 116 100
68 116 100
123 142 100
123 142 2450
122 142 100
122 142 2450
121 142 100
121 142 2450
120 142 100
120 142 2450
119 142 100
119 142 2450
118 142 100
118 142 2450
117 142 100
117 142 2450
116 142 100
116 142 2450
115 142 100
115 142 2450
114 142 100
114 142 2450
113 142 100
113 142 2450
112 142 100
112 142 2450
111 142 100
111 142 2450
110 142 100
110 142 2450
109 142 100
109 142 2450
108 142 100
108 142 2450
107 142 100
107 142 2450
106 142 100
106 142 2450
105 142 100
105 142 2450
104 142 100
104 142 2450
103 142 100
103 142 2450
102 142 100
102 142 2450
102 142 1225
101 142 100
101 142 2450
101 142 1225
100 142 100
100 142 2450
100 142 1225
99 142 100
99 142 2450
99 142 1225
98 142 100
98 142 2450
98 142 1225
97 142 100
97 142 2450
97 142 1225
96 142 100
96 142 2450
96 142 1225
96 142 612
95 142 100
95 142 2450
95 142 1225
94 142 100
94 142 2450
94 142 1225
93 142 100
93 142 2450
93 142 1225
92 142 100
92 142 2450
92 142 1225
91 142 100
91 142 2450
91 142 1225
90 142 100
90 142 2450
89 142 100
89 142 2450
88 142 100
88 142 2450
87 142 100
87 142 2450
86 142 100
86 142 2450
85 142 100
85 142 2450
84 142 100
84 142 2450
83 142 100
83 142 2450
82 142 100
82 142 2450
81 142 100
81 142 2450
80 142 100
79 142 100
78 142 100
77 142 100
76 142 100
75 142 100
74 142 100
73 142 100
72 142 100
71 142 100
70 142 100
64 112 100
65 112 100
66 112 100
67 112 100
68 112 100
191 71 100
191 71 2450
190 71 100
190 71 2450
189 71 100
189 71 2450
188 71 100
188 71 2450
187 71 100
187 71 2450
186 71 100
186 71 2450
185 71 100
185 71 2450
184 71 100
184 71 2450
183 71 100
183 71 2450
182 71 100
182 71 2450
181 71 100
181 71 2450
180 71 100
180 71 2450
179 71 100
179 71 2450
178 71 100
178 71 2450
177 71 100
177 71 2450
176 71 100
176 71 2450
175 71 100
175 71 2450
174 71 100
174 71 2450
173 71 100
173 71 2450
172 71 100
172 71 2450
171 71 100
171 71 2450
170 71 100
170 71 2450
169 71 100
169 71 2450
168 71 100
168 71 2450
167 71 100
167 71 2450
166 71 100
166 71 2450
165 71 100
165 71 2450
164 71 100
164 71 2450
163 71 100
163 71 2450
162 71 100
162 71 2450
161 71 100
161 71 2450
160 71 100
160 71 2450
159 71 100
159 71 2450
158 71 100
158 71 2450
157 71 100
157 71 2450
156 71 100
156 71 2450
155 71 100
155 71 2450
154 71 100
154 71 2450
153 71 100
153 71 2450
152 71 100
152 71 2450
151 71 100
151 71 2450
150 71 100
150 71 2450
149 71 100
149 71 2450
148 71 100
148 71 2450
147 71 100
147 71 2450
146 71 100
146 71 2450
145 71 100
145 71 2450
144 71 100
144 71 2450
143 71 100
143 71 2450
142 71 100
142 71 2450
141 71 100
141 71 2450
140 71 100
140 71 2450
139 71 100
139 71 2450
138 71 100
138 71 2450
137 71 100
137 71 2450
136 71 100
135 71 100
134 71 100
133 71 100
132 71 100
131 71 100
130 71 100
129 71 100
128 71 100
127 71 100
126 71 100
125 71 100
124 71 100
123 71 100
122 71 100
121 71 100
121 71 2450
120 71 100
120 71 2450
119 71 100
119 71 2450
118 71 100
118 71 2450
117 71 100
117 71 2450
116 71 100
116 71 2450
115 71 100
115 71 2450
114 71 100
114 71 2450
114 71 1225
113 71 100
113 71 2450
113 71 1225
112 71 100
112 71 2450
112 71 1225
111 71 100
111 71 2450
111 71 1225
110 71 100
110 71 2450
110 71 1225
110 71 612
109 71 100
109 71 2450
109 71 1225
109 71 612
108 71 100
108 71 2450
108 71 1225
108 71 612
107 71 100
107 71 2450
107 71 1225
106 71 100
106 71 2450
106 71 1225
105 71 100
105 71 2450
105 71 1225
104 71 100
104 71 2450
104 71 1225
103 71 100
103 71 2450
102 71 100
102 71 2450
101 71 100
101 71 2450
100 71 100
100 71 2450
99 71 100
99 71 2450
98 71 100
98 71 2450
97 71 100
97 71 2450
96 71 100
96 71 2450
95 71 100
95 71 2450
94 71 100
94 71 2450
93 71 100
93 71 2450
92 71 100
92 71 2450
91 71 100
91 71 2450
90 71 100
90 71 2450
89 71 100
89 71 2450
88 71 100
88 71 2450
87 71 100
87 71 2450
86 71 100
86 71 2450
85 71 100
85 71 2450
84 71 100
84 71 2450
83 71 100
83 71 2450
82 71 100
82 71 2450
81 71 100
81 71 2450
80 71 100
80 71 2450
79 71 100
79 71 2450
78 71 100
78 71 2450
77 71 100
77 71 2450
76 71 100
76 71 2450
75 71 100
75 71 2450
74 71 100
73 71 100
72 71 100
71 71 100
70 71 100
136 196 100
135 196 100
134 196 100
133 196 100
132 196 100
131 196 100
130 196 100
129 196 100
128 196 100
127 196 100
126 196 100
125 196 100
124 196 100
123 196 100
122 196 100
121 196 100
120 196 100
119 196 100
118 196 100
117 196 100
116 196 100
115 196 100
114 196 100
113 196 100
112 196 100
111 196 100
110 196 100
109 196 100
108 196 100
107 196 100
106 196 100
105 196 100
104 196 100
103 196 100
102 196 100
101 196 100
100 196 100
99 196 100
98 196 100
97 196 100
96 196 100
95 196 100
94 196 100
94 196 2450
93 196 100
93 196 2450
92 196 100
92 196 2450
91 196 100
91 196 2450
90 196 100
90 196 2450
89 196 100
89 196 2450
88 196 100
88 196 2450
87 196 100
87 196 2450
86 196 100
86 196 2450
85 196 100
85 196 2450
84 196 100
84 196 2450
83 196 100
83 196 2450
82 196 100
82 196 2450
81 196 100
81 196 2450
80 196 100
80 196 2450
79 196 100
79 196 2450
78 196 100
78 196 2450
77 196 100
77 196 2450
76 196 100
76 196 2450
75 196 100
75 196 2450
74 196 100
74 196 2450
73 196 100
73 196 2450
72 196 100
72 196 2450
71 196 100
71 196 2450
70 196 100
70 196 2450
69 196 100
69 196 2450
69 195 100
69 195 2450
69 194 100
69 193 100
69 192 100
69 191 100
69 190 100
69 189 100
69 188 100
69 187 100
69 186 100
69 185 100
69 184 100
69 183 100
69 182 100
69 181 100
69 180 100
69 179 100
69 178 100
69 177 100
69 176 100
69 175 100
69 174 100
69 173 100
69 172 100
69 171 100
69 170 100
69 169 100
69 168 100
69 167 100
69 166 100
69 165 100
69 164 100
69 163 100
69 162 100
69 161 100
69 160 100
69 159 100
69 158 100
185 121 100
184 121 100
183 121 100
182 121 100
181 121 100
180 121 100
179 121 100
178 121 100
177 121 100
176 121 100
175 121 100
174 121 100
173 121 100
172 121 100
171 121 100
170 121 100
169 121 100
168 121 100
167 121 100
166 121 100
165 121 100
164 121 100
163 121 100
162 121 100
161 121 100
160 121 100
159 121 100
158 121 100
157 121 100
156 121 100
155 121 100
154 121 100
153 121 100
152 121 100
151 121 100
151 121 2450
150 121 100
150 121 2450
149 121 100
149 121 2450
148 121 100
148 121 2450
147 121 100
147 121 2450
146 121 100
146 121 2450
145 121 100
145 121 2450
144 121 100
144 121 2450
143 121 100
143 121 2450
142 121 100
142 121 2450
141 121 100
141 121 2450
140 121 100
140 121 2450
139 121 100
139 121 2450
138 121 100
138 121 2450
137 121 100
137 121 2450
136 121 100
136 121 2450
135 121 100
135 121 2450
134 121 100
134 121 2450
133 121 100
133 121 2450
132 121 100
132 121 2450
131 121 100
131 121 2450
130 121 100
130 121 2450
129 121 100
129 121 2450
128 121 100
128 121 2450
127 121 100
127 121 2450
126 121 100
126 121 2450
125 121 100
124 121 100
123 121 100
122 121 100
121 121 100
120 121 100
119 121 100
118 121 100
117 121 100
116 121 100
115 121 100
114 121 100
113 121 100
112 121 100
111 121 100
111 121 2450
110 121 100
110 121 2450
109 121 100
109 121 2450
108 121 100
108 121 2450
107 121 100
107 121 2450
106 121 100
106 121 2450
105 121 100
105 121 2450
104 121 100
104 121 2450
103 121 100
103 121 2450
102 121 100
102 121 2450
101 121 100
101 121 2450
100 121 100
100 121 2450
99 121 100
99 121 2450
98 121 100
98 121 2450
97 121 100
97 121 2450
97 121 1225
96 121 100
96 121 2450
96 121 1225
95 121 100
95 121 2450
95 121 1225
94 121 100
94 121 2450
94 121 1225
94 121 612
93 121 100
93 121 2450
93 121 1225
93 121 612
92 121 100
92 121 2450
92 121 1225
92 121 612
91 121 100
91 121 2450
91 121 1225
91 121 612
90 121 100
90 121 2450
90 121 1225
90 121 612
89 121 100
89 121 2450
89 121 1225
89 121 612
88 121 100
88 121 2450
88 121 1225
87 121 100
87 121 2450
87 121 1225
86 121 100
86 121 2450
86 121 1225
85 121 100
85 121 2450
84 121 100
84 121 2450
83 121 100
83 121 2450
82 121 100
82 121 2450
81 121 100
81 121 2450
80 121 100
80 121 2450
79 121 100
79 121 2450
78 121 100
78 121 2450
77 121 100
77 121 2450
76 121 100
76 121 2450
75 121 100
75 121 2450
74 121 100
74 121 2450
73 121 100
73 121 2450
72 121 100
72 121 2450
71 121 100
71 121 2450
70 121 100
70 121 2450
117 108 100
116 108 100
115 108 100
114 108 100
113 108 100
112 108 100
111 108 100
110 108 100
110 108 2450
109 108 100
109 108 2450
108 108 100
108 108 2450
107 108 100
107 108 2450
106 108 100
106 108 2450
105 108 100
105 108 2450
104 108 100
104 108 2450
103 108 100
103 108 2450
102 108 100
102 108 2450
101 108 100
101 108 2450
100 108 100
100 108 2450
99 108 100
99 108 2450
99 108 1225
98 108 100
98 108 2450
98 108 1225
97 108 100
97 108 2450
97 108 1225
96 108 100
96 108 2450
96 108 1225
95 108 100
95 108 2450
95 108 1225
95 108 612
94 108 100
94 108 2450
94 108 1225
94 108 612
93 108 100
93 108 2450
93 108 1225
93 108 612
92 108 100
92 108 2450
92 108 1225
92 108 612
91 108 100
91 108 2450
91 108 1225
91 108 612
90 108 100
90 108 2450
90 108 1225
89 108 100
89 108 2450
89 108 1225
88 108 100
88 108 2450
88 108 1225
87 108 100
87 108 2450
87 108 1225
86 108 100
86 108 2450
85 108 100
85 108 2450
84 108 100
84 108 2450
83 108 100
83 108 2450
82 108 100
82 108 2450
81 108 100
81 108 2450
80 108 100
80 108 2450
79 108 100
79 108 2450
78 108 100
78 108 2450
77 108 100
77 108 2450
76 108 100
76 108 2450
75 108 100
75 108 2450
74 108 100
74 108 2450
73 108 100
73 108 2450
72 108 100
72 108 2450
71 108 100
70 108 100
25 185 100
25 185 2450
26 185 100
26 185 2450
27 185 100
27 185 2450
28 185 100
28 185 2450
29 185 100
29 185 2450
30 185 100
30 185 2450
31 185 100
31 185 2450
32 185 100
32 185 2450
33 185 100
33 185 2450
33 185 1225
34 185 100
34 185 2450
34 185 1225
35 185 100
35 185 2450
35 185 1225
36 185 100
36 185 2450
36 185 1225
36 185 612
37 185 100
37 185 2450
37 185 1225
37 185 612
38 185 100
38 185 2450
38 185 1225
38 185 612
39 185 100
39 185 2450
39 185 1225
39 185 612
40 185 100
40 185 2450
40 185 1225
40 185 612
41 185 100
41 185 2450
41 185 1225
41 185 612
42 185 100
42 185 2450
42 185 1225
42 185 612
43 185 100
43 185 2450
43 185 1225
43 185 612
44 185 100
44 185 2450
44 185 1225
44 185 612
45 185 100
45 185 2450
45 185 1225
46 185 100
46 185 2450
46 185 1225
47 185 100
47 185 2450
47 185 1225
48 185 100
48 185 2450
49 185 100
49 185 2450
50 185 100
50 185 2450
51 185 100
51 185 2450
52 185 100
52 185 2450
53 185 100
53 185 2450
54 185 100
54 185 2450
55 185 100
55 185 2450
56 185 100
56 185 2450
57 185 100
57 185 2450
58 185 100
58 185 2450
59 185 100
60 185 100
61 185 100
62 185 100
63 185 100
64 185 100
65 185 100
66 185 100
67 185 100
68 185 100
