116 131 100
117 131 100
118 131 100
119 131 100
120 131 100
121 131 100
122 131 100
123 131 100
124 131 100
125 131 100
126 131 100
127 131 100
128 131 100
129 131 100
130 131 100
131 131 100
132 131 100
133 131 100
134 131 100
135 131 100
136 131 100
137 131 100
138 131 100
139 131 100
140 131 100
141 131 100
142 131 100
143 131 100
144 131 100
145 131 100
146 131 100
147 131 100
148 131 100
149 131 100
150 131 100
151 131 100
152 131 100
152 131 2450
153 131 100
153 131 2450
153 130 100
153 130 2450
153 129 100
153 129 2450
153 128 100
153 128 2450
153 127 100
153 127 2450
153 126 100
153 126 2450
153 125 100
153 125 2450
153 124 100
153 124 2450
153 123 100
153 123 2450
153 122 100
153 122 2450
153 121 100
153 121 2450
153 120 100
153 120 2450
153 119 100
153 118 100
153 117 100
153 116 100
153 115 100
153 114 100
153 113 100
196 87 100
196 87 2450
195 87 100
195 87 2450
194 87 100
194 87 2450
193 87 100
193 87 2450
192 87 100
192 87 2450
191 87 100
191 87 2450
190 87 100
190 87 2450
189 87 100
189 87 2450
188 87 100
188 87 2450
187 87 100
187 87 2450
186 87 100
186 87 2450
185 87 100
185 87 2450
184 87 100
184 87 2450
183 87 100
183 87 2450
182 87 100
182 87 2450
181 87 100
181 87 2450
180 87 100
180 87 2450
179 87 100
179 87 2450
178 87 100
178 87 2450
177 87 100
177 87 2450
176 87 100
176 87 2450
175 87 100
175 87 2450
174 87 100
174 87 2450
173 87 100
173 87 2450
172 87 100
172 87 2450
171 87 100
171 87 2450
170 87 100
170 87 2450
169 87 100
169 87 2450
168 87 100
168 87 2450
167 87 100
167 87 2450
166 87 100
166 87 2450
165 87 100
165 87 2450
164 87 100
164 87 2450
163 87 100
163 87 2450
162 87 100
161 87 100
160 87 100
159 87 100
158 87 100
157 87 100
156 87 100
155 87 100
154 87 100
153 87 100
153 88 100
153 89 100
153 90 100
153 91 100
153 92 100
153 93 100
153 94 100
153 95 100
153 96 100
153 97 100
153 98 100
153 99 100
153 100 100
153 101 100
153 102 100
153 103 100
153 104 100
153 105 100
153 106 100
153 107 100
153 108 100
153 109 100
153 110 100
153 111 100
153 112 100
139 4 100
140 4 100
141 4 100
142 4 100
143 4 100
144 4 100
145 4 100
146 4 100
146 4 2450
147 4 100
147 4 2450
148 4 100
148 4 2450
149 4 100
149 4 2450
150 4 100
150 4 2450
151 4 100
151 4 2450
152 4 100
152 4 2450
153 4 100
153 4 2450
153 5 100
153 5 2450
153 6 100
153 6 2450
153 7 100
153 7 2450
153 8 100
153 8 2450
153 9 100
153 9 2450
153 10 100
153 10 2450
153 11 100
153 11 2450
153 12 100
153 12 2450
153 13 100
153 13 2450
153 14 100
153 14 2450
153 15 100
153 15 2450
153 16 100
153 16 2450
153 17 100
153 17 2450
153 18 100
153 18 2450
153 19 100
153 19 2450
153 20 100
153 20 2450
153 21 100
153 21 2450
153 22 100
153 22 2450
153 23 100
153 23 2450
153 24 100
153 24 2450
153 25 100
153 25 2450
153 26 100
153 26 2450
153 27 100
153 27 2450
153 28 100
153 28 2450
153 29 100
153 29 2450
153 30 100
153 30 2450
153 31 100
153 31 2450
153 32 100
153 32 2450
153 33 100
153 33 2450
153 34 100
153 34 2450
153 35 100
153 35 2450
153 36 100
153 36 2450
153 37 100
153 37 2450
153 38 100
153 38 2450
153 39 100
153 39 2450
153 40 100
153 40 2450
153 41 100
153 41 2450
153 42 100
153 42 2450
153 43 100
153 43 2450
153 44 100
153 44 2450
153 45 100
153 45 2450
153 46 100
153 46 2450
153 47 100
153 47 2450
153 48 100
153 48 2450
153 49 100
153 49 2450
153 50 100
153 50 2450
153 51 100
153 51 2450
153 52 100
153 52 2450
153 53 100
153 53 2450
153 54 100
153 54 2450
153 55 100
153 55 2450
153 56 100
153 56 2450
153 57 100
153 57 2450
153 58 100
153 58 2450
153 59 100
153 59 2450
153 60 100
153 60 2450
153 61 100
153 61 2450
153 62 100
153 62 2450
153 63 100
153 63 2450
153 64 100
153 64 2450
153 65 100
153 65 2450
153 66 100
153 66 2450
153 67 100
153 67 2450
153 68 100
153 68 2450
153 69 100
153 69 2450
153 70 100
153 70 2450
153 71 100
153 71 2450
153 72 100
153 72 2450
153 73 100
153 73 2450
153 74 100
153 74 2450
153 75 100
153 75 2450
153 76 100
153 76 2450
153 77 100
153 77 2450
153 78 100
153 79 100
153 80 100
153 81 100
153 82 100
153 83 100
153 84 100
153 85 100
153 86 100
16 33 100
17 33 100
18 33 100
19 33 100
20 33 100
21 33 100
22 33 100
23 33 100
24 33 100
25 33 100
26 33 100
27 33 100
28 33 100
29 33 100
30 33 100
31 33 100
32 33 100
33 33 100
34 33 100
35 33 100
36 33 100
37 33 100
38 33 100
38 33 2450
39 33 100
39 33 2450
40 33 100
40 33 2450
41 33 100
41 33 2450
42 33 100
42 33 2450
43 33 100
43 33 2450
44 33 100
44 33 2450
45 33 100
45 33 2450
46 33 100
46 33 2450
47 33 100
47 33 2450
48 33 100
48 33 2450
49 33 100
49 33 2450
50 33 100
50 33 2450
51 33 100
51 33 2450
52 33 100
52 33 2450
53 33 100
53 33 2450
54 33 100
54 33 2450
55 33 100
55 33 2450
56 33 100
56 33 2450
57 33 100
57 33 2450
58 33 100
58 33 2450
59 33 100
59 33 2450
60 33 100
60 33 2450
61 33 100
61 33 2450
61 33 1225
62 33 100
62 33 2450
62 33 1225
63 33 100
63 33 2450
63 33 1225
64 33 100
64 33 2450
64 33 1225
65 33 100
65 33 2450
65 33 1225
66 33 100
66 33 2450
66 33 1225
67 33 100
67 33 2450
67 33 1225
68 33 100
68 33 2450
68 33 1225
69 33 100
69 33 2450
69 33 1225
70 33 100
70 33 2450
70 33 1225
71 33 100
71 33 2450
71 33 1225
72 33 100
72 33 2450
72 33 1225
73 33 100
73 33 2450
73 33 1225
74 33 100
74 33 2450
74 33 1225
75 33 100
75 33 2450
75 33 1225
76 33 100
76 33 2450
76 33 1225
77 33 100
77 33 2450
77 33 1225
78 33 100
78 33 2450
78 33 1225
79 33 100
79 33 2450
79 33 1225
80 33 100
80 33 2450
80 33 1225
81 33 100
81 33 2450
81 33 1225
82 33 100
82 33 2450
82 33 1225
83 33 100
83 33 2450
83 33 1225
84 33 100
84 33 2450
84 33 1225
85 33 100
85 33 2450
85 33 1225
86 33 100
86 33 2450
86 33 1225
87 33 100
87 33 2450
87 33 1225
88 33 100
88 33 2450
88 33 1225
89 33 100
89 33 2450
89 33 1225
90 33 100
90 33 2450
90 33 1225
91 33 100
91 33 2450
91 33 1225
92 33 100
92 33 2450
92 33 1225
93 33 100
93 33 2450
93 33 1225
94 33 100
94 33 2450
94 33 1225
95 33 100
95 33 2450
95 33 1225
96 33 100
96 33 2450
96 33 1225
97 33 100
97 33 2450
97 33 1225
98 33 100
98 33 2450
98 33 1225
99 33 100
99 33 2450
100 33 100
100 33 2450
101 33 100
101 33 2450
102 33 100
102 33 2450
103 33 100
103 33 2450
104 33 100
104 33 2450
105 33 100
105 33 2450
106 33 100
106 33 2450
107 33 100
107 33 2450
108 33 100
108 33 2450
109 33 100
109 33 2450
110 33 100
110 33 2450
111 33 100
111 33 2450
112 33 100
112 33 2450
113 33 100
113 33 2450
114 33 100
114 33 2450
115 33 100
115 33 2450
116 33 100
116 33 2450
117 33 100
117 33 2450
118 33 100
118 33 2450
119 33 100
119 33 2450
120 33 100
120 33 2450
121 33 100
121 33 2450
122 33 100
122 33 2450
123 33 100
123 33 2450
124 33 100
124 33 2450
125 33 100
125 33 2450
126 33 100
126 33 2450
127 33 100
127 33 2450
128 33 100
128 33 2450
129 33 100
129 33 2450
130 33 100
130 33 2450
131 33 100
131 33 2450
132 33 100
132 33 2450
133 33 100
133 33 2450
134 33 100
134 33 2450
135 33 100
135 33 2450
136 33 100
136 33 2450
137 33 100
137 33 2450
138 33 100
138 33 2450
139 33 100
139 33 2450
140 33 100
140 33 2450
141 33 100
141 33 2450
142 33 100
142 33 2450
143 33 100
143 33 2450
144 33 100
144 33 2450
145 33 100
145 33 2450
146 33 100
146 33 2450
147 33 100
147 33 2450
148 33 100
148 33 2450
149 33 100
149 33 2450
150 33 100
150 33 2450
151 33 100
151 33 2450
152 33 100
152 33 2450
98 99 100
99 99 100
100 99 100
101 99 100
102 99 100
103 99 100
104 99 100
105 99 100
106 99 100
107 99 100
108 99 100
109 99 100
110 99 100
111 99 100
112 99 100
113 99 100
114 99 100
115 99 100
116 99 100
117 99 100
118 99 100
119 99 100
120 99 100
121 99 100
122 99 100
123 99 100
124 99 100
125 99 100
126 99 100
127 99 100
128 99 100
129 99 100
130 99 100
131 99 100
132 99 100
133 99 100
134 99 100
135 99 100
136 99 100
137 99 100
138 99 100
139 99 100
140 99 100
141 99 100
142 99 100
143 99 100
144 99 100
145 99 100
146 99 100
147 99 100
148 99 100
149 99 100
150 99 100
151 99 100
152 99 100
133 87 100
134 87 100
135 87 100
136 87 100
137 87 100
138 87 100
139 87 100
140 87 100
141 87 100
142 87 100
143 87 100
144 87 100
145 87 100
146 87 100
147 87 100
148 87 100
149 87 100
150 87 100
151 87 100
152 87 100
16 81 100
17 81 100
18 81 100
19 81 100
20 81 100
21 81 100
22 81 100
23 81 100
24 81 100
25 81 100
26 81 100
27 81 100
28 81 100
29 81 100
30 81 100
31 81 100
32 81 100
33 81 100
34 81 100
35 81 100
36 81 100
37 81 100
38 81 100
39 81 100
40 81 100
41 81 100
42 81 100
43 81 100
44 81 100
45 81 100
46 81 100
47 81 100
48 81 100
49 81 100
50 81 100
51 81 100
51 81 2450
52 81 100
52 81 2450
53 81 100
53 81 2450
54 81 100
54 81 2450
55 81 100
55 81 2450
56 81 100
56 81 2450
57 81 100
57 81 2450
58 81 100
59 81 100
60 81 100
61 81 100
62 81 100
63 81 100
64 81 100
65 81 100
66 81 100
66 81 2450
67 81 100
67 81 2450
68 81 100
68 81 2450
69 81 100
69 81 2450
70 81 100
70 81 2450
71 81 100
71 81 2450
72 81 100
72 81 2450
73 81 100
73 81 2450
74 81 100
74 81 2450
75 81 100
75 81 2450
76 81 100
76 81 2450
77 81 100
77 81 2450
78 81 100
78 81 2450
79 81 100
79 81 2450
80 81 100
80 81 2450
81 81 100
81 81 2450
82 81 100
82 81 2450
83 81 100
83 81 2450
84 81 100
84 81 2450
85 81 100
85 81 2450
86 81 100
86 81 2450
87 81 100
87 81 2450
88 81 100
88 81 2450
89 81 100
89 81 2450
90 81 100
90 81 2450
91 81 100
91 81 2450
92 81 100
92 81 2450
93 81 100
93 81 2450
94 81 100
94 81 2450
95 81 100
95 81 2450
96 81 100
96 81 2450
97 81 100
97 81 2450
98 81 100
98 81 2450
99 81 100
99 81 2450
100 81 100
100 81 2450
101 81 100
101 81 2450
102 81 100
103 81 100
104 81 100
105 81 100
106 81 100
107 81 100
108 81 100
109 81 100
110 81 100
111 81 100
112 81 100
113 81 100
114 81 100
115 81 100
116 81 100
117 81 100
118 81 100
119 81 100
120 81 100
121 81 100
122 81 100
123 81 100
124 81 100
125 81 100
126 81 100
127 81 100
128 81 100
129 81 100
130 81 100
131 81 100
132 81 100
133 81 100
134 81 100
135 81 100
136 81 100
137 81 100
138 81 100
139 81 100
140 81 100
141 81 100
142 81 100
143 81 100
144 81 100
145 81 100
146 81 100
147 81 100
148 81 100
149 81 100
150 81 100
151 81 100
152 81 100
18 129 100
18 129 2450
19 129 100
19 129 2450
20 129 100
20 129 2450
21 129 100
21 129 2450
22 129 100
22 129 2450
23 129 100
23 129 2450
24 129 100
24 129 2450
25 129 100
25 129 2450
26 129 100
26 129 2450
27 129 100
27 129 2450
28 129 100
28 129 2450
29 129 100
29 129 2450
30 129 100
30 129 2450
31 129 100
31 129 2450
32 129 100
32 129 2450
33 129 100
33 129 2450
34 129 100
34 129 2450
35 129 100
35 129 2450
36 129 100
36 129 2450
37 129 100
37 129 2450
38 129 100
38 129 2450
39 129 100
39 129 2450
40 129 100
40 129 2450
41 129 100
41 129 2450
42 129 100
42 129 2450
43 129 100
43 129 2450
44 129 100
44 129 2450
45 129 100
45 129 2450
46 129 100
46 129 2450
47 129 100
47 129 2450
48 129 100
48 129 2450
49 129 100
49 129 2450
50 129 100
50 129 2450
51 129 100
51 129 2450
52 129 100
52 129 2450
53 129 100
53 129 2450
54 129 100
54 129 2450
55 129 100
55 129 2450
56 129 100
56 129 2450
57 129 100
57 129 2450
58 129 100
58 129 2450
59 129 100
59 129 2450
60 129 100
60 129 2450
61 129 100
61 129 2450
62 129 100
62 129 2450
63 129 100
63 129 2450
64 129 100
64 129 2450
65 129 100
65 129 2450
66 129 100
66 129 2450
67 129 100
67 129 2450
68 129 100
68 129 2450
69 129 100
69 129 2450
70 129 100
70 129 2450
71 129 100
71 129 2450
72 129 100
72 129 2450
73 129 100
73 129 2450
74 129 100
74 129 2450
75 129 100
75 129 2450
76 129 100
76 129 2450
77 129 100
77 129 2450
78 129 100
78 129 2450
79 129 100
79 129 2450
80 129 100
80 129 2450
81 129 100
81 129 2450
82 129 100
82 129 2450
83 129 100
83 129 2450
84 129 100
84 129 2450
85 129 100
85 129 2450
86 129 100
86 129 2450
87 129 100
87 129 2450
88 129 100
89 129 100
90 129 100
91 129 100
92 129 100
93 129 100
94 129 100
95 129 100
96 129 100
97 129 100
98 129 100
99 129 100
100 129 100
101 129 100
102 129 100
103 129 100
104 129 100
105 129 100
106 129 100
107 129 100
108 129 100
109 129 100
110 129 100
111 129 100
112 129 100
113 129 100
114 129 100
115 129 100
116 129 100
117 129 100
118 129 100
119 129 100
120 129 100
121 129 100
122 129 100
123 129 100
124 129 100
125 129 100
126 129 100
127 129 100
128 129 100
129 129 100
130 129 100
131 129 100
132 129 100
133 129 100
134 129 100
135 129 100
136 129 100
137 129 100
138 129 100
139 129 100
140 129 100
140 129 2450
141 129 100
141 129 2450
142 129 100
142 129 2450
143 129 100
144 129 100
145 129 100
146 129 100
147 129 100
148 129 100
149 129 100
150 129 100
151 129 100
152 129 100
152 129 2450
