133 73 100
132 73 100
131 73 100
131 73 2450
130 73 100
130 73 2450
129 73 100
129 73 2450
128 73 100
128 73 2450
127 73 100
127 73 2450
126 73 100
126 73 2450
125 73 100
125 73 2450
124 73 100
124 73 2450
123 73 100
123 73 2450
122 73 100
122 73 2450
121 73 100
121 73 2450
120 73 100
120 73 2450
119 73 100
119 73 2450
118 73 100
118 73 2450
117 73 100
117 73 2450
116 73 100
116 73 2450
115 73 100
115 73 2450
114 73 100
114 73 2450
113 73 100
113 73 2450
112 73 100
112 73 2450
111 73 100
111 73 2450
110 73 100
110 73 2450
109 73 100
109 73 2450
109 73 1225
108 73 100
108 73 2450
108 73 1225
107 73 100
107 73 2450
107 73 1225
106 73 100
106 73 2450
106 73 1225
105 73 100
105 73 2450
105 73 1225
104 73 100
104 73 2450
104 73 1225
103 73 100
103 73 2450
103 73 1225
102 73 100
102 73 2450
102 73 1225
101 73 100
101 73 2450
101 73 1225
100 73 100
100 73 2450
100 73 1225
99 73 100
99 73 2450
99 73 1225
98 73 100
98 73 2450
98 73 1225
97 73 100
97 73 2450
97 73 1225
96 73 100
96 73 2450
95 73 100
95 73 2450
94 73 100
94 73 2450
93 73 100
93 73 2450
92 73 100
92 73 2450
91 73 100
91 73 2450
90 73 100
90 73 2450
89 73 100
89 73 2450
88 73 100
88 73 2450
87 73 100
87 73 2450
86 73 100
86 73 2450
85 73 100
85 73 2450
84 73 100
84 73 2450
83 73 100
83 73 2450
82 73 100
82 73 2450
81 73 100
81 73 2450
80 73 100
80 73 2450
79 73 100
79 73 2450
78 73 100
78 73 2450
77 73 100
77 73 2450
76 73 100
76 73 2450
75 73 100
75 73 2450
74 73 100
73 73 100
72 73 100
71 73 100
70 73 100
69 73 100
68 73 100
67 73 100
66 73 100
65 73 100
64 73 100
63 73 100
62 73 100
61 73 100
60 73 100
59 73 100
58 73 100
57 73 100
56 73 100
55 73 100
55 73 2450
54 73 100
54 73 2450
53 73 100
53 73 2450
52 73 100
52 73 2450
51 73 100
51 73 2450
50 73 100
50 73 2450
49 73 100
49 73 2450
48 73 100
48 73 2450
47 73 100
47 73 2450
46 73 100
46 73 2450
45 73 100
45 73 2450
44 73 100
44 73 2450
43 73 100
43 73 2450
42 73 100
42 73 2450
41 73 100
41 73 2450
40 73 100
40 73 2450
39 73 100
39 73 2450
38 73 100
38 73 2450
37 73 100
37 73 2450
36 73 100
36 73 2450
36 73 1225
35 73 100
35 73 2450
35 73 1225
34 73 100
34 73 2450
34 73 1225
33 73 100
33 73 2450
33 73 1225
32 73 100
32 73 2450
32 73 1225
31 73 100
31 73 2450
31 73 1225
30 73 100
30 73 2450
30 73 1225
30 73 612
29 73 100
29 73 2450
29 73 1225
29 73 612
28 73 100
28 73 2450
28 73 1225
28 73 612
27 73 100
27 73 2450
27 73 1225
27 73 612
26 73 100
26 73 2450
26 73 1225
26 73 612
26 73 306
25 73 100
25 73 2450
25 73 1225
25 73 612
25 73 306
24 73 100
24 73 2450
24 73 1225
24 73 612
24 73 306
24 72 100
24 72 2450
24 72 1225
24 72 612
24 71 100
24 71 2450
24 71 1225
24 71 612
24 70 100
24 70 2450
24 70 1225
24 70 612
24 69 100
24 69 2450
24 69 1225
24 69 612
24 68 100
24 68 2450
24 68 1225
24 67 100
24 67 2450
24 67 1225
24 66 100
24 66 2450
24 66 1225
24 65 100
24 65 2450
24 65 1225
24 64 100
24 64 2450
24 63 100
24 63 2450
24 62 100
24 62 2450
24 61 100
24 61 2450
24 60 100
24 60 2450
24 59 100
24 59 2450
24 58 100
24 58 2450
24 57 100
24 57 2450
24 56 100
24 56 2450
24 55 100
24 55 2450
24 54 100
24 54 2450
24 53 100
24 53 2450
24 52 100
24 52 2450
24 51 100
24 51 2450
24 50 100
24 50 2450
24 49 100
24 49 2450
24 48 100
24 48 2450
24 47 100
24 47 2450
24 46 100
24 46 2450
24 45 100
24 45 2450
24 44 100
24 44 2450
24 43 100
24 42 100
24 41 100
24 40 100
24 39 100
24 38 100
24 37 100
24 36 100
24 35 100
24 34 100
24 33 100
24 32 100
24 31 100
24 30 100
24 29 100
24 28 100
24 27 100
24 26 100
24 25 100
24 24 100
24 23 100
24 22 100
24 21 100
176 32 100
175 32 100
174 32 100
173 32 100
172 32 100
171 32 100
170 32 100
169 32 100
168 32 100
167 32 100
166 32 100
165 32 100
165 32 2450
164 32 100
164 32 2450
163 32 100
163 32 2450
162 32 100
162 32 2450
161 32 100
161 32 2450
160 32 100
160 32 2450
159 32 100
159 32 2450
158 32 100
158 32 2450
157 32 100
157 32 2450
156 32 100
156 32 2450
155 32 100
155 32 2450
154 32 100
154 32 2450
153 32 100
153 32 2450
152 32 100
152 32 2450
151 32 100
151 32 2450
150 32 100
150 32 2450
149 32 100
148 32 100
147 32 100
146 32 100
145 32 100
144 32 100
143 32 100
142 32 100
141 32 100
140 32 100
139 32 100
138 32 100
137 32 100
136 32 100
135 32 100
134 32 100
133 32 100
132 32 100
131 32 100
130 32 100
129 32 100
129 32 2450
128 32 100
128 32 2450
127 32 100
127 32 2450
126 32 100
126 32 2450
125 32 100
125 32 2450
124 32 100
124 32 2450
123 32 100
123 32 2450
122 32 100
122 32 2450
121 32 100
121 32 2450
120 32 100
120 32 2450
119 32 100
119 32 2450
118 32 100
118 32 2450
117 32 100
117 32 2450
116 32 100
116 32 2450
115 32 100
115 32 2450
114 32 100
114 32 2450
113 32 100
113 32 2450
112 32 100
112 32 2450
111 32 100
110 32 100
109 32 100
108 32 100
107 32 100
106 32 100
105 32 100
104 32 100
103 32 100
102 32 100
101 32 100
100 32 100
99 32 100
98 32 100
97 32 100
96 32 100
95 32 100
94 32 100
93 32 100
92 32 100
91 32 100
90 32 100
89 32 100
88 32 100
87 32 100
86 32 100
85 32 100
84 32 100
83 32 100
83 32 2450
82 32 100
82 32 2450
81 32 100
81 32 2450
80 32 100
80 32 2450
79 32 100
79 32 2450
78 32 100
78 32 2450
77 32 100
77 32 2450
76 32 100
76 32 2450
75 32 100
75 32 2450
74 32 100
74 32 2450
73 32 100
73 32 2450
72 32 100
72 32 2450
71 32 100
71 32 2450
70 32 100
70 32 2450
69 32 100
69 32 2450
68 32 100
68 32 2450
67 32 100
67 32 2450
66 32 100
66 32 2450
65 32 100
65 32 2450
65 32 1225
64 32 100
64 32 2450
64 32 1225
63 32 100
63 32 2450
63 32 1225
62 32 100
62 32 2450
62 32 1225
61 32 100
61 32 2450
61 32 1225
60 32 100
60 32 2450
60 32 1225
59 32 100
59 32 2450
59 32 1225
58 32 100
58 32 2450
58 32 1225
57 32 100
57 32 2450
57 32 1225
56 32 100
56 32 2450
56 32 1225
55 32 100
55 32 2450
55 32 1225
54 32 100
54 32 2450
54 32 1225
53 32 100
53 32 2450
52 32 100
52 32 2450
51 32 100
51 32 2450
50 32 100
50 32 2450
49 32 100
49 32 2450
48 32 100
48 32 2450
47 32 100
47 32 2450
46 32 100
46 32 2450
45 32 100
45 32 2450
44 32 100
44 32 2450
43 32 100
43 32 2450
42 32 100
42 32 2450
41 32 100
41 32 2450
40 32 100
40 32 2450
39 32 100
39 32 2450
38 32 100
38 32 2450
37 32 100
37 32 2450
36 32 100
36 32 2450
35 32 100
35 32 2450
34 32 100
33 32 100
32 32 100
31 32 100
30 32 100
29 32 100
28 32 100
27 32 100
26 32 100
25 32 100
71 88 100
70 88 100
69 88 100
68 88 100
67 88 100
66 88 100
65 88 100
64 88 100
63 88 100
62 88 100
61 88 100
60 88 100
60 88 2450
59 88 100
59 88 2450
58 88 100
58 88 2450
57 88 100
57 88 2450
56 88 100
56 88 2450
55 88 100
55 88 2450
54 88 100
54 88 2450
53 88 100
53 88 2450
52 88 100
52 88 2450
51 88 100
51 88 2450
50 88 100
50 88 2450
49 88 100
49 88 2450
48 88 100
48 88 2450
48 88 1225
47 88 100
47 88 2450
47 88 1225
46 88 100
46 88 2450
46 88 1225
45 88 100
45 88 2450
45 88 1225
44 88 100
44 88 2450
44 88 1225
43 88 100
43 88 2450
43 88 1225
42 88 100
42 88 2450
42 88 1225
41 88 100
41 88 2450
41 88 1225
40 88 100
40 88 2450
40 88 1225
39 88 100
39 88 2450
39 88 1225
38 88 100
38 88 2450
38 88 1225
37 88 100
37 88 2450
37 88 1225
37 88 612
36 88 100
36 88 2450
36 88 1225
36 88 612
35 88 100
35 88 2450
35 88 1225
35 88 612
34 88 100
34 88 2450
34 88 1225
34 88 612
33 88 100
33 88 2450
33 88 1225
33 88 612
33 88 306
32 88 100
32 88 2450
32 88 1225
32 88 612
32 88 306
31 88 100
31 88 2450
31 88 1225
31 88 612
31 88 306
30 88 100
30 88 2450
30 88 1225
30 88 612
30 88 306
30 88 153
29 88 100
29 88 2450
29 88 1225
29 88 612
29 88 306
29 88 153
28 88 100
28 88 2450
28 88 1225
28 88 612
28 88 306
28 88 153
27 88 100
27 88 2450
27 88 1225
27 88 612
27 88 306
27 88 153
26 88 100
26 88 2450
26 88 1225
26 88 612
26 88 306
26 88 153
25 88 100
25 88 2450
25 88 1225
25 88 612
25 88 306
25 88 153
24 88 100
24 88 2450
24 88 1225
24 88 612
24 88 306
24 88 153
24 87 100
24 87 2450
24 87 1225
24 87 612
24 87 306
24 87 153
24 87 77
24 86 100
24 86 2450
24 86 1225
24 86 612
24 86 306
24 86 153
24 86 77
24 86 38
24 85 100
24 85 2450
24 85 1225
24 85 612
24 85 306
24 85 153
24 85 77
24 85 38
24 85 19
24 85 10
24 84 100
24 84 2450
24 84 1225
24 84 612
24 84 306
24 84 153
24 84 77
24 84 38
24 84 19
24 84 10
24 84 5
24 84 2
24 84 1
24 84 1
24 84 100
24 83 100
24 83 2450
24 83 1225
24 83 612
24 83 306
24 83 153
24 83 77
24 83 38
24 83 19
24 83 10
24 82 100
24 82 2450
24 82 1225
24 82 612
24 82 306
24 82 153
24 82 77
24 82 38
24 81 100
24 81 2450
24 81 1225
24 81 612
24 81 306
24 81 153
24 81 77
24 80 100
24 80 2450
24 80 1225
24 80 612
24 80 306
24 80 153
24 79 100
24 79 2450
24 79 1225
24 79 612
24 79 306
24 79 153
24 78 100
24 78 2450
24 78 1225
24 78 612
24 78 306
24 78 153
24 77 100
24 77 2450
24 77 1225
24 77 612
24 77 306
24 77 153
24 76 100
24 76 2450
24 76 1225
24 76 612
24 76 306
24 76 153
24 75 100
24 75 2450
24 75 1225
24 75 612
24 75 306
24 74 100
24 74 2450
24 74 1225
24 74 612
24 74 306
32 181 100
31 181 100
30 181 100
29 181 100
28 181 100
27 181 100
26 181 100
25 181 100
24 181 100
24 180 100
24 179 100
24 178 100
24 177 100
24 176 100
24 175 100
24 174 100
24 173 100
24 172 100
24 171 100
24 170 100
24 169 100
24 168 100
24 167 100
24 166 100
24 165 100
24 164 100
24 163 100
24 162 100
24 161 100
24 160 100
24 159 100
24 158 100
24 157 100
24 156 100
24 155 100
24 154 100
24 153 100
24 152 100
24 151 100
24 150 100
24 149 100
24 148 100
24 147 100
24 146 100
24 145 100
24 144 100
24 143 100
24 142 100
24 141 100
24 140 100
24 139 100
24 138 100
24 137 100
24 136 100
24 135 100
24 134 100
24 133 100
24 132 100
24 131 100
24 130 100
24 129 100
24 128 100
24 127 100
24 126 100
24 125 100
24 124 100
24 123 100
24 122 100
24 121 100
24 120 100
24 120 2450
24 119 100
24 119 2450
24 118 100
24 118 2450
24 117 100
24 117 2450
24 116 100
24 116 2450
24 115 100
24 115 2450
24 114 100
24 114 2450
24 113 100
24 113 2450
24 112 100
24 112 2450
24 111 100
24 111 2450
24 110 100
24 110 2450
24 109 100
24 109 2450
24 108 100
24 108 2450
24 107 100
24 107 2450
24 106 100
24 106 2450
24 105 100
24 105 2450
24 104 100
24 104 2450
24 103 100
24 103 2450
24 102 100
24 102 2450
24 101 100
24 101 2450
24 100 100
24 100 2450
24 99 100
24 99 2450
24 99 1225
24 98 100
24 98 2450
24 98 1225
24 97 100
24 97 2450
24 97 1225
24 96 100
24 96 2450
24 96 1225
24 95 100
24 95 2450
24 95 1225
24 94 100
24 94 2450
24 94 1225
24 94 612
24 93 100
24 93 2450
24 93 1225
24 93 612
24 92 100
24 92 2450
24 92 1225
24 92 612
24 91 100
24 91 2450
24 91 1225
24 91 612
24 91 306
24 90 100
24 90 2450
24 90 1225
24 90 612
24 90 306
24 89 100
24 89 2450
24 89 1225
24 89 612
24 89 306
24 89 153
16 133 100
17 133 100
18 133 100
19 133 100
20 133 100
21 133 100
22 133 100
23 133 100
184 178 100
183 178 100
182 178 100
181 178 100
180 178 100
179 178 100
178 178 100
177 178 100
176 178 100
175 178 100
174 178 100
173 178 100
172 178 100
171 178 100
170 178 100
169 178 100
168 178 100
167 178 100
166 178 100
165 178 100
164 178 100
163 178 100
162 178 100
161 178 100
160 178 100
159 178 100
158 178 100
157 178 100
156 178 100
155 178 100
155 178 2450
154 178 100
154 178 2450
153 178 100
153 178 2450
152 178 100
152 178 2450
151 178 100
151 178 2450
150 178 100
150 178 2450
149 178 100
149 178 2450
148 178 100
148 178 2450
147 178 100
147 178 2450
146 178 100
146 178 2450
145 178 100
145 178 2450
144 178 100
144 178 2450
143 178 100
143 178 2450
142 178 100
142 178 2450
141 178 100
141 178 2450
140 178 100
140 178 2450
139 178 100
139 178 2450
138 178 100
138 178 2450
137 178 100
137 178 2450
136 178 100
136 178 2450
135 178 100
135 178 2450
134 178 100
134 178 2450
133 178 100
133 178 2450
132 178 100
132 178 2450
131 178 100
131 178 2450
130 178 100
130 178 2450
129 178 100
129 178 2450
128 178 100
128 178 2450
127 178 100
127 178 2450
126 178 100
126 178 2450
125 178 100
125 178 2450
124 178 100
124 178 2450
123 178 100
123 178 2450
122 178 100
122 178 2450
121 178 100
121 178 2450
120 178 100
120 178 2450
119 178 100
119 178 2450
118 178 100
118 178 2450
117 178 100
117 178 2450
116 178 100
116 178 2450
115 178 100
115 178 2450
114 178 100
114 178 2450
113 178 100
113 178 2450
112 178 100
112 178 2450
111 178 100
111 178 2450
110 178 100
110 178 2450
109 178 100
109 178 2450
108 178 100
108 178 2450
107 178 100
107 178 2450
106 178 100
106 178 2450
105 178 100
105 178 2450
104 178 100
104 178 2450
103 178 100
103 178 2450
102 178 100
102 178 2450
101 178 100
101 178 2450
100 178 100
100 178 2450
99 178 100
99 178 2450
98 178 100
98 178 2450
97 178 100
97 178 2450
96 178 100
96 178 2450
95 178 100
95 178 2450
94 178 100
94 178 2450
93 178 100
93 178 2450
93 178 1225
92 178 100
92 178 2450
92 178 1225
91 178 100
91 178 2450
91 178 1225
90 178 100
90 178 2450
90 178 1225
89 178 100
89 178 2450
89 178 1225
89 178 612
88 178 100
88 178 2450
88 178 1225
88 178 612
87 178 100
87 178 2450
87 178 1225
87 178 612
86 178 100
86 178 2450
86 178 1225
86 178 612
85 178 100
85 178 2450
85 178 1225
85 178 612
84 178 100
84 178 2450
84 178 1225
84 178 612
83 178 100
83 178 2450
83 178 1225
83 178 612
82 178 100
82 178 2450
82 178 1225
82 178 612
81 178 100
81 178 2450
81 178 1225
81 178 612
80 178 100
80 178 2450
80 178 1225
80 178 612
79 178 100
79 178 2450
79 178 1225
79 178 612
78 178 100
78 178 2450
78 178 1225
78 178 612
77 178 100
77 178 2450
77 178 1225
77 178 612
76 178 100
76 178 2450
76 178 1225
76 178 612
75 178 100
75 178 2450
75 178 1225
75 178 612
74 178 100
74 178 2450
74 178 1225
74 178 612
73 178 100
73 178 2450
73 178 1225
73 178 612
72 178 100
72 178 2450
72 178 1225
72 178 612
71 178 100
71 178 2450
71 178 1225
71 178 612
70 178 100
70 178 2450
70 178 1225
70 178 612
69 178 100
69 178 2450
69 178 1225
69 178 612
68 178 100
68 178 2450
68 178 1225
67 178 100
67 178 2450
67 178 1225
66 178 100
66 178 2450
66 178 1225
65 178 100
65 178 2450
65 178 1225
64 178 100
64 178 2450
64 178 1225
63 178 100
63 178 2450
63 178 1225
62 178 100
62 178 2450
61 178 100
61 178 2450
60 178 100
60 178 2450
59 178 100
59 178 2450
58 178 100
58 178 2450
57 178 100
57 178 2450
56 178 100
56 178 2450
55 178 100
55 178 2450
54 178 100
54 178 2450
53 178 100
53 178 2450
52 178 100
52 178 2450
51 178 100
51 178 2450
50 178 100
50 178 2450
49 178 100
49 178 2450
48 178 100
48 178 2450
47 178 100
47 178 2450
46 178 100
46 178 2450
45 178 100
45 178 2450
44 178 100
44 178 2450
43 178 100
43 178 2450
42 178 100
42 178 2450
41 178 100
41 178 2450
40 178 100
40 178 2450
39 178 100
39 178 2450
38 178 100
38 178 2450
37 178 100
37 178 2450
36 178 100
35 178 100
34 178 100
33 178 100
32 178 100
31 178 100
30 178 100
29 178 100
28 178 100
27 178 100
26 178 100
25 178 100
