198 115 100
197 115 100
196 115 100
195 115 100
194 115 100
193 115 100
192 115 100
192 114 100
192 113 100
192 112 100
192 111 100
192 111 2450
192 110 100
192 110 2450
192 109 100
192 109 2450
192 108 100
192 108 2450
192 107 100
192 107 2450
192 106 100
192 106 2450
192 105 100
192 105 2450
192 104 100
192 104 2450
192 103 100
192 103 2450
192 102 100
192 102 2450
192 101 100
192 101 2450
192 100 100
192 100 2450
192 99 100
192 99 2450
192 98 100
192 98 2450
192 97 100
192 97 2450
192 96 100
192 96 2450
192 95 100
192 95 2450
192 94 100
192 93 100
192 92 100
192 91 100
192 90 100
192 89 100
192 88 100
192 87 100
192 86 100
192 85 100
192 84 100
192 83 100
192 82 100
192 81 100
192 80 100
192 79 100
192 78 100
192 77 100
192 76 100
192 75 100
192 74 100
192 73 100
192 72 100
192 71 100
192 71 2450
192 70 100
192 70 2450
192 69 100
192 69 2450
192 68 100
192 68 2450
192 67 100
192 67 2450
192 66 100
192 66 2450
192 65 100
192 65 2450
192 64 100
192 64 2450
192 63 100
192 63 2450
192 62 100
192 62 2450
192 61 100
192 61 2450
192 60 100
192 60 2450
192 59 100
192 59 2450
192 58 100
192 58 2450
192 57 100
192 57 2450
192 56 100
192 56 2450
192 55 100
192 55 2450
192 54 100
192 54 2450
192 53 100
192 53 2450
192 52 100
192 52 2450
192 51 100
192 51 2450
192 50 100
192 50 2450
192 49 100
192 49 2450
192 48 100
192 48 2450
192 47 100
192 47 2450
192 46 100
192 46 2450
192 45 100
192 45 2450
192 44 100
192 44 2450
192 43 100
192 43 2450
192 42 100
192 42 2450
192 41 100
192 41 2450
192 40 100
192 40 2450
192 39 100
192 39 2450
192 38 100
192 38 2450
192 37 100
192 37 2450
192 36 100
192 36 2450
192 35 100
192 35 2450
192 34 100
192 34 2450
192 33 100
192 33 2450
192 32 100
192 32 2450
192 31 100
192 31 2450
192 30 100
192 30 2450
192 29 100
192 29 2450
192 28 100
192 28 2450
192 27 100
192 27 2450
192 26 100
192 26 2450
192 25 100
192 25 2450
192 24 100
192 24 2450
192 23 100
192 23 2450
192 22 100
192 22 2450
192 21 100
192 21 2450
192 20 100
192 20 2450
192 19 100
192 19 2450
192 18 100
192 18 2450
192 17 100
192 17 2450
192 16 100
192 16 2450
192 15 100
192 15 2450
192 14 100
192 14 2450
192 13 100
192 13 2450
192 12 100
192 12 2450
192 11 100
192 11 2450
192 10 100
192 10 2450
192 9 100
192 9 2450
192 8 100
192 8 2450
192 7 100
192 7 2450
192 6 100
192 6 2450
192 5 100
192 5 2450
192 4 100
192 4 2450
192 3 100
192 2 100
