82 41 100
83 41 100
84 41 100
85 41 100
86 41 100
87 41 100
88 41 100
89 41 100
90 41 100
91 41 100
92 41 100
93 41 100
94 41 100
95 41 100
96 41 100
97 41 100
98 41 100
99 41 100
100 41 100
101 41 100
102 41 100
103 41 100
103 41 2450
104 41 100
104 41 2450
105 41 100
105 41 2450
106 41 100
106 41 2450
107 41 100
107 41 2450
108 41 100
108 41 2450
109 41 100
109 41 2450
110 41 100
110 41 2450
111 41 100
111 41 2450
112 41 100
112 41 2450
113 41 100
113 41 2450
114 41 100
114 41 2450
115 41 100
115 41 2450
116 41 100
116 41 2450
116 41 1225
117 41 100
117 41 2450
117 41 1225
118 41 100
118 41 2450
118 41 1225
119 41 100
119 41 2450
119 41 1225
119 41 612
120 41 100
120 41 2450
120 41 1225
120 41 612
121 41 100
121 41 2450
121 41 1225
121 41 612
122 41 100
122 41 2450
122 41 1225
122 41 612
122 41 306
123 41 100
123 41 2450
123 41 1225
123 41 612
124 41 100
124 41 2450
124 41 1225
124 41 612
125 41 100
125 41 2450
125 41 1225
125 41 612
126 41 100
126 41 2450
126 41 1225
126 41 612
127 41 100
127 41 2450
127 41 1225
127 41 612
128 41 100
128 41 2450
128 41 1225
129 41 100
129 41 2450
129 41 1225
130 41 100
130 41 2450
130 41 1225
131 41 100
131 41 2450
131 41 1225
132 41 100
132 41 2450
132 41 1225
133 41 100
133 41 2450
134 41 100
134 41 2450
135 41 100
135 41 2450
136 41 100
136 41 2450
137 41 100
137 41 2450
138 41 100
138 41 2450
139 41 100
139 41 2450
140 41 100
140 41 2450
141 41 100
141 41 2450
142 41 100
142 41 2450
143 41 100
143 41 2450
144 41 100
144 41 2450
145 41 100
145 41 2450
146 41 100
146 41 2450
147 41 100
147 41 2450
148 41 100
148 41 2450
149 41 100
149 41 2450
150 41 100
150 41 2450
151 41 100
151 41 2450
152 41 100
153 41 100
154 41 100
155 41 100
156 41 100
157 41 100
157 41 2450
158 41 100
158 41 2450
159 41 100
159 41 2450
160 41 100
160 41 2450
161 41 100
161 41 2450
162 41 100
162 41 2450
163 41 100
163 41 2450
164 41 100
164 41 2450
165 41 100
165 41 2450
166 41 100
166 41 2450
167 41 100
167 41 2450
168 41 100
168 41 2450
169 41 100
169 41 2450
170 41 100
170 41 2450
171 41 100
171 41 2450
172 41 100
172 41 2450
172 40 100
172 40 2450
172 39 100
172 39 2450
172 38 100
172 38 2450
172 38 1225
172 37 100
172 37 2450
172 37 1225
172 36 100
172 36 2450
172 36 1225
172 35 100
172 35 2450
172 35 1225
172 34 100
172 34 2450
172 34 1225
172 33 100
172 33 2450
172 33 1225
172 32 100
172 32 2450
172 32 1225
172 31 100
172 31 2450
172 31 1225
172 30 100
172 30 2450
172 30 1225
172 29 100
172 29 2450
172 29 1225
172 28 100
172 28 2450
172 27 100
172 27 2450
172 26 100
172 26 2450
172 25 100
172 25 2450
172 24 100
172 24 2450
172 23 100
172 23 2450
172 22 100
172 22 2450
172 21 100
172 21 2450
172 20 100
172 20 2450
172 19 100
172 19 2450
172 18 100
172 18 2450
172 17 100
172 17 2450
172 16 100
172 16 2450
172 15 100
172 15 2450
172 14 100
172 14 2450
172 13 100
172 13 2450
172 12 100
172 11 100
172 10 100
172 9 100
172 8 100
172 7 100
172 6 100
172 5 100
172 4 100
172 3 100
172 2 100
159 66 100
160 66 100
161 66 100
162 66 100
163 66 100
164 66 100
165 66 100
166 66 100
167 66 100
168 66 100
169 66 100
170 66 100
171 66 100
172 66 100
172 65 100
172 64 100
172 63 100
172 62 100
172 61 100
172 60 100
172 59 100
172 58 100
172 57 100
172 56 100
172 55 100
172 54 100
172 53 100
172 52 100
172 51 100
172 50 100
172 49 100
172 48 100
172 47 100
172 47 2450
172 46 100
172 46 2450
172 45 100
172 45 2450
172 44 100
172 44 2450
172 43 100
172 43 2450
172 42 100
172 42 2450
87 135 100
88 135 100
89 135 100
90 135 100
91 135 100
92 135 100
93 135 100
94 135 100
95 135 100
96 135 100
97 135 100
98 135 100
99 135 100
100 135 100
101 135 100
102 135 100
103 135 100
104 135 100
105 135 100
106 135 100
107 135 100
107 135 2450
108 135 100
108 135 2450
109 135 100
109 135 2450
110 135 100
110 135 2450
111 135 100
111 135 2450
112 135 100
113 135 100
114 135 100
115 135 100
116 135 100
117 135 100
118 135 100
119 135 100
120 135 100
121 135 100
122 135 100
123 135 100
124 135 100
125 135 100
126 135 100
127 135 100
128 135 100
129 135 100
130 135 100
131 135 100
132 135 100
133 135 100
134 135 100
135 135 100
135 135 2450
136 135 100
136 135 2450
137 135 100
137 135 2450
138 135 100
138 135 2450
139 135 100
139 135 2450
140 135 100
140 135 2450
141 135 100
141 135 2450
142 135 100
142 135 2450
143 135 100
143 135 2450
144 135 100
144 135 2450
145 135 100
145 135 2450
146 135 100
146 135 2450
146 135 1225
147 135 100
147 135 2450
147 135 1225
148 135 100
148 135 2450
148 135 1225
149 135 100
149 135 2450
149 135 1225
150 135 100
150 135 2450
150 135 1225
151 135 100
151 135 2450
151 135 1225
152 135 100
152 135 2450
153 135 100
153 135 2450
154 135 100
154 135 2450
155 135 100
155 135 2450
156 135 100
156 135 2450
157 135 100
157 135 2450
157 135 1225
158 135 100
158 135 2450
158 135 1225
159 135 100
159 135 2450
159 135 1225
160 135 100
160 135 2450
160 135 1225
161 135 100
161 135 2450
162 135 100
162 135 2450
163 135 100
163 135 2450
164 135 100
164 135 2450
165 135 100
165 135 2450
166 135 100
166 135 2450
167 135 100
167 135 2450
168 135 100
168 135 2450
169 135 100
169 135 2450
170 135 100
170 135 2450
171 135 100
172 135 100
172 134 100
172 134 2450
172 133 100
172 133 2450
172 132 100
172 132 2450
172 131 100
172 131 2450
172 130 100
172 130 2450
172 129 100
172 129 2450
172 128 100
172 128 2450
172 127 100
172 127 2450
172 126 100
172 126 2450
172 125 100
172 125 2450
172 124 100
172 124 2450
172 123 100
172 123 2450
172 122 100
172 122 2450
172 121 100
172 121 2450
172 120 100
172 120 2450
172 119 100
172 119 2450
172 118 100
172 118 2450
172 117 100
172 117 2450
172 116 100
172 116 2450
172 115 100
172 115 2450
172 114 100
172 114 2450
172 113 100
172 113 2450
172 112 100
172 112 2450
172 111 100
172 111 2450
172 110 100
172 110 2450
172 109 100
172 109 2450
172 108 100
172 108 2450
172 107 100
172 107 2450
172 106 100
172 106 2450
172 105 100
172 105 2450
172 104 100
172 104 2450
172 103 100
172 103 2450
172 102 100
172 102 2450
172 101 100
172 101 2450
172 100 100
172 100 2450
172 99 100
172 99 2450
172 98 100
172 98 2450
172 97 100
172 97 2450
172 96 100
172 96 2450
172 95 100
172 95 2450
172 94 100
172 94 2450
172 93 100
172 93 2450
172 92 100
172 92 2450
172 91 100
172 91 2450
172 90 100
172 90 2450
172 89 100
172 89 2450
172 88 100
172 88 2450
172 87 100
172 87 2450
172 86 100
172 86 2450
172 85 100
172 85 2450
172 84 100
172 84 2450
172 83 100
172 83 2450
172 82 100
172 82 2450
172 81 100
172 81 2450
172 80 100
172 80 2450
172 79 100
172 79 2450
172 78 100
172 78 2450
172 77 100
172 77 2450
172 76 100
172 76 2450
172 75 100
172 75 2450
172 74 100
172 74 2450
172 73 100
172 72 100
172 71 100
172 70 100
172 69 100
172 68 100
172 67 100
104 199 100
105 199 100
106 199 100
107 199 100
108 199 100
109 199 100
110 199 100
111 199 100
112 199 100
113 199 100
114 199 100
115 199 100
116 199 100
117 199 100
118 199 100
119 199 100
120 199 100
121 199 100
122 199 100
123 199 100
124 199 100
125 199 100
126 199 100
127 199 100
128 199 100
129 199 100
130 199 100
131 199 100
132 199 100
133 199 100
134 199 100
135 199 100
136 199 100
137 199 100
138 199 100
139 199 100
140 199 100
141 199 100
142 199 100
143 199 100
144 199 100
145 199 100
146 199 100
147 199 100
148 199 100
149 199 100
150 199 100
151 199 100
151 199 2450
152 199 100
152 199 2450
153 199 100
153 199 2450
154 199 100
154 199 2450
155 199 100
155 199 2450
156 199 100
156 199 2450
157 199 100
157 199 2450
158 199 100
158 199 2450
159 199 100
159 199 2450
160 199 100
160 199 2450
161 199 100
161 199 2450
162 199 100
162 199 2450
163 199 100
163 199 2450
164 199 100
164 199 2450
165 199 100
165 199 2450
166 199 100
166 199 2450
167 199 100
167 199 2450
168 199 100
168 199 2450
169 199 100
169 199 2450
170 199 100
171 199 100
172 199 100
172 198 100
172 197 100
172 197 2450
172 196 100
172 196 2450
172 195 100
172 195 2450
172 194 100
172 194 2450
172 193 100
172 193 2450
172 192 100
172 192 2450
172 191 100
172 191 2450
172 190 100
172 190 2450
172 189 100
172 189 2450
172 188 100
172 188 2450
172 187 100
172 187 2450
172 186 100
172 186 2450
172 185 100
172 185 2450
172 184 100
172 184 2450
172 184 1225
172 183 100
172 183 2450
172 183 1225
172 182 100
172 182 2450
172 182 1225
172 181 100
172 181 2450
172 181 1225
172 181 612
172 180 100
172 180 2450
172 180 1225
172 180 612
172 180 306
172 179 100
172 179 2450
172 179 1225
172 179 612
172 179 306
172 179 153
172 178 100
172 178 2450
172 178 1225
172 178 612
172 178 306
172 178 153
172 178 77
172 177 100
172 177 2450
172 177 1225
172 177 612
172 177 306
172 177 153
172 177 77
172 177 38
172 177 19
172 176 100
172 176 2450
172 176 1225
172 176 612
172 176 306
172 176 153
172 176 77
172 176 38
172 176 19
172 176 10
172 176 5
172 176 2
172 176 1
172 176 1
172 176 100
172 175 100
172 175 2450
172 175 1225
172 175 612
172 175 306
172 175 153
172 175 77
172 175 38
172 174 100
172 174 2450
172 174 1225
172 174 612
172 174 306
172 174 153
172 173 100
172 173 2450
172 173 1225
172 173 612
172 173 306
172 172 100
172 172 2450
172 172 1225
172 172 612
172 171 100
172 171 2450
172 171 1225
172 171 612
172 170 100
172 170 2450
172 170 1225
172 169 100
172 169 2450
172 169 1225
172 168 100
172 168 2450
172 168 1225
172 167 100
172 167 2450
172 166 100
172 166 2450
172 165 100
172 165 2450
172 164 100
172 164 2450
172 163 100
172 163 2450
172 162 100
172 162 2450
172 161 100
172 161 2450
172 160 100
172 160 2450
172 159 100
172 159 2450
172 158 100
172 158 2450
172 157 100
172 157 2450
172 156 100
172 156 2450
172 155 100
172 155 2450
172 154 100
172 154 2450
172 153 100
172 153 2450
172 152 100
172 152 2450
172 151 100
172 151 2450
172 150 100
172 150 2450
172 149 100
172 149 2450
172 148 100
172 148 2450
172 147 100
172 147 2450
172 146 100
172 145 100
172 144 100
172 143 100
172 142 100
172 141 100
172 140 100
172 139 100
172 138 100
172 137 100
172 136 100
19 35 100
20 35 100
21 35 100
22 35 100
23 35 100
24 35 100
25 35 100
26 35 100
27 35 100
28 35 100
29 35 100
30 35 100
31 35 100
31 35 2450
32 35 100
32 35 2450
33 35 100
33 35 2450
34 35 100
34 35 2450
35 35 100
35 35 2450
36 35 100
36 35 2450
37 35 100
37 35 2450
38 35 100
38 35 2450
39 35 100
39 35 2450
40 35 100
40 35 2450
41 35 100
41 35 2450
42 35 100
42 35 2450
43 35 100
43 35 2450
44 35 100
44 35 2450
45 35 100
45 35 2450
46 35 100
46 35 2450
47 35 100
47 35 2450
48 35 100
48 35 2450
49 35 100
49 35 2450
50 35 100
50 35 2450
51 35 100
51 35 2450
52 35 100
52 35 2450
53 35 100
53 35 2450
54 35 100
54 35 2450
55 35 100
55 35 2450
56 35 100
56 35 2450
57 35 100
57 35 2450
58 35 100
58 35 2450
59 35 100
59 35 2450
60 35 100
60 35 2450
61 35 100
61 35 2450
62 35 100
62 35 2450
63 35 100
63 35 2450
64 35 100
64 35 2450
65 35 100
65 35 2450
66 35 100
66 35 2450
67 35 100
67 35 2450
68 35 100
68 35 2450
69 35 100
69 35 2450
70 35 100
70 35 2450
71 35 100
71 35 2450
72 35 100
72 35 2450
73 35 100
73 35 2450
74 35 100
74 35 2450
75 35 100
75 35 2450
76 35 100
76 35 2450
77 35 100
77 35 2450
78 35 100
78 35 2450
79 35 100
79 35 2450
80 35 100
80 35 2450
81 35 100
82 35 100
83 35 100
84 35 100
85 35 100
86 35 100
87 35 100
88 35 100
89 35 100
90 35 100
91 35 100
92 35 100
93 35 100
94 35 100
95 35 100
96 35 100
97 35 100
98 35 100
99 35 100
100 35 100
101 35 100
102 35 100
103 35 100
104 35 100
104 35 2450
105 35 100
105 35 2450
106 35 100
106 35 2450
107 35 100
107 35 2450
108 35 100
108 35 2450
109 35 100
109 35 2450
110 35 100
110 35 2450
111 35 100
111 35 2450
112 35 100
112 35 2450
113 35 100
113 35 2450
114 35 100
114 35 2450
115 35 100
115 35 2450
116 35 100
116 35 2450
117 35 100
117 35 2450
117 35 1225
118 35 100
118 35 2450
118 35 1225
119 35 100
119 35 2450
119 35 1225
120 35 100
120 35 2450
120 35 1225
121 35 100
121 35 2450
121 35 1225
122 35 100
122 35 2450
122 35 1225
123 35 100
123 35 2450
123 35 1225
124 35 100
124 35 2450
124 35 1225
125 35 100
125 35 2450
125 35 1225
126 35 100
126 35 2450
127 35 100
127 35 2450
128 35 100
128 35 2450
129 35 100
129 35 2450
130 35 100
130 35 2450
131 35 100
131 35 2450
132 35 100
132 35 2450
133 35 100
133 35 2450
134 35 100
134 35 2450
135 35 100
135 35 2450
136 35 100
136 35 2450
137 35 100
138 35 100
139 35 100
140 35 100
141 35 100
142 35 100
143 35 100
144 35 100
145 35 100
146 35 100
147 35 100
148 35 100
149 35 100
150 35 100
151 35 100
152 35 100
153 35 100
154 35 100
155 35 100
156 35 100
156 35 2450
157 35 100
157 35 2450
158 35 100
158 35 2450
159 35 100
159 35 2450
160 35 100
160 35 2450
161 35 100
161 35 2450
162 35 100
162 35 2450
163 35 100
163 35 2450
164 35 100
164 35 2450
165 35 100
165 35 2450
166 35 100
166 35 2450
167 35 100
167 35 2450
168 35 100
168 35 2450
169 35 100
169 35 2450
169 35 1225
170 35 100
170 35 2450
170 35 1225
171 35 100
171 35 2450
171 35 1225
103 66 100
104 66 100
105 66 100
106 66 100
107 66 100
108 66 100
109 66 100
110 66 100
111 66 100
112 66 100
113 66 100
114 66 100
115 66 100
116 66 100
117 66 100
118 66 100
119 66 100
120 66 100
121 66 100
122 66 100
123 66 100
124 66 100
125 66 100
126 66 100
127 66 100
128 66 100
129 66 100
130 66 100
131 66 100
132 66 100
133 66 100
134 66 100
135 66 100
136 66 100
137 66 100
138 66 100
139 66 100
140 66 100
141 66 100
142 66 100
143 66 100
144 66 100
145 66 100
146 66 100
147 66 100
148 66 100
149 66 100
150 66 100
151 66 100
152 66 100
153 66 100
154 66 100
155 66 100
156 66 100
157 66 100
158 66 100
189 130 100
188 130 100
187 130 100
186 130 100
185 130 100
184 130 100
183 130 100
182 130 100
181 130 100
180 130 100
179 130 100
178 130 100
177 130 100
176 130 100
175 130 100
175 130 2450
174 130 100
174 130 2450
173 130 100
173 130 2450
