191 100 100
190 100 100
189 100 100
188 100 100
187 100 100
186 100 100
185 100 100
184 100 100
183 100 100
182 100 100
181 100 100
180 100 100
179 100 100
178 100 100
177 100 100
176 100 100
175 100 100
174 100 100
173 100 100
173 100 2450
172 100 100
172 100 2450
171 100 100
171 100 2450
170 100 100
170 100 2450
169 100 100
169 100 2450
168 100 100
168 100 2450
167 100 100
167 100 2450
166 100 100
166 100 2450
165 100 100
165 100 2450
164 100 100
164 100 2450
163 100 100
163 100 2450
162 100 100
162 100 2450
161 100 100
161 100 2450
160 100 100
160 100 2450
159 100 100
159 100 2450
158 100 100
158 100 2450
157 100 100
157 100 2450
156 100 100
156 100 2450
155 100 100
155 100 2450
154 100 100
154 100 2450
153 100 100
153 100 2450
152 100 100
152 100 2450
151 100 100
151 100 2450
150 100 100
150 100 2450
149 100 100
149 100 2450
148 100 100
148 100 2450
147 100 100
147 100 2450
146 100 100
146 100 2450
145 100 100
145 100 2450
144 100 100
144 100 2450
143 100 100
143 100 2450
142 100 100
142 100 2450
141 100 100
141 100 2450
140 100 100
140 100 2450
139 100 100
139 100 2450
138 100 100
138 100 2450
137 100 100
137 100 2450
136 100 100
136 100 2450
135 100 100
135 100 2450
134 100 100
134 100 2450
133 100 100
133 100 2450
132 100 100
132 100 2450
131 100 100
131 100 2450
130 100 100
130 100 2450
129 100 100
129 100 2450
128 100 100
128 100 2450
127 100 100
127 100 2450
126 100 100
126 100 2450
125 100 100
125 100 2450
124 100 100
124 100 2450
123 100 100
123 100 2450
122 100 100
122 100 2450
121 100 100
121 100 2450
120 100 100
120 100 2450
119 100 100
119 100 2450
118 100 100
118 100 2450
117 100 100
116 100 100
115 100 100
114 100 100
113 100 100
112 100 100
111 100 100
110 100 100
109 100 100
108 100 100
107 100 100
106 100 100
105 100 100
104 100 100
103 100 100
102 100 100
101 100 100
100 100 100
100 100 2450
99 100 100
99 100 2450
98 100 100
98 100 2450
97 100 100
97 100 2450
96 100 100
96 100 2450
95 100 100
95 100 2450
94 100 100
94 100 2450
93 100 100
93 100 2450
92 100 100
92 100 2450
91 100 100
91 100 2450
90 100 100
90 100 2450
89 100 100
89 100 2450
88 100 100
88 100 2450
87 100 100
87 100 2450
86 100 100
86 100 2450
85 100 100
85 100 2450
84 100 100
84 100 2450
83 100 100
83 100 2450
82 100 100
82 100 2450
81 100 100
81 100 2450
80 100 100
80 100 2450
79 100 100
79 100 2450
78 100 100
78 100 2450
77 100 100
77 100 2450
76 100 100
76 100 2450
75 100 100
75 100 2450
74 100 100
74 100 2450
73 100 100
73 100 2450
72 100 100
72 100 2450
71 100 100
71 100 2450
70 100 100
70 100 2450
69 100 100
69 100 2450
68 100 100
68 100 2450
67 100 100
67 100 2450
66 100 100
66 100 2450
65 100 100
65 100 2450
64 100 100
64 100 2450
63 100 100
63 100 2450
62 100 100
62 100 2450
61 100 100
61 100 2450
60 100 100
60 100 2450
59 100 100
59 100 2450
58 100 100
58 100 2450
57 100 100
57 100 2450
56 100 100
56 100 2450
55 100 100
55 100 2450
54 100 100
54 100 2450
53 100 100
53 100 2450
52 100 100
52 100 2450
51 100 100
51 100 2450
50 100 100
50 100 2450
49 100 100
49 100 2450
48 100 100
47 100 100
46 100 100
45 100 100
44 100 100
43 100 100
42 100 100
41 100 100
40 100 100
39 100 100
38 100 100
37 100 100
36 100 100
36 100 2450
35 100 100
35 100 2450
34 100 100
34 100 2450
33 100 100
33 100 2450
32 100 100
32 100 2450
31 100 100
31 100 2450
30 100 100
30 100 2450
29 100 100
29 100 2450
28 100 100
28 100 2450
27 100 100
27 100 2450
26 100 100
26 100 2450
25 100 100
25 100 2450
24 100 100
24 100 2450
23 100 100
23 100 2450
22 100 100
22 100 2450
21 100 100
21 100 2450
20 100 100
20 100 2450
19 100 100
19 100 2450
18 100 100
18 100 2450
17 100 100
17 100 2450
16 100 100
16 100 2450
15 100 100
15 100 2450
14 100 100
14 100 2450
13 100 100
13 100 2450
13 101 100
13 101 2450
13 102 100
13 102 2450
13 103 100
13 103 2450
13 104 100
13 104 2450
13 105 100
13 105 2450
13 106 100
13 106 2450
13 107 100
13 107 2450
13 108 100
13 109 100
13 110 100
13 111 100
13 112 100
13 113 100
13 114 100
13 115 100
13 116 100
13 117 100
13 118 100
13 119 100
13 120 100
13 121 100
13 122 100
13 123 100
13 124 100
13 125 100
13 126 100
13 127 100
13 128 100
13 129 100
13 130 100
13 131 100
13 132 100
196 42 100
195 42 100
194 42 100
193 42 100
192 42 100
191 42 100
190 42 100
189 42 100
188 42 100
187 42 100
186 42 100
185 42 100
184 42 100
183 42 100
182 42 100
181 42 100
180 42 100
179 42 100
178 42 100
178 42 2450
177 42 100
177 42 2450
176 42 100
176 42 2450
175 42 100
175 42 2450
174 42 100
174 42 2450
173 42 100
173 42 2450
172 42 100
172 42 2450
171 42 100
171 42 2450
170 42 100
170 42 2450
169 42 100
169 42 2450
168 42 100
168 42 2450
167 42 100
167 42 2450
166 42 100
166 42 2450
165 42 100
165 42 2450
164 42 100
164 42 2450
163 42 100
163 42 2450
162 42 100
162 42 2450
161 42 100
161 42 2450
160 42 100
159 42 100
158 42 100
157 42 100
156 42 100
155 42 100
154 42 100
153 42 100
152 42 100
151 42 100
150 42 100
149 42 100
148 42 100
147 42 100
146 42 100
145 42 100
144 42 100
143 42 100
142 42 100
141 42 100
140 42 100
139 42 100
138 42 100
137 42 100
136 42 100
135 42 100
134 42 100
134 42 2450
133 42 100
133 42 2450
132 42 100
132 42 2450
131 42 100
131 42 2450
130 42 100
130 42 2450
129 42 100
129 42 2450
128 42 100
128 42 2450
127 42 100
127 42 2450
126 42 100
126 42 2450
125 42 100
125 42 2450
124 42 100
124 42 2450
123 42 100
123 42 2450
122 42 100
122 42 2450
121 42 100
121 42 2450
120 42 100
120 42 2450
119 42 100
119 42 2450
118 42 100
118 42 2450
117 42 100
117 42 2450
116 42 100
116 42 2450
115 42 100
115 42 2450
114 42 100
114 42 2450
113 42 100
113 42 2450
112 42 100
112 42 2450
111 42 100
111 42 2450
110 42 100
110 42 2450
109 42 100
109 42 2450
108 42 100
108 42 2450
107 42 100
107 42 2450
106 42 100
106 42 2450
105 42 100
105 42 2450
104 42 100
104 42 2450
103 42 100
102 42 100
101 42 100
100 42 100
99 42 100
98 42 100
97 42 100
96 42 100
95 42 100
94 42 100
93 42 100
92 42 100
91 42 100
90 42 100
89 42 100
88 42 100
87 42 100
86 42 100
85 42 100
84 42 100
83 42 100
82 42 100
81 42 100
80 42 100
79 42 100
78 42 100
77 42 100
77 42 2450
76 42 100
76 42 2450
75 42 100
75 42 2450
74 42 100
74 42 2450
73 42 100
73 42 2450
72 42 100
72 42 2450
71 42 100
71 42 2450
70 42 100
70 42 2450
69 42 100
69 42 2450
68 42 100
68 42 2450
67 42 100
67 42 2450
66 42 100
66 42 2450
65 42 100
65 42 2450
64 42 100
64 42 2450
63 42 100
63 42 2450
62 42 100
62 42 2450
61 42 100
61 42 2450
60 42 100
60 42 2450
59 42 100
59 42 2450
58 42 100
58 42 2450
57 42 100
57 42 2450
56 42 100
56 42 2450
55 42 100
55 42 2450
54 42 100
54 42 2450
53 42 100
53 42 2450
52 42 100
52 42 2450
51 42 100
51 42 2450
50 42 100
49 42 100
48 42 100
47 42 100
46 42 100
45 42 100
44 42 100
43 42 100
42 42 100
41 42 100
40 42 100
39 42 100
38 42 100
37 42 100
36 42 100
36 42 2450
35 42 100
35 42 2450
34 42 100
34 42 2450
33 42 100
33 42 2450
32 42 100
32 42 2450
31 42 100
31 42 2450
30 42 100
30 42 2450
29 42 100
29 42 2450
28 42 100
28 42 2450
27 42 100
27 42 2450
26 42 100
26 42 2450
25 42 100
25 42 2450
24 42 100
24 42 2450
23 42 100
23 42 2450
22 42 100
22 42 2450
21 42 100
21 42 2450
20 42 100
20 42 2450
19 42 100
18 42 100
17 42 100
16 42 100
15 42 100
14 42 100
13 42 100
13 43 100
13 44 100
13 45 100
13 46 100
13 47 100
13 48 100
13 49 100
13 50 100
13 51 100
13 52 100
13 53 100
13 54 100
13 55 100
13 56 100
13 57 100
13 58 100
13 59 100
13 60 100
13 61 100
13 62 100
13 63 100
13 64 100
13 65 100
13 66 100
13 67 100
13 68 100
13 68 2450
13 69 100
13 69 2450
13 70 100
13 70 2450
13 71 100
13 71 2450
13 72 100
13 72 2450
13 73 100
13 73 2450
13 74 100
13 74 2450
13 75 100
13 75 2450
13 76 100
13 76 2450
13 77 100
13 77 2450
13 78 100
13 78 2450
13 79 100
13 79 2450
13 80 100
13 80 2450
13 81 100
13 81 2450
13 82 100
13 82 2450
13 83 100
13 83 2450
13 84 100
13 84 2450
13 85 100
13 85 2450
13 86 100
13 86 2450
13 87 100
13 87 2450
13 88 100
13 88 2450
13 89 100
13 89 2450
13 90 100
13 90 2450
13 91 100
13 91 2450
13 92 100
13 92 2450
13 93 100
13 93 2450
13 94 100
13 94 2450
13 95 100
13 95 2450
13 96 100
13 96 2450
13 97 100
13 97 2450
13 98 100
13 98 2450
13 99 100
13 99 2450
86 135 100
85 135 100
84 135 100
83 135 100
82 135 100
81 135 100
80 135 100
79 135 100
78 135 100
77 135 100
76 135 100
76 135 2450
75 135 100
75 135 2450
74 135 100
74 135 2450
73 135 100
73 135 2450
72 135 100
72 135 2450
71 135 100
71 135 2450
70 135 100
70 135 2450
69 135 100
69 135 2450
68 135 100
68 135 2450
67 135 100
67 135 2450
66 135 100
66 135 2450
65 135 100
65 135 2450
64 135 100
64 135 2450
63 135 100
63 135 2450
62 135 100
62 135 2450
61 135 100
61 135 2450
60 135 100
60 135 2450
59 135 100
59 135 2450
58 135 100
58 135 2450
57 135 100
57 135 2450
56 135 100
56 135 2450
55 135 100
55 135 2450
54 135 100
54 135 2450
53 135 100
53 135 2450
52 135 100
52 135 2450
51 135 100
51 135 2450
50 135 100
50 135 2450
49 135 100
48 135 100
47 135 100
46 135 100
45 135 100
44 135 100
43 135 100
42 135 100
41 135 100
40 135 100
39 135 100
38 135 100
37 135 100
36 135 100
35 135 100
34 135 100
33 135 100
32 135 100
31 135 100
31 135 2450
30 135 100
30 135 2450
29 135 100
29 135 2450
28 135 100
28 135 2450
27 135 100
27 135 2450
26 135 100
26 135 2450
25 135 100
25 135 2450
24 135 100
24 135 2450
23 135 100
23 135 2450
22 135 100
22 135 2450
21 135 100
21 135 2450
20 135 100
20 135 2450
19 135 100
19 135 2450
18 135 100
18 135 2450
17 135 100
17 135 2450
16 135 100
16 135 2450
15 135 100
15 135 2450
14 135 100
13 135 100
13 134 100
13 133 100
44 153 100
44 153 2450
43 153 100
43 153 2450
42 153 100
42 153 2450
41 153 100
41 153 2450
40 153 100
40 153 2450
39 153 100
39 153 2450
38 153 100
38 153 2450
37 153 100
37 153 2450
36 153 100
36 153 2450
35 153 100
35 153 2450
35 153 1225
34 153 100
34 153 2450
34 153 1225
33 153 100
33 153 2450
33 153 1225
32 153 100
32 153 2450
32 153 1225
31 153 100
31 153 2450
31 153 1225
30 153 100
30 153 2450
30 153 1225
29 153 100
29 153 2450
29 153 1225
28 153 100
28 153 2450
28 153 1225
27 153 100
27 153 2450
27 153 1225
26 153 100
26 153 2450
26 153 1225
26 153 612
25 153 100
25 153 2450
25 153 1225
24 153 100
24 153 2450
24 153 1225
23 153 100
23 153 2450
23 153 1225
22 153 100
22 153 2450
22 153 1225
21 153 100
21 153 2450
21 153 1225
20 153 100
20 153 2450
20 153 1225
19 153 100
19 153 2450
19 153 1225
18 153 100
18 153 2450
17 153 100
17 153 2450
16 153 100
16 153 2450
15 153 100
15 153 2450
14 153 100
14 153 2450
13 153 100
13 153 2450
13 152 100
13 152 2450
13 151 100
13 151 2450
13 150 100
13 150 2450
13 149 100
13 149 2450
13 148 100
13 148 2450
13 147 100
13 147 2450
13 146 100
13 146 2450
13 145 100
13 145 2450
13 144 100
13 144 2450
13 143 100
13 143 2450
13 142 100
13 142 2450
13 141 100
13 141 2450
13 140 100
13 140 2450
13 139 100
13 139 2450
13 138 100
13 138 2450
13 137 100
13 137 2450
13 136 100
54 197 100
53 197 100
52 197 100
51 197 100
50 197 100
49 197 100
48 197 100
47 197 100
46 197 100
45 197 100
44 197 100
43 197 100
42 197 100
41 197 100
41 197 2450
40 197 100
40 197 2450
39 197 100
39 197 2450
38 197 100
38 197 2450
37 197 100
37 197 2450
36 197 100
36 197 2450
35 197 100
35 197 2450
34 197 100
34 197 2450
33 197 100
33 197 2450
32 197 100
32 197 2450
31 197 100
31 197 2450
30 197 100
30 197 2450
29 197 100
29 197 2450
28 197 100
28 197 2450
27 197 100
27 197 2450
26 197 100
26 197 2450
25 197 100
25 197 2450
24 197 100
24 197 2450
23 197 100
23 197 2450
22 197 100
22 197 2450
21 197 100
21 197 2450
20 197 100
20 197 2450
19 197 100
19 197 2450
18 197 100
18 197 2450
17 197 100
17 197 2450
16 197 100
16 197 2450
15 197 100
14 197 100
13 197 100
13 196 100
13 195 100
13 194 100
13 193 100
13 192 100
13 191 100
13 190 100
13 189 100
13 188 100
13 187 100
13 186 100
13 185 100
13 184 100
13 183 100
13 182 100
13 181 100
13 180 100
13 179 100
13 178 100
13 177 100
13 176 100
13 175 100
13 174 100
13 173 100
13 172 100
13 171 100
13 170 100
13 169 100
13 168 100
13 167 100
13 166 100
13 165 100
13 165 2450
13 164 100
13 164 2450
13 163 100
13 163 2450
13 162 100
13 162 2450
13 161 100
13 161 2450
13 160 100
13 160 2450
13 159 100
13 159 2450
13 158 100
13 158 2450
13 157 100
13 157 2450
13 156 100
13 156 2450
13 155 100
13 155 2450
13 154 100
13 154 2450
48 62 100
47 62 100
46 62 100
45 62 100
44 62 100
43 62 100
42 62 100
41 62 100
40 62 100
39 62 100
38 62 100
37 62 100
36 62 100
35 62 100
34 62 100
33 62 100
32 62 100
31 62 100
30 62 100
29 62 100
28 62 100
27 62 100
26 62 100
25 62 100
24 62 100
23 62 100
22 62 100
21 62 100
20 62 100
19 62 100
18 62 100
17 62 100
16 62 100
15 62 100
14 62 100
72 31 100
71 31 100
70 31 100
69 31 100
68 31 100
67 31 100
66 31 100
65 31 100
64 31 100
64 31 2450
63 31 100
63 31 2450
62 31 100
62 31 2450
61 31 100
61 31 2450
60 31 100
60 31 2450
59 31 100
59 31 2450
58 31 100
58 31 2450
57 31 100
57 31 2450
56 31 100
56 31 2450
55 31 100
55 31 2450
54 31 100
54 31 2450
53 31 100
53 31 2450
52 31 100
52 31 2450
51 31 100
51 31 2450
50 31 100
50 31 2450
49 31 100
49 31 2450
48 31 100
48 31 2450
47 31 100
47 31 2450
46 31 100
46 31 2450
45 31 100
45 31 2450
44 31 100
44 31 2450
43 31 100
43 31 2450
42 31 100
42 31 2450
41 31 100
41 31 2450
40 31 100
40 31 2450
39 31 100
39 31 2450
38 31 100
38 31 2450
37 31 100
37 31 2450
36 31 100
36 31 2450
35 31 100
35 31 2450
34 31 100
34 31 2450
33 31 100
33 31 2450
32 31 100
32 31 2450
31 31 100
31 31 2450
30 31 100
30 31 2450
29 31 100
29 31 2450
28 31 100
28 31 2450
27 31 100
27 31 2450
26 31 100
26 31 2450
25 31 100
25 31 2450
24 31 100
24 31 2450
23 31 100
23 31 2450
22 31 100
22 31 2450
21 31 100
21 31 2450
20 31 100
20 31 2450
19 31 100
19 31 2450
18 31 100
18 31 2450
17 31 100
17 31 2450
16 31 100
16 31 2450
15 31 100
15 31 2450
14 31 100
14 31 2450
13 31 100
13 31 2450
13 32 100
13 32 2450
13 33 100
13 33 2450
13 34 100
13 34 2450
13 35 100
13 35 2450
13 36 100
13 36 2450
13 37 100
13 37 2450
13 38 100
13 39 100
13 40 100
13 41 100
