182 180 100
181 180 100
180 180 100
179 180 100
178 180 100
177 180 100
176 180 100
175 180 100
174 180 100
173 180 100
173 180 2450
173 179 100
173 178 100
173 177 100
173 176 100
173 175 100
173 174 100
173 173 100
173 172 100
173 171 100
173 170 100
173 169 100
173 168 100
173 167 100
173 166 100
173 165 100
173 164 100
173 163 100
173 162 100
173 161 100
173 160 100
173 159 100
173 158 100
173 157 100
173 156 100
173 155 100
173 154 100
173 153 100
173 152 100
173 151 100
173 150 100
173 150 2450
173 149 100
173 149 2450
173 148 100
173 148 2450
173 147 100
173 147 2450
173 146 100
173 146 2450
173 145 100
173 145 2450
173 144 100
173 144 2450
173 143 100
173 143 2450
173 142 100
173 142 2450
173 141 100
173 141 2450
173 140 100
173 140 2450
173 139 100
173 139 2450
173 138 100
173 138 2450
173 137 100
173 137 2450
173 136 100
173 136 2450
173 135 100
173 135 2450
173 134 100
173 134 2450
173 133 100
173 133 2450
173 132 100
173 132 2450
173 131 100
173 131 2450
173 130 100
173 130 2450
173 129 100
173 129 2450
173 128 100
173 128 2450
173 127 100
173 127 2450
173 126 100
173 126 2450
173 125 100
173 125 2450
173 124 100
173 124 2450
173 123 100
173 123 2450
173 122 100
173 122 2450
173 121 100
173 121 2450
173 120 100
173 120 2450
173 119 100
173 119 2450
173 118 100
173 118 2450
173 117 100
173 116 100
173 115 100
173 114 100
173 113 100
173 112 100
173 111 100
173 110 100
173 109 100
173 108 100
173 107 100
173 106 100
173 105 100
173 105 2450
173 104 100
173 104 2450
173 103 100
173 103 2450
173 102 100
173 102 2450
173 101 100
173 101 2450
173 100 100
173 100 2450
173 99 100
173 99 2450
173 98 100
173 98 2450
173 97 100
173 97 2450
173 96 100
173 96 2450
173 95 100
173 95 2450
173 94 100
173 94 2450
173 93 100
173 93 2450
173 92 100
173 92 2450
173 91 100
173 91 2450
173 90 100
173 90 2450
173 89 100
173 89 2450
173 88 100
173 88 2450
173 87 100
173 87 2450
173 86 100
173 86 2450
173 85 100
173 85 2450
173 84 100
173 84 2450
173 83 100
173 83 2450
173 82 100
173 82 2450
173 81 100
173 81 2450
173 80 100
173 80 2450
173 79 100
173 79 2450
173 78 100
173 78 2450
173 77 100
173 77 2450
173 76 100
173 76 2450
173 75 100
173 75 2450
173 74 100
173 74 2450
173 73 100
173 73 2450
173 72 100
173 72 2450
173 71 100
173 71 2450
173 70 100
173 70 2450
173 69 100
173 69 2450
173 68 100
173 68 2450
173 67 100
173 67 2450
173 66 100
173 66 2450
173 65 100
173 65 2450
173 64 100
173 64 2450
173 63 100
173 63 2450
173 62 100
173 62 2450
173 61 100
173 61 2450
173 60 100
173 60 2450
173 59 100
173 59 2450
173 58 100
173 58 2450
173 57 100
173 57 2450
173 56 100
173 56 2450
173 55 100
173 55 2450
173 54 100
173 54 2450
173 53 100
173 53 2450
173 52 100
173 52 2450
173 51 100
173 51 2450
173 50 100
173 50 2450
173 49 100
173 49 2450
173 49 1225
173 48 100
173 48 2450
173 48 1225
173 47 100
173 47 2450
173 47 1225
173 46 100
173 46 2450
173 46 1225
173 45 100
173 45 2450
173 45 1225
173 44 100
173 44 2450
173 44 1225
173 43 100
173 43 2450
173 43 1225
173 42 100
173 42 2450
173 42 1225
173 41 100
173 41 2450
173 41 1225
173 41 612
173 40 100
173 40 2450
173 40 1225
173 40 612
173 39 100
173 39 2450
173 39 1225
173 39 612
173 38 100
173 38 2450
173 38 1225
173 38 612
173 37 100
173 37 2450
173 37 1225
173 37 612
173 36 100
173 36 2450
173 36 1225
173 36 612
173 35 100
173 35 2450
173 35 1225
173 35 612
173 34 100
173 34 2450
173 34 1225
173 33 100
173 33 2450
173 33 1225
173 32 100
173 32 2450
173 32 1225
173 31 100
173 31 2450
173 31 1225
173 30 100
173 30 2450
173 29 100
173 29 2450
173 28 100
173 28 2450
173 27 100
173 27 2450
173 26 100
173 26 2450
173 25 100
173 25 2450
173 24 100
173 24 2450
173 23 100
173 23 2450
173 22 100
173 22 2450
173 21 100
173 21 2450
173 20 100
173 20 2450
173 19 100
173 19 2450
173 18 100
173 17 100
173 16 100
173 15 100
173 14 100
173 13 100
173 12 100
173 11 100
173 10 100
