199 106 100
199 106 2450
198 106 100
198 106 2450
197 106 100
197 106 2450
196 106 100
196 106 2450
195 106 100
195 106 2450
194 106 100
194 106 2450
193 106 100
193 106 2450
192 106 100
192 106 2450
192 106 1225
191 106 100
191 106 2450
191 106 1225
190 106 100
190 106 2450
190 106 1225
189 106 100
189 106 2450
189 106 1225
188 106 100
188 106 2450
188 106 1225
187 106 100
187 106 2450
187 106 1225
186 106 100
186 106 2450
186 106 1225
185 106 100
185 106 2450
185 106 1225
184 106 100
184 106 2450
184 106 1225
183 106 100
183 106 2450
182 106 100
182 106 2450
181 106 100
181 106 2450
180 106 100
180 106 2450
179 106 100
179 106 2450
178 106 100
178 106 2450
177 106 100
177 106 2450
176 106 100
176 106 2450
175 106 100
175 106 2450
174 106 100
174 106 2450
173 106 100
173 106 2450
172 106 100
172 106 2450
171 106 100
171 106 2450
170 106 100
170 106 2450
169 106 100
169 106 2450
168 106 100
168 106 2450
167 106 100
167 106 2450
166 106 100
166 106 2450
165 106 100
165 106 2450
164 106 100
164 106 2450
163 106 100
163 106 2450
162 106 100
162 106 2450
161 106 100
161 106 2450
160 106 100
160 106 2450
159 106 100
159 106 2450
158 106 100
158 106 2450
157 106 100
157 106 2450
156 106 100
156 106 2450
155 106 100
155 106 2450
154 106 100
154 106 2450
153 106 100
153 106 2450
152 106 100
152 106 2450
151 106 100
151 106 2450
150 106 100
149 106 100
148 106 100
147 106 100
146 106 100
145 106 100
144 106 100
143 106 100
142 106 100
141 106 100
140 106 100
139 106 100
138 106 100
137 106 100
136 106 100
135 106 100
134 106 100
133 106 100
132 106 100
132 106 2450
131 106 100
131 106 2450
130 106 100
130 106 2450
129 106 100
129 106 2450
128 106 100
128 106 2450
127 106 100
127 106 2450
126 106 100
126 106 2450
125 106 100
125 106 2450
124 106 100
124 106 2450
123 106 100
122 106 100
121 106 100
120 106 100
119 106 100
118 106 100
117 106 100
116 106 100
115 106 100
114 106 100
113 106 100
112 106 100
112 106 2450
111 106 100
111 106 2450
110 106 100
110 106 2450
109 106 100
109 106 2450
108 106 100
108 106 2450
107 106 100
107 106 2450
106 106 100
106 106 2450
105 106 100
105 106 2450
104 106 100
104 106 2450
104 107 100
104 107 2450
104 108 100
104 108 2450
104 109 100
104 109 2450
104 110 100
104 110 2450
104 111 100
104 111 2450
104 112 100
104 112 2450
104 113 100
104 113 2450
104 114 100
104 114 2450
104 115 100
104 115 2450
104 116 100
104 116 2450
104 117 100
104 117 2450
104 118 100
104 118 2450
104 119 100
104 120 100
104 121 100
104 122 100
104 123 100
104 124 100
104 125 100
104 126 100
160 150 100
159 150 100
158 150 100
157 150 100
156 150 100
155 150 100
154 150 100
153 150 100
152 150 100
151 150 100
150 150 100
150 150 2450
149 150 100
149 150 2450
148 150 100
148 150 2450
147 150 100
147 150 2450
146 150 100
146 150 2450
145 150 100
145 150 2450
144 150 100
144 150 2450
143 150 100
143 150 2450
142 150 100
142 150 2450
141 150 100
141 150 2450
140 150 100
140 150 2450
139 150 100
139 150 2450
138 150 100
138 150 2450
137 150 100
137 150 2450
136 150 100
136 150 2450
135 150 100
135 150 2450
134 150 100
134 150 2450
133 150 100
133 150 2450
132 150 100
132 150 2450
131 150 100
131 150 2450
130 150 100
130 150 2450
129 150 100
129 150 2450
128 150 100
128 150 2450
127 150 100
127 150 2450
126 150 100
126 150 2450
125 150 100
125 150 2450
124 150 100
124 150 2450
123 150 100
123 150 2450
123 150 1225
122 150 100
122 150 2450
122 150 1225
121 150 100
121 150 2450
121 150 1225
120 150 100
120 150 2450
120 150 1225
120 150 612
119 150 100
119 150 2450
119 150 1225
119 150 612
118 150 100
118 150 2450
118 150 1225
118 150 612
117 150 100
117 150 2450
117 150 1225
117 150 612
117 150 306
116 150 100
116 150 2450
116 150 1225
116 150 612
116 150 306
115 150 100
115 150 2450
115 150 1225
115 150 612
115 150 306
114 150 100
114 150 2450
114 150 1225
114 150 612
113 150 100
113 150 2450
113 150 1225
113 150 612
112 150 100
112 150 2450
112 150 1225
112 150 612
111 150 100
111 150 2450
111 150 1225
111 150 612
110 150 100
110 150 2450
110 150 1225
110 150 612
109 150 100
109 150 2450
109 150 1225
109 150 612
108 150 100
108 150 2450
108 150 1225
108 150 612
107 150 100
107 150 2450
107 150 1225
107 150 612
106 150 100
106 150 2450
106 150 1225
106 150 612
105 150 100
105 150 2450
105 150 1225
104 150 100
104 150 2450
104 150 1225
104 149 100
104 149 2450
104 149 1225
104 148 100
104 148 2450
104 147 100
104 147 2450
104 146 100
104 146 2450
104 145 100
104 145 2450
104 144 100
104 144 2450
104 143 100
104 143 2450
104 142 100
104 142 2450
104 141 100
104 141 2450
104 140 100
104 140 2450
104 139 100
104 139 2450
104 138 100
104 137 100
104 136 100
104 135 100
104 134 100
104 133 100
104 132 100
104 131 100
104 130 100
104 129 100
104 128 100
104 127 100
