181 30 100
180 30 100
179 30 100
178 30 100
177 30 100
176 30 100
175 30 100
174 30 100
173 30 100
172 30 100
171 30 100
170 30 100
169 30 100
169 30 2450
168 30 100
168 30 2450
167 30 100
167 30 2450
166 30 100
166 30 2450
165 30 100
165 30 2450
164 30 100
164 30 2450
163 30 100
163 30 2450
162 30 100
162 30 2450
162 30 1225
161 30 100
161 30 2450
161 30 1225
160 30 100
160 30 2450
160 30 1225
159 30 100
159 30 2450
159 30 1225
158 30 100
158 30 2450
158 30 1225
157 30 100
157 30 2450
157 30 1225
156 30 100
156 30 2450
156 30 1225
155 30 100
155 30 2450
155 30 1225
155 30 612
154 30 100
154 30 2450
154 30 1225
154 30 612
153 30 100
153 30 2450
153 30 1225
153 30 612
152 30 100
152 30 2450
152 30 1225
152 30 612
151 30 100
151 30 2450
151 30 1225
151 30 612
150 30 100
150 30 2450
150 30 1225
150 30 612
149 30 100
149 30 2450
149 30 1225
149 30 612
148 30 100
148 30 2450
148 30 1225
148 30 612
147 30 100
147 30 2450
147 30 1225
146 30 100
146 30 2450
146 30 1225
145 30 100
145 30 2450
144 30 100
144 30 2450
143 30 100
143 30 2450
142 30 100
142 30 2450
141 30 100
141 30 2450
140 30 100
140 30 2450
139 30 100
139 30 2450
138 30 100
137 30 100
136 30 100
135 30 100
134 30 100
133 30 100
132 30 100
131 30 100
130 30 100
129 30 100
128 30 100
127 30 100
126 30 100
125 30 100
124 30 100
123 30 100
122 30 100
121 30 100
120 30 100
119 30 100
118 30 100
117 30 100
117 30 2450
116 30 100
116 30 2450
115 30 100
115 30 2450
114 30 100
114 30 2450
113 30 100
113 30 2450
112 30 100
112 30 2450
111 30 100
111 30 2450
110 30 100
110 30 2450
109 30 100
109 30 2450
108 30 100
108 30 2450
108 30 1225
107 30 100
107 30 2450
107 30 1225
106 30 100
106 30 2450
106 30 1225
105 30 100
105 30 2450
105 30 1225
104 30 100
104 30 2450
104 30 1225
103 30 100
103 30 2450
103 30 1225
102 30 100
102 30 2450
102 30 1225
101 30 100
101 30 2450
101 30 1225
100 30 100
100 30 2450
100 30 1225
99 30 100
99 30 2450
98 30 100
98 30 2450
97 30 100
97 30 2450
96 30 100
96 30 2450
95 30 100
95 30 2450
94 30 100
94 30 2450
93 30 100
92 30 100
91 30 100
90 30 100
89 30 100
88 30 100
87 30 100
86 30 100
85 30 100
84 30 100
83 30 100
82 30 100
81 30 100
80 30 100
79 30 100
78 30 100
77 30 100
76 30 100
75 30 100
74 30 100
73 30 100
72 30 100
71 30 100
70 30 100
69 30 100
68 30 100
67 30 100
66 30 100
65 30 100
64 30 100
63 30 100
62 30 100
61 30 100
60 30 100
59 30 100
58 30 100
57 30 100
56 30 100
55 30 100
54 30 100
53 30 100
52 30 100
51 30 100
50 30 100
49 30 100
48 30 100
47 30 100
46 30 100
45 30 100
44 30 100
43 30 100
42 30 100
41 30 100
40 30 100
39 30 100
38 30 100
37 30 100
36 30 100
35 30 100
35 30 2450
34 30 100
34 30 2450
33 30 100
33 30 2450
32 30 100
32 30 2450
31 30 100
31 30 2450
30 30 100
30 30 2450
29 30 100
29 30 2450
28 30 100
28 30 2450
27 30 100
27 30 2450
26 30 100
26 30 2450
25 30 100
25 30 2450
24 30 100
24 30 2450
23 30 100
23 30 2450
22 30 100
22 30 2450
21 30 100
21 30 2450
20 30 100
20 30 2450
19 30 100
19 30 2450
18 30 100
18 30 2450
17 30 100
17 30 2450
16 30 100
16 30 2450
15 30 100
15 30 2450
14 30 100
14 30 2450
13 30 100
13 30 2450
12 30 100
12 30 2450
11 30 100
11 30 2450
10 30 100
10 30 2450
9 30 100
9 30 2450
8 30 100
8 30 2450
7 30 100
7 30 2450
7 31 100
7 31 2450
7 32 100
7 32 2450
7 33 100
7 33 2450
7 34 100
7 34 2450
7 35 100
7 35 2450
7 36 100
7 36 2450
7 37 100
7 37 2450
7 38 100
7 38 2450
7 39 100
7 39 2450
7 40 100
7 40 2450
7 41 100
7 41 2450
7 42 100
7 43 100
7 44 100
7 45 100
7 46 100
7 47 100
7 48 100
7 49 100
7 50 100
7 51 100
7 52 100
7 53 100
7 54 100
7 55 100
7 56 100
7 57 100
7 58 100
7 59 100
7 60 100
7 61 100
7 62 100
7 62 2450
7 63 100
7 63 2450
7 64 100
7 64 2450
7 65 100
7 65 2450
7 66 100
7 66 2450
7 67 100
7 67 2450
7 68 100
7 68 2450
7 69 100
7 69 2450
7 70 100
7 70 2450
7 71 100
7 71 2450
7 72 100
7 72 2450
7 73 100
7 73 2450
7 74 100
7 74 2450
7 75 100
7 75 2450
7 76 100
7 76 2450
7 77 100
7 77 2450
7 77 1225
7 78 100
7 78 2450
7 78 1225
7 79 100
7 79 2450
7 79 1225
7 80 100
7 80 2450
7 80 1225
7 81 100
7 81 2450
7 81 1225
7 82 100
7 82 2450
7 82 1225
7 83 100
7 83 2450
7 83 1225
7 84 100
7 84 2450
7 84 1225
7 85 100
7 85 2450
7 85 1225
7 86 100
7 86 2450
7 87 100
7 87 2450
7 88 100
7 88 2450
7 89 100
7 89 2450
7 90 100
7 90 2450
7 91 100
7 91 2450
7 92 100
7 92 2450
7 93 100
7 93 2450
7 94 100
7 95 100
7 96 100
7 97 100
7 98 100
7 99 100
7 100 100
7 101 100
7 101 2450
7 102 100
7 102 2450
7 103 100
7 103 2450
7 104 100
7 104 2450
7 105 100
7 105 2450
7 106 100
7 106 2450
7 107 100
7 107 2450
7 108 100
7 108 2450
7 109 100
7 109 2450
7 110 100
7 110 2450
7 111 100
7 111 2450
7 112 100
7 112 2450
7 113 100
7 113 2450
7 114 100
7 114 2450
7 115 100
7 115 2450
7 116 100
7 116 2450
7 117 100
7 117 2450
7 118 100
7 119 100
7 120 100
7 121 100
7 122 100
7 123 100
7 124 100
7 125 100
7 126 100
7 127 100
7 127 2450
7 128 100
7 128 2450
7 129 100
7 129 2450
7 130 100
7 130 2450
7 131 100
7 131 2450
7 132 100
7 132 2450
7 133 100
7 133 2450
7 134 100
7 134 2450
7 135 100
7 135 2450
7 136 100
7 136 2450
7 137 100
7 137 2450
7 138 100
7 138 2450
7 139 100
7 139 2450
7 140 100
7 140 2450
7 141 100
7 141 2450
7 142 100
7 142 2450
7 143 100
7 143 2450
7 144 100
7 144 2450
7 145 100
7 146 100
7 147 100
7 148 100
7 149 100
7 150 100
7 151 100
7 151 2450
7 152 100
7 152 2450
7 153 100
7 153 2450
7 154 100
7 154 2450
7 155 100
7 155 2450
7 156 100
7 156 2450
7 157 100
7 157 2450
7 158 100
7 158 2450
7 159 100
7 159 2450
7 160 100
7 160 2450
7 161 100
7 161 2450
7 162 100
7 162 2450
7 163 100
7 163 2450
7 164 100
7 164 2450
7 165 100
7 165 2450
7 166 100
7 166 2450
7 167 100
7 167 2450
7 168 100
7 168 2450
7 169 100
7 170 100
7 171 100
7 172 100
7 173 100
7 174 100
7 175 100
7 176 100
7 177 100
7 178 100
7 179 100
7 180 100
7 181 100
7 182 100
192 78 100
192 78 2450
191 78 100
191 78 2450
190 78 100
190 78 2450
189 78 100
189 78 2450
188 78 100
188 78 2450
187 78 100
187 78 2450
187 78 1225
186 78 100
186 78 2450
186 78 1225
185 78 100
185 78 2450
185 78 1225
184 78 100
184 78 2450
184 78 1225
184 78 612
183 78 100
183 78 2450
183 78 1225
183 78 612
182 78 100
182 78 2450
182 78 1225
182 78 612
181 78 100
181 78 2450
181 78 1225
181 78 612
181 78 306
180 78 100
180 78 2450
180 78 1225
180 78 612
180 78 306
179 78 100
179 78 2450
179 78 1225
179 78 612
179 78 306
178 78 100
178 78 2450
178 78 1225
178 78 612
178 78 306
177 78 100
177 78 2450
177 78 1225
177 78 612
177 78 306
176 78 100
176 78 2450
176 78 1225
176 78 612
176 78 306
175 78 100
175 78 2450
175 78 1225
175 78 612
175 78 306
175 78 153
174 78 100
174 78 2450
174 78 1225
174 78 612
174 78 306
174 78 153
174 78 77
173 78 100
173 78 2450
173 78 1225
173 78 612
173 78 306
173 78 153
173 78 77
173 78 38
172 78 100
172 78 2450
172 78 1225
172 78 612
172 78 306
172 78 153
172 78 77
172 78 38
172 78 19
172 78 10
171 78 100
171 78 2450
171 78 1225
171 78 612
171 78 306
171 78 153
171 78 77
171 78 38
171 78 19
171 78 10
170 78 100
170 78 2450
170 78 1225
170 78 612
170 78 306
170 78 153
170 78 77
170 78 38
169 78 100
169 78 2450
169 78 1225
169 78 612
169 78 306
169 78 153
169 78 77
168 78 100
168 78 2450
168 78 1225
168 78 612
168 78 306
168 78 153
167 78 100
167 78 2450
167 78 1225
167 78 612
167 78 306
166 78 100
166 78 2450
166 78 1225
166 78 612
166 78 306
165 78 100
165 78 2450
165 78 1225
165 78 612
165 78 306
164 78 100
164 78 2450
164 78 1225
164 78 612
164 78 306
163 78 100
163 78 2450
163 78 1225
163 78 612
162 78 100
162 78 2450
162 78 1225
162 78 612
161 78 100
161 78 2450
161 78 1225
161 78 612
160 78 100
160 78 2450
160 78 1225
160 78 612
159 78 100
159 78 2450
159 78 1225
158 78 100
158 78 2450
158 78 1225
157 78 100
157 78 2450
157 78 1225
156 78 100
156 78 2450
155 78 100
155 78 2450
154 78 100
154 78 2450
153 78 100
153 78 2450
152 78 100
152 78 2450
151 78 100
151 78 2450
150 78 100
150 78 2450
149 78 100
149 78 2450
148 78 100
148 78 2450
147 78 100
147 78 2450
146 78 100
146 78 2450
145 78 100
145 78 2450
144 78 100
144 78 2450
143 78 100
143 78 2450
142 78 100
142 78 2450
141 78 100
141 78 2450
140 78 100
140 78 2450
139 78 100
139 78 2450
138 78 100
138 78 2450
138 78 1225
137 78 100
137 78 2450
137 78 1225
136 78 100
136 78 2450
136 78 1225
135 78 100
135 78 2450
135 78 1225
134 78 100
134 78 2450
134 78 1225
133 78 100
133 78 2450
133 78 1225
132 78 100
132 78 2450
132 78 1225
131 78 100
131 78 2450
131 78 1225
130 78 100
130 78 2450
130 78 1225
129 78 100
129 78 2450
129 78 1225
128 78 100
128 78 2450
127 78 100
127 78 2450
126 78 100
126 78 2450
125 78 100
125 78 2450
124 78 100
124 78 2450
123 78 100
123 78 2450
122 78 100
122 78 2450
121 78 100
121 78 2450
120 78 100
120 78 2450
119 78 100
119 78 2450
118 78 100
118 78 2450
117 78 100
116 78 100
115 78 100
114 78 100
113 78 100
112 78 100
111 78 100
110 78 100
109 78 100
108 78 100
108 78 2450
107 78 100
107 78 2450
106 78 100
106 78 2450
105 78 100
105 78 2450
104 78 100
104 78 2450
103 78 100
103 78 2450
102 78 100
102 78 2450
101 78 100
101 78 2450
100 78 100
100 78 2450
99 78 100
99 78 2450
98 78 100
98 78 2450
97 78 100
97 78 2450
96 78 100
96 78 2450
95 78 100
95 78 2450
94 78 100
94 78 2450
93 78 100
93 78 2450
92 78 100
92 78 2450
91 78 100
91 78 2450
90 78 100
90 78 2450
89 78 100
89 78 2450
88 78 100
88 78 2450
87 78 100
87 78 2450
86 78 100
86 78 2450
85 78 100
85 78 2450
84 78 100
84 78 2450
83 78 100
83 78 2450
82 78 100
82 78 2450
81 78 100
81 78 2450
80 78 100
80 78 2450
79 78 100
79 78 2450
78 78 100
78 78 2450
77 78 100
77 78 2450
76 78 100
76 78 2450
75 78 100
75 78 2450
74 78 100
74 78 2450
73 78 100
73 78 2450
72 78 100
72 78 2450
71 78 100
71 78 2450
70 78 100
70 78 2450
69 78 100
69 78 2450
68 78 100
68 78 2450
67 78 100
67 78 2450
66 78 100
66 78 2450
65 78 100
65 78 2450
65 78 1225
64 78 100
64 78 2450
64 78 1225
63 78 100
63 78 2450
63 78 1225
62 78 100
62 78 2450
62 78 1225
61 78 100
61 78 2450
61 78 1225
60 78 100
60 78 2450
60 78 1225
59 78 100
59 78 2450
59 78 1225
58 78 100
58 78 2450
58 78 1225
57 78 100
57 78 2450
57 78 1225
56 78 100
56 78 2450
56 78 1225
55 78 100
55 78 2450
55 78 1225
54 78 100
54 78 2450
54 78 1225
53 78 100
53 78 2450
52 78 100
52 78 2450
51 78 100
51 78 2450
50 78 100
50 78 2450
49 78 100
49 78 2450
48 78 100
48 78 2450
47 78 100
47 78 2450
46 78 100
46 78 2450
45 78 100
45 78 2450
44 78 100
44 78 2450
43 78 100
43 78 2450
42 78 100
42 78 2450
41 78 100
41 78 2450
40 78 100
40 78 2450
39 78 100
39 78 2450
38 78 100
38 78 2450
37 78 100
37 78 2450
36 78 100
36 78 2450
35 78 100
35 78 2450
34 78 100
34 78 2450
34 78 1225
33 78 100
33 78 2450
33 78 1225
32 78 100
32 78 2450
32 78 1225
31 78 100
31 78 2450
31 78 1225
31 78 612
30 78 100
30 78 2450
30 78 1225
30 78 612
29 78 100
29 78 2450
29 78 1225
29 78 612
29 78 306
28 78 100
28 78 2450
28 78 1225
28 78 612
28 78 306
27 78 100
27 78 2450
27 78 1225
27 78 612
27 78 306
26 78 100
26 78 2450
26 78 1225
26 78 612
26 78 306
25 78 100
25 78 2450
25 78 1225
25 78 612
25 78 306
24 78 100
24 78 2450
24 78 1225
24 78 612
24 78 306
23 78 100
23 78 2450
23 78 1225
23 78 612
23 78 306
22 78 100
22 78 2450
22 78 1225
22 78 612
21 78 100
21 78 2450
21 78 1225
21 78 612
20 78 100
20 78 2450
20 78 1225
20 78 612
19 78 100
19 78 2450
19 78 1225
19 78 612
18 78 100
18 78 2450
18 78 1225
18 78 612
17 78 100
17 78 2450
17 78 1225
17 78 612
16 78 100
16 78 2450
16 78 1225
16 78 612
15 78 100
15 78 2450
15 78 1225
15 78 612
14 78 100
14 78 2450
14 78 1225
14 78 612
13 78 100
13 78 2450
13 78 1225
13 78 612
12 78 100
12 78 2450
12 78 1225
12 78 612
11 78 100
11 78 2450
11 78 1225
11 78 612
10 78 100
10 78 2450
10 78 1225
9 78 100
9 78 2450
9 78 1225
8 78 100
8 78 2450
8 78 1225
8 47 100
196 133 100
195 133 100
194 133 100
193 133 100
192 133 100
191 133 100
190 133 100
189 133 100
188 133 100
187 133 100
186 133 100
185 133 100
184 133 100
183 133 100
182 133 100
181 133 100
180 133 100
179 133 100
178 133 100
177 133 100
176 133 100
175 133 100
174 133 100
173 133 100
173 133 2450
172 133 100
172 133 2450
171 133 100
171 133 2450
170 133 100
170 133 2450
169 133 100
169 133 2450
168 133 100
168 133 2450
167 133 100
167 133 2450
166 133 100
166 133 2450
165 133 100
165 133 2450
164 133 100
164 133 2450
163 133 100
163 133 2450
162 133 100
162 133 2450
161 133 100
161 133 2450
160 133 100
160 133 2450
159 133 100
159 133 2450
158 133 100
158 133 2450
157 133 100
157 133 2450
157 133 1225
156 133 100
156 133 2450
156 133 1225
155 133 100
155 133 2450
155 133 1225
154 133 100
154 133 2450
154 133 1225
153 133 100
153 133 2450
153 133 1225
153 133 612
152 133 100
152 133 2450
152 133 1225
152 133 612
151 133 100
151 133 2450
151 133 1225
151 133 612
150 133 100
150 133 2450
150 133 1225
150 133 612
149 133 100
149 133 2450
149 133 1225
149 133 612
148 133 100
148 133 2450
148 133 1225
148 133 612
147 133 100
147 133 2450
147 133 1225
146 133 100
146 133 2450
146 133 1225
145 133 100
145 133 2450
145 133 1225
144 133 100
144 133 2450
144 133 1225
143 133 100
143 133 2450
143 133 1225
142 133 100
142 133 2450
142 133 1225
141 133 100
141 133 2450
141 133 1225
140 133 100
140 133 2450
139 133 100
139 133 2450
138 133 100
138 133 2450
137 133 100
137 133 2450
136 133 100
136 133 2450
135 133 100
135 133 2450
134 133 100
134 133 2450
133 133 100
133 133 2450
132 133 100
132 133 2450
131 133 100
131 133 2450
130 133 100
130 133 2450
129 133 100
129 133 2450
128 133 100
127 133 100
126 133 100
125 133 100
124 133 100
123 133 100
122 133 100
121 133 100
120 133 100
119 133 100
118 133 100
118 133 2450
117 133 100
117 133 2450
116 133 100
116 133 2450
115 133 100
115 133 2450
114 133 100
114 133 2450
113 133 100
113 133 2450
112 133 100
112 133 2450
111 133 100
111 133 2450
110 133 100
110 133 2450
109 133 100
109 133 2450
108 133 100
108 133 2450
107 133 100
107 133 2450
106 133 100
106 133 2450
106 133 1225
105 133 100
105 133 2450
105 133 1225
104 133 100
104 133 2450
104 133 1225
103 133 100
103 133 2450
103 133 1225
102 133 100
102 133 2450
102 133 1225
101 133 100
101 133 2450
101 133 1225
100 133 100
100 133 2450
100 133 1225
99 133 100
99 133 2450
99 133 1225
98 133 100
98 133 2450
97 133 100
97 133 2450
96 133 100
96 133 2450
95 133 100
95 133 2450
94 133 100
94 133 2450
93 133 100
93 133 2450
92 133 100
92 133 2450
91 133 100
91 133 2450
90 133 100
90 133 2450
89 133 100
89 133 2450
88 133 100
88 133 2450
87 133 100
87 133 2450
86 133 100
86 133 2450
85 133 100
85 133 2450
84 133 100
84 133 2450
83 133 100
83 133 2450
82 133 100
82 133 2450
81 133 100
81 133 2450
80 133 100
80 133 2450
79 133 100
79 133 2450
78 133 100
78 133 2450
77 133 100
77 133 2450
76 133 100
76 133 2450
75 133 100
75 133 2450
75 133 1225
74 133 100
74 133 2450
74 133 1225
73 133 100
73 133 2450
73 133 1225
72 133 100
72 133 2450
71 133 100
71 133 2450
70 133 100
70 133 2450
69 133 100
69 133 2450
68 133 100
68 133 2450
67 133 100
67 133 2450
66 133 100
66 133 2450
65 133 100
65 133 2450
64 133 100
64 133 2450
63 133 100
62 133 100
61 133 100
60 133 100
59 133 100
58 133 100
57 133 100
56 133 100
55 133 100
54 133 100
53 133 100
52 133 100
51 133 100
50 133 100
49 133 100
48 133 100
47 133 100
46 133 100
45 133 100
44 133 100
43 133 100
42 133 100
41 133 100
40 133 100
39 133 100
38 133 100
37 133 100
36 133 100
35 133 100
34 133 100
33 133 100
33 133 2450
32 133 100
32 133 2450
31 133 100
31 133 2450
30 133 100
30 133 2450
29 133 100
28 133 100
27 133 100
26 133 100
25 133 100
25 133 2450
24 133 100
24 133 2450
23 133 100
23 133 2450
22 133 100
22 133 2450
21 133 100
21 133 2450
20 133 100
20 133 2450
19 133 100
19 133 2450
18 133 100
17 133 100
16 133 100
16 133 2450
15 133 100
15 133 2450
14 133 100
14 133 2450
13 133 100
13 133 2450
12 133 100
12 133 2450
11 133 100
11 133 2450
10 133 100
10 133 2450
9 133 100
9 133 2450
8 133 100
8 133 2450
68 28 100
67 28 100
66 28 100
65 28 100
64 28 100
63 28 100
62 28 100
61 28 100
60 28 100
59 28 100
58 28 100
57 28 100
56 28 100
55 28 100
54 28 100
53 28 100
52 28 100
51 28 100
50 28 100
49 28 100
48 28 100
47 28 100
46 28 100
45 28 100
44 28 100
43 28 100
42 28 100
41 28 100
40 28 100
39 28 100
38 28 100
37 28 100
36 28 100
35 28 100
34 28 100
34 28 2450
33 28 100
33 28 2450
32 28 100
32 28 2450
31 28 100
31 28 2450
30 28 100
30 28 2450
29 28 100
29 28 2450
28 28 100
28 28 2450
27 28 100
27 28 2450
26 28 100
26 28 2450
25 28 100
25 28 2450
24 28 100
24 28 2450
23 28 100
23 28 2450
22 28 100
22 28 2450
21 28 100
21 28 2450
20 28 100
20 28 2450
19 28 100
19 28 2450
18 28 100
18 28 2450
17 28 100
17 28 2450
16 28 100
16 28 2450
15 28 100
15 28 2450
14 28 100
14 28 2450
13 28 100
13 28 2450
12 28 100
12 28 2450
11 28 100
11 28 2450
10 28 100
10 28 2450
9 28 100
9 28 2450
8 28 100
8 28 2450
7 28 100
7 28 2450
7 29 100
7 29 2450
47 137 100
46 137 100
45 137 100
44 137 100
43 137 100
42 137 100
41 137 100
40 137 100
39 137 100
38 137 100
37 137 100
36 137 100
35 137 100
34 137 100
33 137 100
32 137 100
31 137 100
30 137 100
29 137 100
28 137 100
27 137 100
26 137 100
25 137 100
25 137 2450
24 137 100
24 137 2450
23 137 100
23 137 2450
22 137 100
22 137 2450
21 137 100
21 137 2450
20 137 100
20 137 2450
19 137 100
19 137 2450
18 137 100
18 137 2450
17 137 100
17 137 2450
16 137 100
16 137 2450
15 137 100
15 137 2450
14 137 100
14 137 2450
13 137 100
13 137 2450
12 137 100
12 137 2450
11 137 100
11 137 2450
10 137 100
10 137 2450
9 137 100
9 137 2450
8 137 100
8 137 2450
119 32 100
118 32 100
117 32 100
116 32 100
116 32 2450
115 32 100
115 32 2450
114 32 100
114 32 2450
113 32 100
113 32 2450
112 32 100
112 32 2450
111 32 100
111 32 2450
110 32 100
110 32 2450
109 32 100
109 32 2450
108 32 100
108 32 2450
107 32 100
107 32 2450
107 32 1225
106 32 100
106 32 2450
106 32 1225
105 32 100
105 32 2450
105 32 1225
104 32 100
104 32 2450
104 32 1225
103 32 100
103 32 2450
103 32 1225
102 32 100
102 32 2450
102 32 1225
101 32 100
101 32 2450
101 32 1225
100 32 100
100 32 2450
100 32 1225
99 32 100
99 32 2450
98 32 100
98 32 2450
97 32 100
97 32 2450
96 32 100
96 32 2450
95 32 100
95 32 2450
94 32 100
94 32 2450
93 32 100
92 32 100
91 32 100
90 32 100
89 32 100
88 32 100
87 32 100
86 32 100
85 32 100
84 32 100
83 32 100
82 32 100
81 32 100
80 32 100
79 32 100
78 32 100
77 32 100
76 32 100
75 32 100
75 32 2450
74 32 100
74 32 2450
73 32 100
73 32 2450
72 32 100
72 32 2450
71 32 100
71 32 2450
70 32 100
70 32 2450
69 32 100
69 32 2450
68 32 100
68 32 2450
67 32 100
67 32 2450
66 32 100
65 32 100
64 32 100
63 32 100
62 32 100
61 32 100
60 32 100
59 32 100
58 32 100
57 32 100
56 32 100
55 32 100
54 32 100
53 32 100
52 32 100
51 32 100
50 32 100
49 32 100
48 32 100
47 32 100
46 32 100
45 32 100
44 32 100
43 32 100
42 32 100
41 32 100
40 32 100
39 32 100
38 32 100
37 32 100
36 32 100
36 32 2450
35 32 100
35 32 2450
34 32 100
34 32 2450
33 32 100
33 32 2450
32 32 100
32 32 2450
31 32 100
31 32 2450
30 32 100
30 32 2450
29 32 100
29 32 2450
28 32 100
28 32 2450
27 32 100
27 32 2450
26 32 100
26 32 2450
25 32 100
25 32 2450
24 32 100
24 32 2450
23 32 100
23 32 2450
22 32 100
22 32 2450
21 32 100
21 32 2450
20 32 100
20 32 2450
19 32 100
19 32 2450
18 32 100
18 32 2450
17 32 100
17 32 2450
16 32 100
16 32 2450
15 32 100
15 32 2450
14 32 100
14 32 2450
13 32 100
13 32 2450
12 32 100
12 32 2450
11 32 100
11 32 2450
10 32 100
10 32 2450
9 32 100
9 32 2450
8 32 100
8 32 2450
