20 192 100
21 192 100
22 192 100
23 192 100
24 192 100
25 192 100
26 192 100
27 192 100
28 192 100
29 192 100
30 192 100
31 192 100
32 192 100
33 192 100
34 192 100
35 192 100
36 192 100
37 192 100
38 192 100
39 192 100
40 192 100
41 192 100
42 192 100
43 192 100
44 192 100
45 192 100
46 192 100
47 192 100
48 192 100
49 192 100
50 192 100
51 192 100
52 192 100
53 192 100
54 192 100
55 192 100
56 192 100
57 192 100
58 192 100
59 192 100
60 192 100
61 192 100
62 192 100
63 192 100
64 192 100
65 192 100
66 192 100
67 192 100
68 192 100
69 192 100
70 192 100
71 192 100
72 192 100
73 192 100
74 192 100
75 192 100
76 192 100
77 192 100
78 192 100
79 192 100
79 192 2450
80 192 100
80 192 2450
81 192 100
81 192 2450
82 192 100
82 192 2450
83 192 100
83 192 2450
84 192 100
84 192 2450
85 192 100
85 192 2450
86 192 100
86 192 2450
87 192 100
87 192 2450
88 192 100
88 192 2450
89 192 100
89 192 2450
90 192 100
90 192 2450
91 192 100
91 192 2450
92 192 100
92 192 2450
93 192 100
93 192 2450
94 192 100
94 192 2450
95 192 100
95 192 2450
96 192 100
96 192 2450
97 192 100
97 192 2450
98 192 100
98 192 2450
99 192 100
99 192 2450
100 192 100
100 192 2450
101 192 100
101 192 2450
102 192 100
102 192 2450
103 192 100
103 192 2450
104 192 100
104 192 2450
105 192 100
105 192 2450
106 192 100
106 192 2450
107 192 100
107 192 2450
108 192 100
108 192 2450
109 192 100
109 192 2450
110 192 100
110 192 2450
111 192 100
111 192 2450
112 192 100
112 192 2450
113 192 100
113 192 2450
114 192 100
114 192 2450
115 192 100
115 192 2450
116 192 100
116 192 2450
117 192 100
117 192 2450
118 192 100
118 192 2450
119 192 100
119 192 2450
120 192 100
121 192 100
122 192 100
123 192 100
124 192 100
125 192 100
126 192 100
127 192 100
128 192 100
129 192 100
130 192 100
131 192 100
132 192 100
133 192 100
134 192 100
135 192 100
136 192 100
137 192 100
138 192 100
139 192 100
140 192 100
141 192 100
142 192 100
143 192 100
144 192 100
145 192 100
146 192 100
147 192 100
148 192 100
149 192 100
150 192 100
151 192 100
152 192 100
153 192 100
154 192 100
155 192 100
156 192 100
156 193 100
156 194 100
156 195 100
156 196 100
156 197 100
156 198 100
156 199 100
19 59 100
20 59 100
21 59 100
22 59 100
23 59 100
24 59 100
25 59 100
26 59 100
27 59 100
28 59 100
29 59 100
30 59 100
31 59 100
32 59 100
33 59 100
34 59 100
35 59 100
36 59 100
37 59 100
38 59 100
39 59 100
40 59 100
41 59 100
42 59 100
43 59 100
44 59 100
45 59 100
46 59 100
47 59 100
48 59 100
49 59 100
49 59 2450
50 59 100
50 59 2450
51 59 100
51 59 2450
52 59 100
52 59 2450
53 59 100
53 59 2450
54 59 100
54 59 2450
55 59 100
55 59 2450
56 59 100
56 59 2450
57 59 100
57 59 2450
58 59 100
58 59 2450
59 59 100
59 59 2450
60 59 100
60 59 2450
61 59 100
61 59 2450
62 59 100
62 59 2450
63 59 100
63 59 2450
64 59 100
64 59 2450
65 59 100
65 59 2450
66 59 100
66 59 2450
67 59 100
67 59 2450
68 59 100
68 59 2450
69 59 100
70 59 100
71 59 100
72 59 100
73 59 100
74 59 100
75 59 100
76 59 100
77 59 100
78 59 100
79 59 100
79 59 2450
80 59 100
80 59 2450
81 59 100
81 59 2450
82 59 100
82 59 2450
83 59 100
83 59 2450
84 59 100
84 59 2450
85 59 100
85 59 2450
86 59 100
86 59 2450
87 59 100
87 59 2450
88 59 100
88 59 2450
89 59 100
89 59 2450
90 59 100
90 59 2450
91 59 100
91 59 2450
92 59 100
92 59 2450
93 59 100
93 59 2450
94 59 100
94 59 2450
95 59 100
95 59 2450
96 59 100
96 59 2450
97 59 100
97 59 2450
98 59 100
98 59 2450
99 59 100
99 59 2450
100 59 100
100 59 2450
101 59 100
101 59 2450
102 59 100
102 59 2450
103 59 100
103 59 2450
104 59 100
104 59 2450
105 59 100
105 59 2450
106 59 100
106 59 2450
107 59 100
107 59 2450
108 59 100
108 59 2450
109 59 100
109 59 2450
110 59 100
110 59 2450
111 59 100
111 59 2450
112 59 100
112 59 2450
113 59 100
113 59 2450
114 59 100
114 59 2450
115 59 100
115 59 2450
116 59 100
116 59 2450
117 59 100
117 59 2450
118 59 100
118 59 2450
119 59 100
119 59 2450
120 59 100
121 59 100
122 59 100
123 59 100
124 59 100
125 59 100
126 59 100
127 59 100
128 59 100
129 59 100
130 59 100
131 59 100
132 59 100
133 59 100
134 59 100
135 59 100
136 59 100
137 59 100
138 59 100
139 59 100
140 59 100
141 59 100
142 59 100
143 59 100
144 59 100
145 59 100
146 59 100
147 59 100
148 59 100
149 59 100
150 59 100
151 59 100
152 59 100
153 59 100
154 59 100
155 59 100
156 59 100
156 60 100
156 61 100
156 62 100
156 63 100
156 64 100
156 65 100
156 66 100
156 67 100
156 68 100
156 69 100
156 70 100
156 71 100
156 72 100
156 73 100
156 74 100
156 75 100
156 76 100
156 77 100
156 78 100
156 79 100
156 80 100
156 81 100
156 82 100
156 83 100
156 84 100
156 85 100
156 86 100
156 87 100
156 88 100
156 89 100
156 90 100
156 91 100
156 92 100
156 93 100
156 94 100
156 95 100
156 96 100
156 97 100
156 98 100
156 99 100
156 100 100
156 101 100
156 102 100
156 103 100
156 104 100
156 105 100
156 105 2450
156 106 100
156 106 2450
156 107 100
156 107 2450
156 108 100
156 108 2450
156 109 100
156 109 2450
156 110 100
156 110 2450
156 111 100
156 111 2450
156 112 100
156 113 100
156 114 100
156 115 100
156 116 100
156 117 100
156 118 100
156 119 100
156 120 100
156 121 100
156 122 100
156 123 100
156 124 100
156 125 100
156 126 100
156 127 100
156 128 100
156 129 100
156 130 100
156 131 100
156 132 100
156 133 100
156 134 100
156 135 100
156 136 100
156 137 100
156 138 100
156 139 100
156 140 100
156 141 100
156 142 100
156 143 100
156 144 100
156 145 100
156 146 100
156 147 100
156 148 100
156 149 100
156 150 100
156 151 100
156 152 100
156 153 100
156 153 2450
156 154 100
156 154 2450
156 155 100
156 155 2450
156 156 100
156 156 2450
156 157 100
156 157 2450
156 158 100
156 158 2450
156 159 100
156 159 2450
156 160 100
156 160 2450
156 161 100
156 161 2450
156 162 100
156 162 2450
156 163 100
156 163 2450
156 164 100
156 164 2450
156 165 100
156 165 2450
156 166 100
156 166 2450
156 167 100
156 167 2450
156 168 100
156 168 2450
156 169 100
156 169 2450
156 170 100
156 170 2450
156 171 100
156 171 2450
156 172 100
156 172 2450
156 173 100
156 173 2450
156 174 100
156 174 2450
156 175 100
156 175 2450
156 176 100
156 176 2450
156 177 100
156 177 2450
156 178 100
156 178 2450
156 179 100
156 179 2450
156 180 100
156 180 2450
156 181 100
156 181 2450
156 182 100
156 182 2450
156 183 100
156 183 2450
156 184 100
156 185 100
156 186 100
156 187 100
156 188 100
156 189 100
156 190 100
156 191 100
113 17 100
114 17 100
115 17 100
116 17 100
117 17 100
117 17 2450
118 17 100
118 17 2450
119 17 100
119 17 2450
120 17 100
120 17 2450
121 17 100
121 17 2450
122 17 100
122 17 2450
123 17 100
123 17 2450
124 17 100
124 17 2450
125 17 100
125 17 2450
126 17 100
126 17 2450
127 17 100
127 17 2450
128 17 100
128 17 2450
129 17 100
129 17 2450
130 17 100
130 17 2450
131 17 100
131 17 2450
132 17 100
132 17 2450
133 17 100
133 17 2450
134 17 100
134 17 2450
135 17 100
135 17 2450
136 17 100
136 17 2450
137 17 100
137 17 2450
137 17 1225
138 17 100
138 17 2450
138 17 1225
139 17 100
139 17 2450
139 17 1225
140 17 100
140 17 2450
140 17 1225
141 17 100
141 17 2450
141 17 1225
142 17 100
142 17 2450
142 17 1225
143 17 100
143 17 2450
143 17 1225
144 17 100
144 17 2450
144 17 1225
145 17 100
145 17 2450
145 17 1225
146 17 100
146 17 2450
146 17 1225
147 17 100
147 17 2450
147 17 1225
148 17 100
148 17 2450
148 17 1225
149 17 100
149 17 2450
149 17 1225
150 17 100
150 17 2450
150 17 1225
151 17 100
151 17 2450
151 17 1225
152 17 100
152 17 2450
152 17 1225
153 17 100
153 17 2450
153 17 1225
153 17 612
154 17 100
154 17 2450
154 17 1225
154 17 612
155 17 100
155 17 2450
155 17 1225
155 17 612
156 17 100
156 17 2450
156 17 1225
156 17 612
156 18 100
156 18 2450
156 18 1225
156 18 612
156 19 100
156 19 2450
156 19 1225
156 19 612
156 20 100
156 20 2450
156 20 1225
156 20 612
156 21 100
156 21 2450
156 21 1225
156 21 612
156 21 306
156 22 100
156 22 2450
156 22 1225
156 22 612
156 22 306
156 23 100
156 23 2450
156 23 1225
156 23 612
156 23 306
156 24 100
156 24 2450
156 24 1225
156 24 612
156 24 306
156 24 153
156 25 100
156 25 2450
156 25 1225
156 25 612
156 25 306
156 25 153
156 26 100
156 26 2450
156 26 1225
156 26 612
156 26 306
156 26 153
156 27 100
156 27 2450
156 27 1225
156 27 612
156 27 306
156 27 153
156 28 100
156 28 2450
156 28 1225
156 28 612
156 28 306
156 29 100
156 29 2450
156 29 1225
156 29 612
156 29 306
156 30 100
156 30 2450
156 30 1225
156 30 612
156 31 100
156 31 2450
156 31 1225
156 31 612
156 32 100
156 32 2450
156 32 1225
156 32 612
156 33 100
156 33 2450
156 33 1225
156 34 100
156 34 2450
156 34 1225
156 35 100
156 35 2450
156 35 1225
156 36 100
156 36 2450
156 37 100
156 37 2450
156 38 100
156 38 2450
156 39 100
156 39 2450
156 40 100
156 40 2450
156 41 100
156 41 2450
156 42 100
156 42 2450
156 43 100
156 43 2450
156 44 100
156 44 2450
156 45 100
156 45 2450
156 46 100
156 46 2450
156 47 100
156 47 2450
156 48 100
156 48 2450
156 49 100
156 49 2450
156 50 100
156 50 2450
156 51 100
156 51 2450
156 52 100
156 53 100
156 54 100
156 55 100
156 56 100
156 57 100
156 58 100
160 80 100
159 80 100
158 80 100
157 80 100
118 71 100
119 71 100
120 71 100
121 71 100
122 71 100
123 71 100
124 71 100
125 71 100
126 71 100
127 71 100
128 71 100
129 71 100
130 71 100
131 71 100
132 71 100
133 71 100
134 71 100
135 71 100
136 71 100
137 71 100
138 71 100
139 71 100
140 71 100
141 71 100
142 71 100
143 71 100
144 71 100
145 71 100
146 71 100
147 71 100
148 71 100
149 71 100
150 71 100
151 71 100
152 71 100
153 71 100
154 71 100
155 71 100
66 53 100
67 53 100
68 53 100
69 53 100
70 53 100
71 53 100
72 53 100
73 53 100
74 53 100
75 53 100
76 53 100
77 53 100
78 53 100
79 53 100
80 53 100
81 53 100
81 53 2450
82 53 100
82 53 2450
83 53 100
83 53 2450
84 53 100
84 53 2450
85 53 100
85 53 2450
86 53 100
86 53 2450
87 53 100
87 53 2450
88 53 100
88 53 2450
89 53 100
89 53 2450
90 53 100
90 53 2450
91 53 100
91 53 2450
92 53 100
92 53 2450
93 53 100
93 53 2450
94 53 100
94 53 2450
95 53 100
95 53 2450
96 53 100
96 53 2450
97 53 100
97 53 2450
98 53 100
98 53 2450
99 53 100
99 53 2450
99 53 1225
100 53 100
100 53 2450
100 53 1225
101 53 100
101 53 2450
101 53 1225
102 53 100
102 53 2450
102 53 1225
103 53 100
103 53 2450
103 53 1225
104 53 100
104 53 2450
104 53 1225
105 53 100
105 53 2450
105 53 1225
106 53 100
106 53 2450
106 53 1225
107 53 100
107 53 2450
107 53 1225
108 53 100
108 53 2450
108 53 1225
109 53 100
109 53 2450
110 53 100
110 53 2450
111 53 100
111 53 2450
112 53 100
112 53 2450
113 53 100
113 53 2450
114 53 100
114 53 2450
115 53 100
115 53 2450
116 53 100
116 53 2450
117 53 100
117 53 2450
118 53 100
118 53 2450
119 53 100
119 53 2450
120 53 100
120 53 2450
121 53 100
122 53 100
123 53 100
124 53 100
125 53 100
126 53 100
127 53 100
128 53 100
129 53 100
130 53 100
131 53 100
132 53 100
133 53 100
134 53 100
135 53 100
136 53 100
137 53 100
138 53 100
139 53 100
140 53 100
141 53 100
142 53 100
143 53 100
144 53 100
145 53 100
146 53 100
147 53 100
148 53 100
149 53 100
150 53 100
151 53 100
152 53 100
153 53 100
154 53 100
155 53 100
87 157 100
88 157 100
89 157 100
90 157 100
91 157 100
92 157 100
93 157 100
94 157 100
95 157 100
96 157 100
97 157 100
98 157 100
98 157 2450
99 157 100
99 157 2450
100 157 100
100 157 2450
101 157 100
101 157 2450
102 157 100
102 157 2450
103 157 100
103 157 2450
104 157 100
104 157 2450
105 157 100
105 157 2450
106 157 100
106 157 2450
107 157 100
107 157 2450
107 157 1225
108 157 100
108 157 2450
108 157 1225
109 157 100
109 157 2450
109 157 1225
110 157 100
110 157 2450
110 157 1225
110 157 612
111 157 100
111 157 2450
111 157 1225
111 157 612
112 157 100
112 157 2450
112 157 1225
112 157 612
112 157 306
113 157 100
113 157 2450
113 157 1225
113 157 612
113 157 306
114 157 100
114 157 2450
114 157 1225
114 157 612
114 157 306
114 157 153
115 157 100
115 157 2450
115 157 1225
115 157 612
115 157 306
115 157 153
116 157 100
116 157 2450
116 157 1225
116 157 612
116 157 306
116 157 153
117 157 100
117 157 2450
117 157 1225
117 157 612
117 157 306
117 157 153
118 157 100
118 157 2450
118 157 1225
118 157 612
118 157 306
119 157 100
119 157 2450
119 157 1225
119 157 612
119 157 306
120 157 100
120 157 2450
120 157 1225
120 157 612
120 157 306
121 157 100
121 157 2450
121 157 1225
121 157 612
122 157 100
122 157 2450
122 157 1225
122 157 612
123 157 100
123 157 2450
123 157 1225
123 157 612
124 157 100
124 157 2450
124 157 1225
125 157 100
125 157 2450
125 157 1225
126 157 100
126 157 2450
126 157 1225
127 157 100
127 157 2450
127 157 1225
128 157 100
128 157 2450
128 157 1225
129 157 100
129 157 2450
130 157 100
130 157 2450
131 157 100
131 157 2450
132 157 100
132 157 2450
133 157 100
133 157 2450
134 157 100
134 157 2450
135 157 100
135 157 2450
136 157 100
136 157 2450
137 157 100
137 157 2450
138 157 100
138 157 2450
139 157 100
139 157 2450
140 157 100
140 157 2450
141 157 100
141 157 2450
142 157 100
142 157 2450
143 157 100
143 157 2450
144 157 100
144 157 2450
145 157 100
145 157 2450
146 157 100
146 157 2450
147 157 100
147 157 2450
148 157 100
148 157 2450
149 157 100
149 157 2450
150 157 100
150 157 2450
151 157 100
151 157 2450
152 157 100
152 157 2450
153 157 100
153 157 2450
154 157 100
154 157 2450
155 157 100
155 157 2450
198 14 100
197 14 100
196 14 100
195 14 100
194 14 100
193 14 100
192 14 100
191 14 100
190 14 100
189 14 100
188 14 100
187 14 100
186 14 100
185 14 100
184 14 100
183 14 100
182 14 100
181 14 100
180 14 100
179 14 100
178 14 100
177 14 100
177 14 2450
176 14 100
176 14 2450
175 14 100
175 14 2450
174 14 100
174 14 2450
173 14 100
173 14 2450
172 14 100
172 14 2450
171 14 100
171 14 2450
170 14 100
170 14 2450
169 14 100
169 14 2450
168 14 100
168 14 2450
167 14 100
167 14 2450
166 14 100
166 14 2450
165 14 100
165 14 2450
164 14 100
164 14 2450
163 14 100
163 14 2450
162 14 100
162 14 2450
161 14 100
161 14 2450
160 14 100
160 14 2450
159 14 100
159 14 2450
159 14 1225
158 14 100
158 14 2450
158 14 1225
157 14 100
157 14 2450
157 14 1225
156 14 100
156 14 2450
156 14 1225
156 15 100
156 15 2450
156 15 1225
156 16 100
156 16 2450
156 16 1225
