55 167 100
54 167 100
53 167 100
52 167 100
51 167 100
50 167 100
49 167 100
48 167 100
47 167 100
46 167 100
45 167 100
44 167 100
44 167 2450
43 167 100
43 167 2450
42 167 100
42 167 2450
41 167 100
41 167 2450
40 167 100
40 167 2450
39 167 100
39 167 2450
38 167 100
38 167 2450
37 167 100
37 167 2450
36 167 100
36 167 2450
35 167 100
35 167 2450
34 167 100
34 167 2450
33 167 100
33 167 2450
32 167 100
32 167 2450
31 167 100
31 167 2450
30 167 100
30 167 2450
29 167 100
29 167 2450
28 167 100
28 167 2450
27 167 100
27 167 2450
26 167 100
26 167 2450
25 167 100
25 167 2450
24 167 100
24 167 2450
23 167 100
23 167 2450
22 167 100
22 167 2450
21 167 100
21 167 2450
21 167 1225
20 167 100
20 167 2450
20 167 1225
19 167 100
19 167 2450
19 167 1225
18 167 100
18 167 2450
18 167 1225
17 167 100
17 167 2450
17 167 1225
16 167 100
16 167 2450
16 167 1225
15 167 100
15 167 2450
15 167 1225
14 167 100
14 167 2450
14 167 1225
13 167 100
13 167 2450
13 167 1225
13 167 612
12 167 100
12 167 2450
12 167 1225
12 167 612
11 167 100
11 167 2450
11 167 1225
11 167 612
10 167 100
10 167 2450
10 167 1225
10 167 612
9 167 100
9 167 2450
9 167 1225
9 167 612
9 167 306
8 167 100
8 167 2450
8 167 1225
8 167 612
8 167 306
7 167 100
7 167 2450
7 167 1225
7 167 612
7 167 306
6 167 100
6 167 2450
6 167 1225
6 167 612
6 167 306
5 167 100
5 167 2450
5 167 1225
5 167 612
5 167 306
4 167 100
4 167 2450
4 167 1225
4 167 612
4 167 306
3 167 100
3 167 2450
3 167 1225
3 167 612
3 167 306
2 167 100
2 167 2450
2 167 1225
2 167 612
2 167 306
2 167 153
1 167 100
1 167 2450
1 167 1225
1 167 612
1 167 306
1 167 153
1 166 100
1 166 2450
1 166 1225
1 166 612
1 166 306
1 166 153
1 165 100
1 165 2450
1 165 1225
1 165 612
1 165 306
1 164 100
1 164 2450
1 164 1225
1 164 612
1 164 306
1 163 100
1 163 2450
1 163 1225
1 163 612
1 163 306
1 162 100
1 162 2450
1 162 1225
1 162 612
1 162 306
1 161 100
1 161 2450
1 161 1225
1 161 612
1 161 306
1 160 100
1 160 2450
1 160 1225
1 160 612
1 160 306
1 159 100
1 159 2450
1 159 1225
1 159 612
1 159 306
1 159 153
1 158 100
1 158 2450
1 158 1225
1 158 612
1 158 306
1 158 153
1 157 100
1 157 2450
1 157 1225
1 157 612
1 157 306
1 157 153
1 156 100
1 156 2450
1 156 1225
1 156 612
1 156 306
1 156 153
1 155 100
1 155 2450
1 155 1225
1 155 612
1 155 306
1 154 100
1 154 2450
1 154 1225
1 154 612
1 154 306
1 153 100
1 153 2450
1 153 1225
1 153 612
1 153 306
1 152 100
1 152 2450
1 152 1225
1 152 612
1 151 100
1 151 2450
1 151 1225
1 151 612
1 150 100
1 150 2450
1 150 1225
1 150 612
1 149 100
1 149 2450
1 149 1225
1 148 100
1 148 2450
1 148 1225
1 147 100
1 147 2450
1 147 1225
1 146 100
1 146 2450
1 146 1225
1 145 100
1 145 2450
1 145 1225
1 144 100
1 144 2450
1 144 1225
1 143 100
1 143 2450
1 142 100
1 142 2450
1 141 100
1 141 2450
1 140 100
1 140 2450
1 139 100
1 139 2450
1 138 100
1 138 2450
1 137 100
1 137 2450
1 136 100
1 136 2450
1 135 100
1 135 2450
1 134 100
1 134 2450
1 133 100
1 133 2450
1 132 100
1 132 2450
1 131 100
1 131 2450
1 130 100
1 130 2450
1 129 100
1 129 2450
1 128 100
1 128 2450
1 127 100
1 127 2450
1 126 100
1 126 2450
1 125 100
1 125 2450
1 124 100
1 124 2450
1 123 100
1 123 2450
1 122 100
1 122 2450
1 121 100
1 121 2450
1 120 100
1 120 2450
1 119 100
1 119 2450
1 118 100
1 118 2450
1 117 100
1 117 2450
1 116 100
1 116 2450
1 115 100
1 115 2450
1 114 100
1 114 2450
1 113 100
1 113 2450
1 112 100
1 112 2450
1 111 100
1 111 2450
1 110 100
1 110 2450
1 109 100
1 109 2450
1 108 100
1 108 2450
1 107 100
1 107 2450
1 106 100
1 106 2450
1 105 100
1 105 2450
1 104 100
1 104 2450
1 103 100
1 103 2450
1 102 100
1 102 2450
1 101 100
1 101 2450
1 100 100
1 100 2450
1 99 100
1 99 2450
1 98 100
1 98 2450
1 97 100
1 97 2450
1 96 100
1 96 2450
1 95 100
1 95 2450
1 94 100
1 94 2450
1 93 100
1 93 2450
1 92 100
1 92 2450
1 91 100
1 91 2450
1 90 100
1 90 2450
1 89 100
1 89 2450
1 88 100
1 88 2450
1 87 100
1 87 2450
1 86 100
1 86 2450
1 85 100
1 85 2450
1 84 100
1 84 2450
1 83 100
1 83 2450
1 82 100
1 82 2450
1 81 100
1 81 2450
1 80 100
1 80 2450
1 79 100
1 79 2450
1 78 100
1 78 2450
1 77 100
1 77 2450
1 76 100
1 76 2450
1 75 100
1 75 2450
1 74 100
1 74 2450
1 73 100
1 73 2450
1 72 100
1 72 2450
1 71 100
1 71 2450
1 70 100
1 70 2450
1 69 100
1 69 2450
1 68 100
1 68 2450
1 67 100
1 67 2450
1 66 100
1 66 2450
1 65 100
1 65 2450
1 64 100
1 64 2450
1 63 100
1 63 2450
1 62 100
1 62 2450
1 61 100
1 61 2450
1 60 100
1 60 2450
1 59 100
1 58 100
1 57 100
1 56 100
1 55 100
1 54 100
1 53 100
1 52 100
1 51 100
1 50 100
1 49 100
1 48 100
1 47 100
1 46 100
1 45 100
1 44 100
1 43 100
1 42 100
1 41 100
1 40 100
1 39 100
1 38 100
1 37 100
1 36 100
1 35 100
1 34 100
1 33 100
1 32 100
1 31 100
