182 147 100
181 147 100
180 147 100
179 147 100
178 147 100
177 147 100
176 147 100
175 147 100
174 147 100
174 146 100
174 145 100
174 144 100
174 143 100
174 142 100
174 141 100
174 140 100
174 139 100
174 138 100
174 137 100
174 136 100
174 135 100
174 135 2450
174 134 100
174 134 2450
174 133 100
174 133 2450
174 132 100
174 132 2450
174 131 100
174 131 2450
174 130 100
174 130 2450
174 129 100
174 129 2450
174 128 100
174 128 2450
174 127 100
174 127 2450
174 126 100
174 126 2450
174 125 100
174 125 2450
174 124 100
174 124 2450
174 123 100
174 123 2450
174 122 100
174 122 2450
174 121 100
174 121 2450
174 120 100
174 120 2450
174 119 100
174 119 2450
174 118 100
174 118 2450
174 118 1225
174 117 100
174 117 2450
174 117 1225
174 116 100
174 116 2450
174 116 1225
174 115 100
174 115 2450
174 115 1225
174 114 100
174 114 2450
174 114 1225
174 114 612
174 113 100
174 113 2450
174 113 1225
174 113 612
174 112 100
174 112 2450
174 112 1225
174 112 612
174 111 100
174 111 2450
174 111 1225
174 111 612
174 110 100
174 110 2450
174 110 1225
174 109 100
174 109 2450
174 109 1225
174 108 100
174 108 2450
174 108 1225
174 107 100
174 107 2450
174 107 1225
174 106 100
174 106 2450
174 106 1225
174 105 100
174 105 2450
174 104 100
174 104 2450
174 103 100
174 103 2450
174 102 100
174 102 2450
174 101 100
174 101 2450
174 100 100
174 100 2450
174 99 100
174 99 2450
174 98 100
174 98 2450
174 97 100
174 97 2450
174 96 100
174 96 2450
174 95 100
174 95 2450
174 94 100
174 94 2450
174 93 100
174 93 2450
174 92 100
174 92 2450
174 91 100
174 91 2450
174 90 100
174 90 2450
174 89 100
174 89 2450
174 88 100
174 88 2450
174 87 100
174 87 2450
174 86 100
174 85 100
174 84 100
174 83 100
174 82 100
174 81 100
174 80 100
174 79 100
174 78 100
174 77 100
174 76 100
174 75 100
174 74 100
174 73 100
174 72 100
174 71 100
60 39 100
61 39 100
62 39 100
63 39 100
64 39 100
65 39 100
66 39 100
67 39 100
68 39 100
69 39 100
70 39 100
71 39 100
72 39 100
73 39 100
74 39 100
75 39 100
76 39 100
77 39 100
78 39 100
79 39 100
80 39 100
81 39 100
82 39 100
83 39 100
84 39 100
85 39 100
86 39 100
87 39 100
88 39 100
89 39 100
90 39 100
91 39 100
92 39 100
93 39 100
94 39 100
95 39 100
96 39 100
97 39 100
98 39 100
99 39 100
100 39 100
101 39 100
102 39 100
103 39 100
104 39 100
105 39 100
106 39 100
107 39 100
108 39 100
109 39 100
110 39 100
111 39 100
112 39 100
113 39 100
114 39 100
115 39 100
116 39 100
117 39 100
118 39 100
119 39 100
120 39 100
120 39 2450
121 39 100
121 39 2450
122 39 100
122 39 2450
123 39 100
123 39 2450
124 39 100
124 39 2450
125 39 100
125 39 2450
126 39 100
126 39 2450
127 39 100
127 39 2450
128 39 100
128 39 2450
129 39 100
129 39 2450
130 39 100
130 39 2450
131 39 100
131 39 2450
132 39 100
132 39 2450
133 39 100
134 39 100
135 39 100
136 39 100
137 39 100
138 39 100
139 39 100
140 39 100
141 39 100
142 39 100
143 39 100
144 39 100
145 39 100
146 39 100
147 39 100
148 39 100
149 39 100
150 39 100
151 39 100
152 39 100
153 39 100
154 39 100
155 39 100
156 39 100
157 39 100
158 39 100
159 39 100
160 39 100
161 39 100
162 39 100
163 39 100
164 39 100
164 39 2450
165 39 100
165 39 2450
166 39 100
166 39 2450
167 39 100
167 39 2450
168 39 100
168 39 2450
169 39 100
169 39 2450
170 39 100
170 39 2450
171 39 100
171 39 2450
172 39 100
172 39 2450
173 39 100
173 39 2450
174 39 100
174 39 2450
174 40 100
174 40 2450
174 41 100
174 41 2450
174 42 100
174 42 2450
174 43 100
174 43 2450
174 44 100
174 44 2450
174 45 100
174 45 2450
174 46 100
174 46 2450
174 47 100
174 47 2450
174 48 100
174 48 2450
174 49 100
174 49 2450
174 50 100
174 50 2450
174 51 100
174 51 2450
174 52 100
174 52 2450
174 53 100
174 53 2450
174 54 100
174 54 2450
174 55 100
174 55 2450
174 56 100
174 56 2450
174 57 100
174 57 2450
174 58 100
174 58 2450
174 59 100
174 60 100
174 61 100
174 62 100
174 63 100
174 64 100
174 65 100
174 66 100
174 67 100
174 68 100
174 69 100
174 70 100
2 7 100
3 7 100
4 7 100
5 7 100
6 7 100
7 7 100
8 7 100
9 7 100
10 7 100
11 7 100
12 7 100
13 7 100
14 7 100
15 7 100
16 7 100
17 7 100
18 7 100
19 7 100
20 7 100
21 7 100
22 7 100
23 7 100
24 7 100
24 7 2450
25 7 100
25 7 2450
26 7 100
26 7 2450
27 7 100
27 7 2450
28 7 100
28 7 2450
29 7 100
29 7 2450
30 7 100
30 7 2450
31 7 100
31 7 2450
32 7 100
32 7 2450
33 7 100
33 7 2450
34 7 100
34 7 2450
35 7 100
35 7 2450
36 7 100
36 7 2450
37 7 100
37 7 2450
38 7 100
38 7 2450
39 7 100
39 7 2450
40 7 100
40 7 2450
41 7 100
41 7 2450
42 7 100
42 7 2450
43 7 100
43 7 2450
44 7 100
44 7 2450
45 7 100
45 7 2450
46 7 100
46 7 2450
47 7 100
47 7 2450
48 7 100
48 7 2450
49 7 100
49 7 2450
50 7 100
50 7 2450
51 7 100
51 7 2450
52 7 100
53 7 100
54 7 100
55 7 100
56 7 100
57 7 100
58 7 100
59 7 100
60 7 100
61 7 100
62 7 100
63 7 100
64 7 100
65 7 100
66 7 100
67 7 100
68 7 100
69 7 100
70 7 100
71 7 100
72 7 100
73 7 100
74 7 100
75 7 100
76 7 100
77 7 100
78 7 100
79 7 100
80 7 100
81 7 100
82 7 100
83 7 100
84 7 100
85 7 100
85 7 2450
86 7 100
86 7 2450
87 7 100
87 7 2450
88 7 100
88 7 2450
89 7 100
89 7 2450
90 7 100
90 7 2450
91 7 100
91 7 2450
92 7 100
92 7 2450
93 7 100
93 7 2450
94 7 100
94 7 2450
95 7 100
95 7 2450
96 7 100
96 7 2450
97 7 100
97 7 2450
98 7 100
98 7 2450
99 7 100
99 7 2450
100 7 100
100 7 2450
101 7 100
101 7 2450
102 7 100
102 7 2450
103 7 100
103 7 2450
104 7 100
104 7 2450
105 7 100
105 7 2450
106 7 100
106 7 2450
107 7 100
107 7 2450
108 7 100
108 7 2450
109 7 100
109 7 2450
110 7 100
110 7 2450
111 7 100
111 7 2450
112 7 100
112 7 2450
113 7 100
113 7 2450
114 7 100
114 7 2450
115 7 100
115 7 2450
116 7 100
116 7 2450
117 7 100
117 7 2450
118 7 100
118 7 2450
119 7 100
120 7 100
121 7 100
122 7 100
123 7 100
124 7 100
125 7 100
126 7 100
127 7 100
128 7 100
129 7 100
130 7 100
131 7 100
132 7 100
133 7 100
134 7 100
135 7 100
136 7 100
137 7 100
137 7 2450
138 7 100
138 7 2450
139 7 100
139 7 2450
140 7 100
140 7 2450
141 7 100
141 7 2450
142 7 100
142 7 2450
143 7 100
143 7 2450
144 7 100
144 7 2450
145 7 100
145 7 2450
146 7 100
146 7 2450
147 7 100
147 7 2450
148 7 100
148 7 2450
149 7 100
149 7 2450
150 7 100
150 7 2450
151 7 100
151 7 2450
152 7 100
152 7 2450
153 7 100
153 7 2450
154 7 100
155 7 100
156 7 100
157 7 100
158 7 100
159 7 100
160 7 100
161 7 100
162 7 100
163 7 100
163 7 2450
164 7 100
164 7 2450
165 7 100
165 7 2450
166 7 100
166 7 2450
167 7 100
167 7 2450
168 7 100
168 7 2450
169 7 100
169 7 2450
170 7 100
170 7 2450
171 7 100
171 7 2450
172 7 100
172 7 2450
173 7 100
173 7 2450
174 7 100
174 7 2450
174 8 100
174 8 2450
174 9 100
174 9 2450
174 10 100
174 10 2450
174 11 100
174 11 2450
174 12 100
174 12 2450
174 13 100
174 13 2450
174 14 100
174 14 2450
174 15 100
174 15 2450
174 16 100
174 16 2450
174 17 100
174 17 2450
174 18 100
174 18 2450
174 19 100
174 19 2450
174 20 100
174 20 2450
174 21 100
174 21 2450
174 22 100
174 22 2450
174 23 100
174 24 100
174 25 100
174 25 2450
174 26 100
174 26 2450
174 27 100
174 27 2450
174 28 100
174 28 2450
174 29 100
174 29 2450
174 30 100
174 30 2450
174 31 100
174 31 2450
174 32 100
174 32 2450
174 33 100
174 33 2450
174 34 100
174 34 2450
174 35 100
174 35 2450
174 36 100
174 36 2450
174 37 100
174 37 2450
174 38 100
174 38 2450
122 87 100
123 87 100
124 87 100
125 87 100
126 87 100
127 87 100
128 87 100
129 87 100
130 87 100
131 87 100
132 87 100
133 87 100
134 87 100
134 87 2450
135 87 100
135 87 2450
136 87 100
136 87 2450
137 87 100
137 87 2450
138 87 100
138 87 2450
139 87 100
139 87 2450
140 87 100
140 87 2450
141 87 100
141 87 2450
142 87 100
142 87 2450
143 87 100
143 87 2450
144 87 100
144 87 2450
145 87 100
145 87 2450
146 87 100
146 87 2450
147 87 100
147 87 2450
148 87 100
148 87 2450
149 87 100
149 87 2450
150 87 100
150 87 2450
151 87 100
151 87 2450
152 87 100
152 87 2450
153 87 100
153 87 2450
154 87 100
154 87 2450
155 87 100
155 87 2450
156 87 100
156 87 2450
157 87 100
157 87 2450
158 87 100
158 87 2450
159 87 100
159 87 2450
160 87 100
160 87 2450
161 87 100
161 87 2450
162 87 100
162 87 2450
163 87 100
163 87 2450
164 87 100
164 87 2450
165 87 100
165 87 2450
166 87 100
166 87 2450
167 87 100
167 87 2450
168 87 100
168 87 2450
169 87 100
169 87 2450
170 87 100
170 87 2450
171 87 100
171 87 2450
172 87 100
172 87 2450
173 87 100
173 87 2450
8 173 100
9 173 100
10 173 100
11 173 100
12 173 100
13 173 100
14 173 100
15 173 100
16 173 100
17 173 100
18 173 100
19 173 100
20 173 100
21 173 100
22 173 100
22 173 2450
23 173 100
23 173 2450
24 173 100
24 173 2450
25 173 100
25 173 2450
26 173 100
26 173 2450
27 173 100
27 173 2450
28 173 100
28 173 2450
29 173 100
29 173 2450
30 173 100
30 173 2450
31 173 100
31 173 2450
32 173 100
32 173 2450
33 173 100
33 173 2450
34 173 100
34 173 2450
35 173 100
35 173 2450
36 173 100
36 173 2450
37 173 100
37 173 2450
38 173 100
38 173 2450
39 173 100
39 173 2450
40 173 100
40 173 2450
41 173 100
41 173 2450
42 173 100
42 173 2450
43 173 100
43 173 2450
44 173 100
44 173 2450
45 173 100
45 173 2450
46 173 100
46 173 2450
47 173 100
47 173 2450
48 173 100
48 173 2450
49 173 100
49 173 2450
50 173 100
50 173 2450
51 173 100
51 173 2450
52 173 100
52 173 2450
53 173 100
54 173 100
55 173 100
56 173 100
57 173 100
58 173 100
59 173 100
60 173 100
61 173 100
62 173 100
63 173 100
64 173 100
65 173 100
66 173 100
67 173 100
68 173 100
69 173 100
70 173 100
71 173 100
72 173 100
73 173 100
74 173 100
75 173 100
76 173 100
77 173 100
77 173 2450
78 173 100
78 173 2450
79 173 100
79 173 2450
80 173 100
80 173 2450
81 173 100
81 173 2450
82 173 100
82 173 2450
83 173 100
83 173 2450
84 173 100
84 173 2450
85 173 100
85 173 2450
86 173 100
86 173 2450
87 173 100
87 173 2450
88 173 100
88 173 2450
89 173 100
89 173 2450
90 173 100
90 173 2450
91 173 100
91 173 2450
92 173 100
92 173 2450
93 173 100
93 173 2450
94 173 100
94 173 2450
95 173 100
95 173 2450
96 173 100
97 173 100
98 173 100
99 173 100
100 173 100
101 173 100
102 173 100
103 173 100
104 173 100
105 173 100
106 173 100
107 173 100
108 173 100
109 173 100
110 173 100
111 173 100
112 173 100
113 173 100
114 173 100
115 173 100
116 173 100
117 173 100
118 173 100
119 173 100
120 173 100
121 173 100
122 173 100
123 173 100
123 173 2450
124 173 100
124 173 2450
125 173 100
125 173 2450
126 173 100
126 173 2450
127 173 100
127 173 2450
128 173 100
128 173 2450
129 173 100
129 173 2450
130 173 100
130 173 2450
131 173 100
131 173 2450
132 173 100
132 173 2450
133 173 100
133 173 2450
134 173 100
134 173 2450
135 173 100
135 173 2450
136 173 100
136 173 2450
137 173 100
137 173 2450
138 173 100
138 173 2450
139 173 100
139 173 2450
140 173 100
140 173 2450
141 173 100
141 173 2450
142 173 100
142 173 2450
143 173 100
143 173 2450
144 173 100
144 173 2450
144 173 1225
145 173 100
145 173 2450
145 173 1225
146 173 100
146 173 2450
146 173 1225
147 173 100
147 173 2450
147 173 1225
148 173 100
148 173 2450
148 173 1225
149 173 100
149 173 2450
149 173 1225
149 173 612
150 173 100
150 173 2450
150 173 1225
150 173 612
151 173 100
151 173 2450
151 173 1225
151 173 612
152 173 100
152 173 2450
152 173 1225
152 173 612
153 173 100
153 173 2450
153 173 1225
153 173 612
154 173 100
154 173 2450
154 173 1225
154 173 612
155 173 100
155 173 2450
155 173 1225
155 173 612
156 173 100
156 173 2450
156 173 1225
156 173 612
157 173 100
157 173 2450
157 173 1225
157 173 612
158 173 100
158 173 2450
158 173 1225
158 173 612
159 173 100
159 173 2450
159 173 1225
160 173 100
160 173 2450
160 173 1225
161 173 100
161 173 2450
161 173 1225
162 173 100
162 173 2450
163 173 100
163 173 2450
164 173 100
164 173 2450
165 173 100
165 173 2450
166 173 100
166 173 2450
167 173 100
167 173 2450
168 173 100
168 173 2450
169 173 100
169 173 2450
170 173 100
170 173 2450
171 173 100
171 173 2450
172 173 100
172 173 2450
173 173 100
173 173 2450
174 173 100
174 173 2450
174 172 100
174 172 2450
174 171 100
174 171 2450
174 170 100
174 170 2450
174 169 100
174 169 2450
174 168 100
174 168 2450
174 167 100
174 166 100
174 165 100
174 164 100
174 163 100
174 162 100
174 161 100
174 160 100
174 159 100
174 158 100
174 157 100
174 156 100
174 155 100
174 154 100
174 153 100
174 152 100
174 151 100
174 150 100
174 149 100
174 148 100
148 53 100
149 53 100
150 53 100
151 53 100
152 53 100
153 53 100
154 53 100
155 53 100
156 53 100
157 53 100
158 53 100
159 53 100
160 53 100
161 53 100
162 53 100
163 53 100
164 53 100
165 53 100
166 53 100
167 53 100
168 53 100
169 53 100
169 53 2450
170 53 100
170 53 2450
171 53 100
171 53 2450
172 53 100
172 53 2450
173 53 100
173 53 2450
142 152 100
143 152 100
144 152 100
145 152 100
146 152 100
147 152 100
148 152 100
149 152 100
150 152 100
151 152 100
152 152 100
153 152 100
154 152 100
155 152 100
156 152 100
157 152 100
158 152 100
159 152 100
160 152 100
161 152 100
162 152 100
163 152 100
164 152 100
165 152 100
166 152 100
167 152 100
168 152 100
169 152 100
170 152 100
171 152 100
172 152 100
173 152 100
56 4 100
57 4 100
58 4 100
59 4 100
60 4 100
61 4 100
62 4 100
63 4 100
64 4 100
65 4 100
66 4 100
67 4 100
68 4 100
69 4 100
70 4 100
71 4 100
72 4 100
73 4 100
74 4 100
75 4 100
76 4 100
77 4 100
78 4 100
79 4 100
80 4 100
81 4 100
82 4 100
83 4 100
84 4 100
84 4 2450
85 4 100
85 4 2450
86 4 100
86 4 2450
87 4 100
87 4 2450
88 4 100
88 4 2450
89 4 100
89 4 2450
90 4 100
90 4 2450
91 4 100
91 4 2450
92 4 100
92 4 2450
93 4 100
93 4 2450
94 4 100
94 4 2450
95 4 100
95 4 2450
96 4 100
96 4 2450
97 4 100
97 4 2450
98 4 100
98 4 2450
99 4 100
99 4 2450
100 4 100
100 4 2450
101 4 100
101 4 2450
102 4 100
102 4 2450
103 4 100
103 4 2450
104 4 100
104 4 2450
105 4 100
105 4 2450
106 4 100
106 4 2450
107 4 100
107 4 2450
108 4 100
108 4 2450
109 4 100
109 4 2450
110 4 100
110 4 2450
111 4 100
111 4 2450
112 4 100
112 4 2450
113 4 100
113 4 2450
114 4 100
114 4 2450
115 4 100
115 4 2450
116 4 100
116 4 2450
117 4 100
117 4 2450
118 4 100
118 4 2450
119 4 100
120 4 100
121 4 100
122 4 100
123 4 100
124 4 100
125 4 100
126 4 100
127 4 100
128 4 100
129 4 100
130 4 100
131 4 100
132 4 100
133 4 100
134 4 100
135 4 100
136 4 100
136 4 2450
137 4 100
137 4 2450
138 4 100
138 4 2450
139 4 100
139 4 2450
140 4 100
140 4 2450
141 4 100
141 4 2450
142 4 100
142 4 2450
143 4 100
143 4 2450
144 4 100
144 4 2450
145 4 100
145 4 2450
146 4 100
146 4 2450
147 4 100
147 4 2450
148 4 100
148 4 2450
149 4 100
149 4 2450
150 4 100
150 4 2450
151 4 100
151 4 2450
152 4 100
152 4 2450
153 4 100
153 4 2450
154 4 100
154 4 2450
155 4 100
155 4 2450
156 4 100
157 4 100
158 4 100
159 4 100
160 4 100
161 4 100
161 4 2450
162 4 100
162 4 2450
163 4 100
163 4 2450
164 4 100
164 4 2450
165 4 100
165 4 2450
166 4 100
166 4 2450
167 4 100
167 4 2450
168 4 100
168 4 2450
169 4 100
169 4 2450
170 4 100
170 4 2450
171 4 100
171 4 2450
172 4 100
172 4 2450
173 4 100
173 4 2450
174 4 100
174 4 2450
174 5 100
174 5 2450
174 6 100
174 6 2450
109 148 100
110 148 100
111 148 100
112 148 100
113 148 100
114 148 100
115 148 100
116 148 100
117 148 100
118 148 100
119 148 100
120 148 100
121 148 100
122 148 100
123 148 100
124 148 100
125 148 100
126 148 100
127 148 100
128 148 100
129 148 100
130 148 100
131 148 100
132 148 100
133 148 100
134 148 100
135 148 100
136 148 100
137 148 100
138 148 100
139 148 100
140 148 100
141 148 100
142 148 100
143 148 100
144 148 100
145 148 100
146 148 100
147 148 100
148 148 100
149 148 100
150 148 100
151 148 100
152 148 100
153 148 100
154 148 100
155 148 100
156 148 100
157 148 100
158 148 100
159 148 100
160 148 100
161 148 100
162 148 100
163 148 100
164 148 100
165 148 100
166 148 100
167 148 100
168 148 100
169 148 100
170 148 100
171 148 100
172 148 100
173 148 100
30 125 100
31 125 100
32 125 100
33 125 100
34 125 100
35 125 100
36 125 100
37 125 100
38 125 100
39 125 100
40 125 100
41 125 100
42 125 100
43 125 100
44 125 100
45 125 100
46 125 100
47 125 100
48 125 100
49 125 100
50 125 100
51 125 100
52 125 100
52 125 2450
53 125 100
53 125 2450
54 125 100
54 125 2450
55 125 100
55 125 2450
56 125 100
56 125 2450
57 125 100
57 125 2450
58 125 100
58 125 2450
59 125 100
59 125 2450
60 125 100
60 125 2450
61 125 100
61 125 2450
62 125 100
62 125 2450
63 125 100
63 125 2450
64 125 100
64 125 2450
65 125 100
65 125 2450
66 125 100
66 125 2450
67 125 100
67 125 2450
68 125 100
68 125 2450
69 125 100
69 125 2450
70 125 100
70 125 2450
71 125 100
71 125 2450
72 125 100
72 125 2450
73 125 100
73 125 2450
74 125 100
74 125 2450
75 125 100
75 125 2450
76 125 100
76 125 2450
77 125 100
77 125 2450
78 125 100
78 125 2450
79 125 100
79 125 2450
80 125 100
81 125 100
82 125 100
82 125 2450
83 125 100
83 125 2450
84 125 100
84 125 2450
85 125 100
85 125 2450
86 125 100
86 125 2450
87 125 100
87 125 2450
88 125 100
88 125 2450
89 125 100
89 125 2450
90 125 100
90 125 2450
91 125 100
91 125 2450
92 125 100
92 125 2450
93 125 100
93 125 2450
94 125 100
94 125 2450
95 125 100
95 125 2450
96 125 100
96 125 2450
97 125 100
97 125 2450
98 125 100
98 125 2450
99 125 100
99 125 2450
100 125 100
100 125 2450
101 125 100
101 125 2450
102 125 100
102 125 2450
103 125 100
103 125 2450
104 125 100
104 125 2450
105 125 100
105 125 2450
106 125 100
106 125 2450
107 125 100
107 125 2450
108 125 100
108 125 2450
109 125 100
109 125 2450
110 125 100
110 125 2450
111 125 100
111 125 2450
112 125 100
112 125 2450
113 125 100
113 125 2450
114 125 100
114 125 2450
115 125 100
115 125 2450
116 125 100
116 125 2450
117 125 100
117 125 2450
118 125 100
118 125 2450
119 125 100
119 125 2450
120 125 100
120 125 2450
121 125 100
121 125 2450
122 125 100
122 125 2450
123 125 100
124 125 100
125 125 100
126 125 100
127 125 100
128 125 100
128 125 2450
129 125 100
129 125 2450
130 125 100
130 125 2450
131 125 100
131 125 2450
132 125 100
132 125 2450
133 125 100
133 125 2450
134 125 100
134 125 2450
135 125 100
135 125 2450
136 125 100
136 125 2450
137 125 100
137 125 2450
138 125 100
138 125 2450
139 125 100
139 125 2450
140 125 100
140 125 2450
141 125 100
141 125 2450
142 125 100
142 125 2450
143 125 100
143 125 2450
144 125 100
144 125 2450
145 125 100
145 125 2450
146 125 100
146 125 2450
147 125 100
147 125 2450
148 125 100
148 125 2450
149 125 100
149 125 2450
150 125 100
150 125 2450
151 125 100
151 125 2450
152 125 100
152 125 2450
153 125 100
153 125 2450
154 125 100
154 125 2450
155 125 100
155 125 2450
156 125 100
156 125 2450
157 125 100
158 125 100
159 125 100
160 125 100
161 125 100
162 125 100
163 125 100
164 125 100
165 125 100
165 125 2450
166 125 100
166 125 2450
167 125 100
167 125 2450
168 125 100
168 125 2450
169 125 100
169 125 2450
170 125 100
170 125 2450
171 125 100
171 125 2450
172 125 100
172 125 2450
173 125 100
173 125 2450
