188 90 100
187 90 100
186 90 100
185 90 100
184 90 100
183 90 100
182 90 100
181 90 100
180 90 100
179 90 100
178 90 100
177 90 100
176 90 100
175 90 100
174 90 100
173 90 100
172 90 100
171 90 100
170 90 100
169 90 100
168 90 100
167 90 100
166 90 100
165 90 100
164 90 100
163 90 100
162 90 100
161 90 100
160 90 100
159 90 100
158 90 100
157 90 100
156 90 100
155 90 100
154 90 100
153 90 100
152 90 100
152 90 2450
151 90 100
151 90 2450
150 90 100
150 90 2450
149 90 100
149 90 2450
148 90 100
148 90 2450
147 90 100
147 90 2450
146 90 100
146 90 2450
145 90 100
145 90 2450
144 90 100
144 90 2450
143 90 100
143 90 2450
142 90 100
142 90 2450
141 90 100
141 90 2450
140 90 100
140 90 2450
139 90 100
139 90 2450
138 90 100
138 90 2450
137 90 100
137 90 2450
136 90 100
136 90 2450
135 90 100
135 90 2450
134 90 100
134 90 2450
133 90 100
132 90 100
131 90 100
130 90 100
129 90 100
128 90 100
127 90 100
126 90 100
125 90 100
124 90 100
123 90 100
122 90 100
121 90 100
120 90 100
119 90 100
118 90 100
117 90 100
116 90 100
115 90 100
114 90 100
113 90 100
112 90 100
111 90 100
110 90 100
109 90 100
108 90 100
107 90 100
106 90 100
105 90 100
104 90 100
103 90 100
102 90 100
101 90 100
100 90 100
99 90 100
98 90 100
97 90 100
96 90 100
95 90 100
94 90 100
93 90 100
92 90 100
91 90 100
90 90 100
89 90 100
88 90 100
88 90 2450
87 90 100
87 90 2450
86 90 100
86 90 2450
85 90 100
85 90 2450
84 90 100
84 90 2450
83 90 100
83 90 2450
82 90 100
82 90 2450
81 90 100
81 90 2450
80 90 100
80 90 2450
79 90 100
79 90 2450
78 90 100
78 90 2450
77 90 100
77 90 2450
76 90 100
76 90 2450
75 90 100
75 90 2450
74 90 100
74 90 2450
73 90 100
73 90 2450
72 90 100
72 90 2450
71 90 100
71 90 2450
71 90 1225
70 90 100
70 90 2450
70 90 1225
69 90 100
69 90 2450
69 90 1225
68 90 100
68 90 2450
68 90 1225
67 90 100
67 90 2450
67 90 1225
66 90 100
66 90 2450
66 90 1225
65 90 100
65 90 2450
65 90 1225
64 90 100
64 90 2450
64 90 1225
64 90 612
64 91 100
64 91 2450
64 91 1225
64 92 100
64 92 2450
64 92 1225
64 93 100
64 93 2450
64 93 1225
64 94 100
64 94 2450
64 94 1225
64 95 100
64 95 2450
64 95 1225
64 96 100
64 96 2450
64 96 1225
64 97 100
64 97 2450
64 97 1225
64 98 100
64 98 2450
64 98 1225
64 99 100
64 99 2450
64 99 1225
64 100 100
64 100 2450
64 100 1225
64 101 100
64 101 2450
64 101 1225
64 102 100
64 102 2450
64 103 100
64 103 2450
64 104 100
64 104 2450
64 105 100
64 105 2450
64 106 100
64 106 2450
64 107 100
64 107 2450
64 108 100
64 108 2450
64 109 100
64 109 2450
64 110 100
64 110 2450
64 111 100
64 111 2450
64 112 100
64 112 2450
64 113 100
64 113 2450
64 114 100
64 114 2450
64 115 100
64 115 2450
64 116 100
64 116 2450
64 117 100
64 117 2450
64 118 100
64 118 2450
64 119 100
64 119 2450
64 120 100
64 121 100
64 122 100
64 123 100
64 124 100
64 125 100
64 126 100
64 127 100
64 128 100
64 129 100
64 130 100
64 131 100
64 132 100
64 133 100
64 134 100
64 135 100
64 136 100
64 137 100
64 138 100
64 139 100
64 140 100
64 141 100
64 142 100
64 143 100
64 144 100
87 11 100
86 11 100
86 11 2450
85 11 100
85 11 2450
84 11 100
84 11 2450
83 11 100
83 11 2450
82 11 100
82 11 2450
81 11 100
81 11 2450
80 11 100
80 11 2450
79 11 100
79 11 2450
78 11 100
78 11 2450
77 11 100
77 11 2450
76 11 100
76 11 2450
75 11 100
75 11 2450
74 11 100
74 11 2450
73 11 100
73 11 2450
72 11 100
72 11 2450
72 11 1225
71 11 100
71 11 2450
71 11 1225
70 11 100
70 11 2450
70 11 1225
69 11 100
69 11 2450
69 11 1225
68 11 100
68 11 2450
68 11 1225
67 11 100
67 11 2450
67 11 1225
66 11 100
66 11 2450
66 11 1225
65 11 100
65 11 2450
65 11 1225
64 11 100
64 11 2450
64 12 100
64 12 2450
64 13 100
64 13 2450
64 14 100
64 14 2450
64 15 100
64 15 2450
64 16 100
64 16 2450
64 17 100
64 17 2450
64 18 100
64 18 2450
64 19 100
64 19 2450
64 20 100
64 20 2450
64 21 100
64 21 2450
64 22 100
64 22 2450
64 23 100
64 23 2450
64 24 100
64 24 2450
64 25 100
64 25 2450
64 26 100
64 26 2450
64 27 100
64 27 2450
64 28 100
64 28 2450
64 29 100
64 29 2450
64 30 100
64 30 2450
64 31 100
64 31 2450
64 32 100
64 32 2450
64 33 100
64 33 2450
64 34 100
64 34 2450
64 35 100
64 35 2450
64 36 100
64 36 2450
64 37 100
64 37 2450
64 38 100
64 38 2450
64 39 100
64 40 100
64 41 100
64 42 100
64 43 100
64 44 100
64 45 100
64 46 100
64 47 100
64 48 100
64 49 100
64 50 100
64 51 100
64 52 100
64 53 100
64 54 100
64 55 100
64 56 100
64 57 100
64 58 100
64 59 100
64 60 100
64 61 100
64 62 100
64 63 100
64 64 100
64 65 100
64 66 100
64 67 100
64 68 100
64 68 2450
64 69 100
64 69 2450
64 70 100
64 70 2450
64 71 100
64 71 2450
64 72 100
64 72 2450
64 73 100
64 73 2450
64 74 100
64 74 2450
64 75 100
64 75 2450
64 76 100
64 76 2450
64 77 100
64 77 2450
64 78 100
64 78 2450
64 79 100
64 79 2450
64 80 100
64 80 2450
64 81 100
64 81 2450
64 82 100
64 82 2450
64 83 100
64 83 2450
64 84 100
64 84 2450
64 84 1225
64 85 100
64 85 2450
64 85 1225
64 86 100
64 86 2450
64 86 1225
64 87 100
64 87 2450
64 87 1225
64 88 100
64 88 2450
64 88 1225
64 88 612
64 89 100
64 89 2450
64 89 1225
64 89 612
135 72 100
134 72 100
133 72 100
132 72 100
131 72 100
130 72 100
129 72 100
128 72 100
127 72 100
126 72 100
125 72 100
124 72 100
123 72 100
122 72 100
121 72 100
120 72 100
119 72 100
119 72 2450
118 72 100
118 72 2450
117 72 100
117 72 2450
116 72 100
116 72 2450
115 72 100
115 72 2450
114 72 100
114 72 2450
113 72 100
113 72 2450
112 72 100
112 72 2450
111 72 100
111 72 2450
110 72 100
110 72 2450
109 72 100
109 72 2450
108 72 100
107 72 100
106 72 100
105 72 100
104 72 100
103 72 100
102 72 100
101 72 100
100 72 100
99 72 100
98 72 100
98 72 2450
97 72 100
97 72 2450
96 72 100
96 72 2450
95 72 100
95 72 2450
94 72 100
94 72 2450
93 72 100
93 72 2450
92 72 100
92 72 2450
91 72 100
91 72 2450
90 72 100
90 72 2450
89 72 100
89 72 2450
88 72 100
88 72 2450
87 72 100
87 72 2450
86 72 100
86 72 2450
85 72 100
85 72 2450
84 72 100
84 72 2450
83 72 100
83 72 2450
82 72 100
82 72 2450
81 72 100
81 72 2450
80 72 100
80 72 2450
79 72 100
79 72 2450
78 72 100
78 72 2450
77 72 100
77 72 2450
76 72 100
76 72 2450
75 72 100
75 72 2450
74 72 100
74 72 2450
73 72 100
73 72 2450
72 72 100
72 72 2450
71 72 100
71 72 2450
70 72 100
70 72 2450
69 72 100
69 72 2450
68 72 100
68 72 2450
67 72 100
67 72 2450
66 72 100
66 72 2450
65 72 100
65 72 2450
62 66 100
63 66 100
105 102 100
104 102 100
103 102 100
102 102 100
101 102 100
100 102 100
99 102 100
98 102 100
97 102 100
96 102 100
95 102 100
94 102 100
93 102 100
92 102 100
91 102 100
90 102 100
89 102 100
89 102 2450
88 102 100
88 102 2450
87 102 100
87 102 2450
86 102 100
86 102 2450
85 102 100
85 102 2450
84 102 100
84 102 2450
83 102 100
83 102 2450
82 102 100
82 102 2450
81 102 100
81 102 2450
80 102 100
80 102 2450
79 102 100
79 102 2450
78 102 100
78 102 2450
77 102 100
77 102 2450
76 102 100
76 102 2450
75 102 100
75 102 2450
74 102 100
74 102 2450
73 102 100
73 102 2450
72 102 100
72 102 2450
71 102 100
71 102 2450
71 102 1225
70 102 100
70 102 2450
70 102 1225
69 102 100
69 102 2450
69 102 1225
68 102 100
68 102 2450
68 102 1225
67 102 100
67 102 2450
67 102 1225
66 102 100
66 102 2450
66 102 1225
65 102 100
65 102 2450
133 136 100
132 136 100
131 136 100
130 136 100
129 136 100
128 136 100
127 136 100
126 136 100
125 136 100
124 136 100
123 136 100
122 136 100
121 136 100
120 136 100
119 136 100
118 136 100
117 136 100
116 136 100
115 136 100
114 136 100
113 136 100
112 136 100
111 136 100
110 136 100
109 136 100
108 136 100
107 136 100
106 136 100
105 136 100
104 136 100
103 136 100
102 136 100
101 136 100
100 136 100
99 136 100
98 136 100
97 136 100
96 136 100
95 136 100
94 136 100
93 136 100
92 136 100
91 136 100
90 136 100
89 136 100
88 136 100
88 136 2450
87 136 100
87 136 2450
86 136 100
86 136 2450
85 136 100
85 136 2450
84 136 100
84 136 2450
83 136 100
83 136 2450
82 136 100
82 136 2450
81 136 100
81 136 2450
80 136 100
80 136 2450
79 136 100
78 136 100
77 136 100
76 136 100
75 136 100
74 136 100
73 136 100
72 136 100
71 136 100
70 136 100
69 136 100
68 136 100
67 136 100
66 136 100
65 136 100
41 4 100
42 4 100
43 4 100
44 4 100
45 4 100
46 4 100
46 4 2450
47 4 100
47 4 2450
48 4 100
48 4 2450
49 4 100
49 4 2450
50 4 100
50 4 2450
51 4 100
51 4 2450
52 4 100
52 4 2450
53 4 100
53 4 2450
54 4 100
54 4 2450
55 4 100
55 4 2450
56 4 100
56 4 2450
57 4 100
57 4 2450
58 4 100
58 4 2450
59 4 100
59 4 2450
60 4 100
60 4 2450
61 4 100
61 4 2450
62 4 100
62 4 2450
63 4 100
63 4 2450
64 4 100
64 4 2450
64 5 100
64 5 2450
64 6 100
64 6 2450
64 7 100
64 7 2450
64 8 100
64 8 2450
64 9 100
64 9 2450
64 9 1225
64 10 100
64 10 2450
64 10 1225
