174 186 100
173 186 100
172 186 100
171 186 100
170 186 100
169 186 100
169 186 2450
168 186 100
168 186 2450
167 186 100
167 186 2450
166 186 100
166 186 2450
165 186 100
165 186 2450
164 186 100
164 186 2450
163 186 100
163 186 2450
162 186 100
162 186 2450
161 186 100
161 186 2450
160 186 100
160 186 2450
159 186 100
158 186 100
157 186 100
156 186 100
155 186 100
154 186 100
153 186 100
152 186 100
151 186 100
150 186 100
149 186 100
148 186 100
147 186 100
146 186 100
145 186 100
144 186 100
143 186 100
142 186 100
141 186 100
140 186 100
139 186 100
138 186 100
137 186 100
136 186 100
135 186 100
134 186 100
133 186 100
132 186 100
131 186 100
130 186 100
130 186 2450
129 186 100
129 186 2450
128 186 100
128 186 2450
127 186 100
127 186 2450
126 186 100
126 186 2450
125 186 100
124 186 100
123 186 100
122 186 100
121 186 100
120 186 100
119 186 100
118 186 100
117 186 100
116 186 100
115 186 100
114 186 100
113 186 100
112 186 100
111 186 100
110 186 100
109 186 100
108 186 100
107 186 100
107 186 2450
106 186 100
106 186 2450
105 186 100
105 186 2450
104 186 100
104 186 2450
103 186 100
103 186 2450
102 186 100
102 186 2450
101 186 100
101 186 2450
100 186 100
100 186 2450
99 186 100
99 186 2450
98 186 100
98 186 2450
97 186 100
97 186 2450
96 186 100
96 186 2450
95 186 100
95 186 2450
94 186 100
94 186 2450
93 186 100
93 186 2450
92 186 100
92 186 2450
91 186 100
90 186 100
89 186 100
88 186 100
87 186 100
86 186 100
85 186 100
84 186 100
83 186 100
83 186 2450
82 186 100
82 186 2450
81 186 100
81 186 2450
80 186 100
80 186 2450
79 186 100
79 186 2450
78 186 100
78 186 2450
77 186 100
77 186 2450
76 186 100
76 186 2450
75 186 100
75 186 2450
74 186 100
74 186 2450
73 186 100
73 186 2450
72 186 100
72 186 2450
71 186 100
71 186 2450
70 186 100
70 186 2450
69 186 100
69 186 2450
68 186 100
68 186 2450
67 186 100
67 186 2450
66 186 100
66 186 2450
65 186 100
65 186 2450
64 186 100
64 186 2450
63 186 100
63 186 2450
62 186 100
62 186 2450
61 186 100
61 186 2450
60 186 100
59 186 100
58 186 100
57 186 100
56 186 100
55 186 100
54 186 100
53 186 100
53 185 100
53 184 100
53 183 100
53 182 100
53 181 100
53 181 2450
53 180 100
53 180 2450
53 179 100
53 179 2450
53 178 100
53 178 2450
53 177 100
53 177 2450
53 176 100
53 176 2450
53 175 100
53 175 2450
53 174 100
53 174 2450
53 173 100
53 173 2450
53 172 100
53 172 2450
53 171 100
53 171 2450
53 170 100
53 170 2450
53 170 1225
53 169 100
53 169 2450
53 169 1225
53 168 100
53 168 2450
53 167 100
53 167 2450
53 166 100
53 166 2450
53 165 100
53 165 2450
53 164 100
53 164 2450
53 163 100
53 163 2450
53 162 100
53 162 2450
53 161 100
53 161 2450
53 160 100
53 160 2450
53 159 100
53 159 2450
53 158 100
53 158 2450
53 157 100
53 157 2450
53 156 100
53 155 100
53 154 100
53 153 100
53 152 100
53 151 100
53 150 100
53 149 100
53 148 100
53 147 100
53 146 100
53 145 100
53 144 100
53 143 100
53 142 100
53 141 100
53 140 100
53 139 100
53 138 100
53 137 100
53 136 100
53 135 100
53 134 100
53 133 100
53 132 100
53 131 100
53 130 100
53 129 100
53 128 100
53 128 2450
53 127 100
53 127 2450
53 126 100
53 126 2450
53 125 100
53 125 2450
53 124 100
53 124 2450
53 123 100
53 123 2450
53 122 100
53 122 2450
53 121 100
53 121 2450
53 120 100
53 120 2450
53 119 100
53 119 2450
53 118 100
53 118 2450
53 117 100
53 117 2450
53 116 100
53 116 2450
53 115 100
53 115 2450
53 114 100
53 114 2450
53 114 1225
53 113 100
53 113 2450
53 113 1225
53 112 100
53 112 2450
53 112 1225
53 111 100
53 111 2450
53 111 1225
53 110 100
53 110 2450
53 110 1225
53 109 100
53 109 2450
53 109 1225
53 108 100
53 108 2450
53 107 100
53 107 2450
53 106 100
53 106 2450
53 105 100
53 105 2450
53 104 100
53 104 2450
53 103 100
53 103 2450
53 102 100
53 102 2450
53 101 100
53 101 2450
53 100 100
53 100 2450
53 99 100
53 99 2450
53 98 100
53 98 2450
53 97 100
53 97 2450
53 96 100
53 95 100
53 94 100
53 93 100
53 92 100
53 91 100
53 90 100
53 89 100
53 88 100
53 87 100
53 86 100
53 85 100
53 84 100
53 83 100
53 82 100
53 81 100
53 80 100
53 79 100
53 78 100
53 77 100
53 76 100
53 75 100
53 74 100
53 73 100
22 35 100
23 35 100
24 35 100
25 35 100
26 35 100
27 35 100
28 35 100
29 35 100
30 35 100
31 35 100
32 35 100
33 35 100
34 35 100
35 35 100
36 35 100
37 35 100
38 35 100
39 35 100
40 35 100
41 35 100
42 35 100
43 35 100
44 35 100
45 35 100
46 35 100
47 35 100
48 35 100
49 35 100
50 35 100
51 35 100
51 35 2450
52 35 100
52 35 2450
53 35 100
53 35 2450
53 36 100
53 37 100
53 38 100
53 39 100
53 40 100
53 41 100
53 42 100
53 43 100
53 44 100
53 45 100
53 45 2450
53 46 100
53 46 2450
53 47 100
53 47 2450
53 48 100
53 48 2450
53 49 100
53 49 2450
53 50 100
53 50 2450
53 51 100
53 51 2450
53 52 100
53 52 2450
53 53 100
53 53 2450
53 54 100
53 54 2450
53 55 100
53 55 2450
53 56 100
53 56 2450
53 57 100
53 57 2450
53 58 100
53 58 2450
53 59 100
53 59 2450
53 60 100
53 60 2450
53 61 100
53 61 2450
53 62 100
53 62 2450
53 63 100
53 63 2450
53 64 100
53 64 2450
53 65 100
53 65 2450
53 66 100
53 66 2450
53 67 100
53 67 2450
53 68 100
53 69 100
53 70 100
53 71 100
53 72 100
181 94 100
180 94 100
179 94 100
178 94 100
177 94 100
176 94 100
175 94 100
174 94 100
173 94 100
172 94 100
171 94 100
170 94 100
169 94 100
168 94 100
168 94 2450
167 94 100
167 94 2450
166 94 100
166 94 2450
165 94 100
165 94 2450
164 94 100
164 94 2450
163 94 100
163 94 2450
162 94 100
162 94 2450
161 94 100
161 94 2450
160 94 100
160 94 2450
159 94 100
159 94 2450
158 94 100
158 94 2450
157 94 100
157 94 2450
156 94 100
156 94 2450
155 94 100
155 94 2450
154 94 100
154 94 2450
153 94 100
153 94 2450
152 94 100
152 94 2450
151 94 100
151 94 2450
150 94 100
150 94 2450
149 94 100
149 94 2450
148 94 100
148 94 2450
147 94 100
147 94 2450
146 94 100
146 94 2450
145 94 100
145 94 2450
144 94 100
144 94 2450
143 94 100
143 94 2450
142 94 100
142 94 2450
141 94 100
141 94 2450
140 94 100
140 94 2450
139 94 100
139 94 2450
138 94 100
138 94 2450
137 94 100
137 94 2450
136 94 100
136 94 2450
135 94 100
134 94 100
133 94 100
132 94 100
131 94 100
130 94 100
129 94 100
128 94 100
127 94 100
126 94 100
125 94 100
124 94 100
123 94 100
122 94 100
121 94 100
120 94 100
119 94 100
118 94 100
117 94 100
116 94 100
115 94 100
114 94 100
113 94 100
112 94 100
111 94 100
110 94 100
109 94 100
108 94 100
107 94 100
107 94 2450
106 94 100
106 94 2450
105 94 100
105 94 2450
104 94 100
104 94 2450
103 94 100
103 94 2450
102 94 100
102 94 2450
101 94 100
101 94 2450
100 94 100
100 94 2450
99 94 100
99 94 2450
98 94 100
98 94 2450
97 94 100
97 94 2450
96 94 100
96 94 2450
95 94 100
95 94 2450
94 94 100
94 94 2450
93 94 100
93 94 2450
92 94 100
92 94 2450
91 94 100
91 94 2450
90 94 100
89 94 100
88 94 100
87 94 100
86 94 100
85 94 100
84 94 100
83 94 100
82 94 100
81 94 100
80 94 100
79 94 100
78 94 100
77 94 100
77 94 2450
76 94 100
76 94 2450
75 94 100
75 94 2450
74 94 100
74 94 2450
73 94 100
73 94 2450
72 94 100
72 94 2450
71 94 100
71 94 2450
70 94 100
70 94 2450
69 94 100
69 94 2450
68 94 100
68 94 2450
67 94 100
67 94 2450
66 94 100
66 94 2450
65 94 100
65 94 2450
64 94 100
63 94 100
62 94 100
61 94 100
60 94 100
59 94 100
58 94 100
57 94 100
56 94 100
55 94 100
54 94 100
130 194 100
129 194 100
128 194 100
127 194 100
126 194 100
125 194 100
124 194 100
123 194 100
122 194 100
121 194 100
120 194 100
119 194 100
118 194 100
117 194 100
116 194 100
115 194 100
114 194 100
113 194 100
112 194 100
111 194 100
110 194 100
109 194 100
108 194 100
107 194 100
106 194 100
105 194 100
104 194 100
103 194 100
102 194 100
101 194 100
100 194 100
99 194 100
98 194 100
97 194 100
96 194 100
95 194 100
94 194 100
93 194 100
92 194 100
91 194 100
90 194 100
90 194 2450
89 194 100
89 194 2450
88 194 100
88 194 2450
87 194 100
87 194 2450
86 194 100
86 194 2450
85 194 100
85 194 2450
84 194 100
84 194 2450
83 194 100
83 194 2450
82 194 100
82 194 2450
81 194 100
81 194 2450
80 194 100
80 194 2450
79 194 100
79 194 2450
78 194 100
78 194 2450
77 194 100
77 194 2450
76 194 100
76 194 2450
75 194 100
75 194 2450
75 194 1225
74 194 100
74 194 2450
74 194 1225
73 194 100
73 194 2450
73 194 1225
72 194 100
72 194 2450
71 194 100
71 194 2450
70 194 100
70 194 2450
69 194 100
69 194 2450
68 194 100
68 194 2450
67 194 100
67 194 2450
66 194 100
66 194 2450
65 194 100
65 194 2450
64 194 100
63 194 100
62 194 100
61 194 100
60 194 100
59 194 100
58 194 100
57 194 100
56 194 100
55 194 100
54 194 100
53 194 100
53 193 100
53 192 100
53 191 100
53 190 100
53 189 100
53 188 100
53 187 100
109 152 100
108 152 100
108 152 2450
107 152 100
107 152 2450
106 152 100
106 152 2450
105 152 100
105 152 2450
104 152 100
104 152 2450
103 152 100
103 152 2450
102 152 100
102 152 2450
101 152 100
101 152 2450
100 152 100
100 152 2450
99 152 100
99 152 2450
98 152 100
97 152 100
96 152 100
95 152 100
94 152 100
93 152 100
92 152 100
91 152 100
90 152 100
89 152 100
88 152 100
87 152 100
86 152 100
85 152 100
84 152 100
83 152 100
82 152 100
81 152 100
80 152 100
79 152 100
78 152 100
78 152 2450
77 152 100
77 152 2450
76 152 100
76 152 2450
75 152 100
75 152 2450
74 152 100
74 152 2450
73 152 100
73 152 2450
72 152 100
72 152 2450
71 152 100
71 152 2450
70 152 100
70 152 2450
69 152 100
69 152 2450
68 152 100
68 152 2450
67 152 100
67 152 2450
66 152 100
66 152 2450
65 152 100
64 152 100
63 152 100
62 152 100
61 152 100
60 152 100
59 152 100
58 152 100
57 152 100
56 152 100
55 152 100
54 152 100
