123 147 100
122 147 100
121 147 100
120 147 100
119 147 100
118 147 100
117 147 100
116 147 100
115 147 100
114 147 100
113 147 100
112 147 100
111 147 100
110 147 100
109 147 100
108 147 100
108 147 2450
107 147 100
107 147 2450
106 147 100
106 147 2450
105 147 100
105 147 2450
104 147 100
104 147 2450
103 147 100
103 147 2450
102 147 100
102 147 2450
101 147 100
101 147 2450
100 147 100
100 147 2450
99 147 100
99 147 2450
98 147 100
98 147 2450
97 147 100
97 147 2450
96 147 100
96 147 2450
95 147 100
95 147 2450
94 147 100
94 147 2450
93 147 100
93 147 2450
92 147 100
92 147 2450
91 147 100
91 147 2450
90 147 100
90 147 2450
89 147 100
89 147 2450
88 147 100
88 147 2450
87 147 100
87 147 2450
86 147 100
86 147 2450
85 147 100
85 147 2450
84 147 100
84 147 2450
83 147 100
83 147 2450
82 147 100
82 147 2450
81 147 100
80 147 100
79 147 100
78 147 100
77 147 100
76 147 100
75 147 100
74 147 100
73 147 100
72 147 100
71 147 100
70 147 100
69 147 100
68 147 100
67 147 100
66 147 100
65 147 100
64 147 100
63 147 100
62 147 100
61 147 100
60 147 100
59 147 100
58 147 100
57 147 100
56 147 100
55 147 100
54 147 100
53 147 100
52 147 100
51 147 100
50 147 100
49 147 100
48 147 100
47 147 100
46 147 100
45 147 100
44 147 100
43 147 100
42 147 100
41 147 100
40 147 100
39 147 100
38 147 100
37 147 100
36 147 100
35 147 100
34 147 100
33 147 100
32 147 100
31 147 100
30 147 100
29 147 100
28 147 100
27 147 100
26 147 100
25 147 100
24 147 100
23 147 100
22 147 100
21 147 100
20 147 100
19 147 100
18 147 100
17 147 100
16 147 100
16 147 2450
15 147 100
15 147 2450
14 147 100
14 147 2450
13 147 100
13 147 2450
12 147 100
12 147 2450
12 148 100
12 148 2450
12 149 100
12 149 2450
12 150 100
12 150 2450
12 151 100
12 151 2450
12 152 100
12 152 2450
12 153 100
12 153 2450
12 154 100
12 154 2450
12 155 100
12 155 2450
12 156 100
12 156 2450
12 157 100
12 157 2450
12 158 100
12 158 2450
12 159 100
12 159 2450
12 160 100
12 160 2450
12 161 100
12 161 2450
12 162 100
12 162 2450
12 163 100
12 163 2450
12 163 1225
12 164 100
12 164 2450
12 164 1225
12 165 100
12 165 2450
12 165 1225
12 166 100
12 166 2450
12 166 1225
12 167 100
12 167 2450
12 168 100
12 168 2450
12 169 100
12 169 2450
12 170 100
12 170 2450
12 171 100
12 171 2450
12 172 100
12 172 2450
12 173 100
12 173 2450
12 174 100
12 174 2450
12 175 100
12 175 2450
12 176 100
12 176 2450
12 177 100
12 177 2450
12 178 100
12 178 2450
12 179 100
12 179 2450
12 180 100
12 180 2450
12 181 100
12 181 2450
12 182 100
12 182 2450
12 183 100
12 183 2450
12 184 100
12 184 2450
12 185 100
12 185 2450
12 186 100
12 186 2450
12 187 100
12 187 2450
12 188 100
12 189 100
12 190 100
12 191 100
12 192 100
12 193 100
12 194 100
12 195 100
12 196 100
12 197 100
12 198 100
12 199 100
25 69 100
24 69 100
23 69 100
22 69 100
21 69 100
20 69 100
19 69 100
18 69 100
17 69 100
16 69 100
15 69 100
14 69 100
13 69 100
13 69 2450
12 69 100
12 69 2450
12 70 100
12 70 2450
12 71 100
12 71 2450
12 72 100
12 73 100
12 74 100
12 75 100
12 76 100
12 77 100
12 78 100
12 79 100
12 80 100
12 81 100
12 82 100
12 83 100
12 84 100
12 85 100
12 86 100
12 87 100
12 87 2450
12 88 100
12 88 2450
12 89 100
12 89 2450
12 90 100
12 90 2450
12 91 100
12 91 2450
12 92 100
12 92 2450
12 93 100
12 93 2450
12 94 100
12 94 2450
12 95 100
12 95 2450
12 96 100
12 96 2450
12 97 100
12 97 2450
12 98 100
12 98 2450
12 99 100
12 99 2450
12 99 1225
12 100 100
12 100 2450
12 100 1225
12 101 100
12 101 2450
12 101 1225
12 101 612
12 102 100
12 102 2450
12 102 1225
12 102 612
12 103 100
12 103 2450
12 103 1225
12 103 612
12 104 100
12 104 2450
12 104 1225
12 104 612
12 105 100
12 105 2450
12 105 1225
12 105 612
12 106 100
12 106 2450
12 106 1225
12 106 612
12 107 100
12 107 2450
12 107 1225
12 107 612
12 108 100
12 108 2450
12 108 1225
12 108 612
12 109 100
12 109 2450
12 109 1225
12 110 100
12 110 2450
12 110 1225
12 111 100
12 111 2450
12 111 1225
12 112 100
12 112 2450
12 112 1225
12 113 100
12 113 2450
12 113 1225
12 114 100
12 114 2450
12 114 1225
12 115 100
12 115 2450
12 116 100
12 116 2450
12 117 100
12 117 2450
12 118 100
12 118 2450
12 119 100
12 119 2450
12 120 100
12 120 2450
12 121 100
12 121 2450
12 122 100
12 122 2450
12 123 100
12 123 2450
12 124 100
12 124 2450
12 125 100
12 125 2450
12 126 100
12 126 2450
12 127 100
12 127 2450
12 128 100
12 128 2450
12 129 100
12 130 100
12 131 100
12 132 100
12 133 100
12 134 100
12 135 100
12 136 100
12 136 2450
12 137 100
12 137 2450
12 138 100
12 138 2450
12 139 100
12 139 2450
12 140 100
12 140 2450
12 141 100
12 141 2450
12 142 100
12 142 2450
12 143 100
12 143 2450
12 144 100
12 144 2450
12 145 100
12 145 2450
12 146 100
12 146 2450
10 33 100
11 33 100
12 33 100
12 34 100
12 35 100
12 36 100
12 37 100
12 38 100
12 38 2450
12 39 100
12 39 2450
12 40 100
12 40 2450
12 41 100
12 41 2450
12 42 100
12 42 2450
12 43 100
12 43 2450
12 44 100
12 44 2450
12 45 100
12 45 2450
12 46 100
12 46 2450
12 47 100
12 47 2450
12 48 100
12 48 2450
12 49 100
12 49 2450
12 50 100
12 50 2450
12 51 100
12 51 2450
12 52 100
12 52 2450
12 53 100
12 53 2450
12 54 100
12 54 2450
12 55 100
12 55 2450
12 56 100
12 56 2450
12 57 100
12 57 2450
12 58 100
12 58 2450
12 59 100
12 59 2450
12 60 100
12 60 2450
12 61 100
12 61 2450
12 62 100
12 62 2450
12 63 100
12 63 2450
12 64 100
12 64 2450
12 65 100
12 65 2450
12 66 100
12 66 2450
12 67 100
12 67 2450
12 68 100
12 68 2450
60 199 100
59 199 100
58 199 100
57 199 100
56 199 100
55 199 100
54 199 100
53 199 100
52 199 100
51 199 100
50 199 100
49 199 100
48 199 100
47 199 100
46 199 100
45 199 100
44 199 100
43 199 100
42 199 100
41 199 100
40 199 100
39 199 100
38 199 100
37 199 100
36 199 100
35 199 100
34 199 100
33 199 100
32 199 100
31 199 100
30 199 100
29 199 100
28 199 100
27 199 100
27 199 2450
26 199 100
26 199 2450
25 199 100
25 199 2450
24 199 100
24 199 2450
23 199 100
23 199 2450
22 199 100
22 199 2450
21 199 100
21 199 2450
20 199 100
20 199 2450
19 199 100
19 199 2450
18 199 100
18 199 2450
17 199 100
17 199 2450
16 199 100
16 199 2450
15 199 100
15 199 2450
14 199 100
14 199 2450
13 199 100
159 85 100
158 85 100
157 85 100
156 85 100
155 85 100
154 85 100
153 85 100
152 85 100
151 85 100
150 85 100
149 85 100
148 85 100
147 85 100
146 85 100
145 85 100
144 85 100
143 85 100
142 85 100
141 85 100
140 85 100
139 85 100
138 85 100
137 85 100
136 85 100
135 85 100
134 85 100
133 85 100
132 85 100
131 85 100
130 85 100
129 85 100
128 85 100
127 85 100
126 85 100
125 85 100
124 85 100
123 85 100
122 85 100
121 85 100
120 85 100
119 85 100
118 85 100
117 85 100
116 85 100
115 85 100
114 85 100
113 85 100
112 85 100
111 85 100
110 85 100
109 85 100
108 85 100
107 85 100
106 85 100
105 85 100
104 85 100
103 85 100
102 85 100
101 85 100
100 85 100
99 85 100
99 85 2450
98 85 100
98 85 2450
97 85 100
97 85 2450
96 85 100
96 85 2450
95 85 100
95 85 2450
94 85 100
94 85 2450
93 85 100
93 85 2450
92 85 100
92 85 2450
91 85 100
91 85 2450
90 85 100
90 85 2450
90 85 1225
89 85 100
89 85 2450
89 85 1225
88 85 100
88 85 2450
88 85 1225
87 85 100
87 85 2450
87 85 1225
86 85 100
86 85 2450
86 85 1225
86 85 612
85 85 100
85 85 2450
85 85 1225
85 85 612
84 85 100
84 85 2450
84 85 1225
84 85 612
83 85 100
83 85 2450
83 85 1225
83 85 612
82 85 100
82 85 2450
82 85 1225
82 85 612
82 85 306
81 85 100
81 85 2450
81 85 1225
81 85 612
81 85 306
80 85 100
80 85 2450
80 85 1225
80 85 612
79 85 100
79 85 2450
79 85 1225
79 85 612
78 85 100
78 85 2450
78 85 1225
78 85 612
77 85 100
77 85 2450
77 85 1225
77 85 612
76 85 100
76 85 2450
76 85 1225
75 85 100
75 85 2450
75 85 1225
74 85 100
74 85 2450
74 85 1225
73 85 100
73 85 2450
72 85 100
72 85 2450
71 85 100
71 85 2450
70 85 100
70 85 2450
69 85 100
69 85 2450
68 85 100
68 85 2450
67 85 100
67 85 2450
66 85 100
66 85 2450
65 85 100
65 85 2450
64 85 100
64 85 2450
63 85 100
63 85 2450
62 85 100
62 85 2450
61 85 100
61 85 2450
60 85 100
60 85 2450
59 85 100
59 85 2450
58 85 100
58 85 2450
57 85 100
57 85 2450
56 85 100
56 85 2450
55 85 100
55 85 2450
54 85 100
54 85 2450
53 85 100
53 85 2450
52 85 100
52 85 2450
51 85 100
51 85 2450
50 85 100
50 85 2450
49 85 100
48 85 100
47 85 100
46 85 100
45 85 100
44 85 100
43 85 100
42 85 100
41 85 100
40 85 100
39 85 100
38 85 100
37 85 100
36 85 100
35 85 100
34 85 100
33 85 100
32 85 100
31 85 100
31 85 2450
30 85 100
30 85 2450
29 85 100
29 85 2450
28 85 100
28 85 2450
27 85 100
27 85 2450
26 85 100
25 85 100
24 85 100
23 85 100
22 85 100
21 85 100
20 85 100
19 85 100
18 85 100
17 85 100
16 85 100
15 85 100
14 85 100
13 85 100
25 177 100
25 177 2450
24 177 100
24 177 2450
23 177 100
23 177 2450
22 177 100
22 177 2450
21 177 100
21 177 2450
20 177 100
20 177 2450
19 177 100
19 177 2450
18 177 100
18 177 2450
17 177 100
17 177 2450
16 177 100
16 177 2450
15 177 100
15 177 2450
14 177 100
14 177 2450
13 177 100
13 177 2450
73 150 100
72 150 100
71 150 100
70 150 100
69 150 100
68 150 100
67 150 100
66 150 100
65 150 100
64 150 100
63 150 100
62 150 100
61 150 100
60 150 100
59 150 100
58 150 100
57 150 100
56 150 100
55 150 100
54 150 100
53 150 100
52 150 100
51 150 100
50 150 100
49 150 100
48 150 100
47 150 100
46 150 100
45 150 100
44 150 100
43 150 100
42 150 100
41 150 100
40 150 100
39 150 100
38 150 100
37 150 100
36 150 100
35 150 100
34 150 100
33 150 100
32 150 100
31 150 100
30 150 100
29 150 100
28 150 100
27 150 100
26 150 100
25 150 100
24 150 100
23 150 100
22 150 100
21 150 100
20 150 100
19 150 100
19 150 2450
18 150 100
18 150 2450
17 150 100
17 150 2450
16 150 100
16 150 2450
15 150 100
15 150 2450
14 150 100
14 150 2450
13 150 100
13 150 2450
52 10 100
51 10 100
50 10 100
49 10 100
48 10 100
47 10 100
46 10 100
45 10 100
44 10 100
43 10 100
42 10 100
41 10 100
40 10 100
39 10 100
38 10 100
37 10 100
36 10 100
35 10 100
34 10 100
33 10 100
32 10 100
31 10 100
30 10 100
29 10 100
28 10 100
27 10 100
26 10 100
25 10 100
24 10 100
23 10 100
22 10 100
21 10 100
20 10 100
19 10 100
18 10 100
17 10 100
16 10 100
15 10 100
14 10 100
13 10 100
12 10 100
12 11 100
12 12 100
12 13 100
12 14 100
12 15 100
12 16 100
12 17 100
12 18 100
12 19 100
12 20 100
12 21 100
12 22 100
12 23 100
12 24 100
12 25 100
12 26 100
12 27 100
12 28 100
12 29 100
12 30 100
12 31 100
12 32 100
53 166 100
52 166 100
51 166 100
50 166 100
49 166 100
48 166 100
47 166 100
46 166 100
45 166 100
44 166 100
43 166 100
42 166 100
41 166 100
40 166 100
39 166 100
38 166 100
37 166 100
36 166 100
35 166 100
34 166 100
34 166 2450
33 166 100
33 166 2450
32 166 100
32 166 2450
31 166 100
31 166 2450
30 166 100
30 166 2450
29 166 100
29 166 2450
28 166 100
28 166 2450
27 166 100
27 166 2450
26 166 100
26 166 2450
25 166 100
25 166 2450
24 166 100
24 166 2450
23 166 100
23 166 2450
22 166 100
22 166 2450
21 166 100
21 166 2450
20 166 100
20 166 2450
19 166 100
19 166 2450
18 166 100
18 166 2450
17 166 100
17 166 2450
17 166 1225
16 166 100
16 166 2450
16 166 1225
15 166 100
15 166 2450
15 166 1225
14 166 100
14 166 2450
14 166 1225
13 166 100
13 166 2450
13 166 1225
