184 18 100
183 18 100
182 18 100
181 18 100
180 18 100
179 18 100
178 18 100
177 18 100
176 18 100
175 18 100
174 18 100
174 18 2450
173 18 100
173 18 2450
172 18 100
172 18 2450
171 18 100
171 18 2450
170 18 100
170 18 2450
169 18 100
169 18 2450
168 18 100
168 18 2450
167 18 100
167 18 2450
166 18 100
166 18 2450
165 18 100
165 18 2450
164 18 100
164 18 2450
163 18 100
163 18 2450
162 18 100
162 18 2450
161 18 100
161 18 2450
160 18 100
160 18 2450
159 18 100
159 18 2450
158 18 100
158 18 2450
157 18 100
157 18 2450
156 18 100
156 18 2450
155 18 100
155 18 2450
154 18 100
154 18 2450
153 18 100
153 18 2450
152 18 100
152 18 2450
151 18 100
151 18 2450
150 18 100
150 18 2450
149 18 100
149 18 2450
148 18 100
148 18 2450
147 18 100
147 18 2450
146 18 100
146 18 2450
146 18 1225
145 18 100
145 18 2450
145 18 1225
144 18 100
144 18 2450
144 18 1225
143 18 100
143 18 2450
143 18 1225
142 18 100
142 18 2450
142 18 1225
141 18 100
141 18 2450
141 18 1225
140 18 100
140 18 2450
140 18 1225
140 19 100
140 19 2450
140 19 1225
140 20 100
140 20 2450
140 20 1225
140 21 100
140 21 2450
140 21 1225
140 22 100
140 22 2450
140 22 1225
140 23 100
140 23 2450
140 23 1225
140 24 100
140 24 2450
140 24 1225
140 25 100
140 25 2450
140 26 100
140 26 2450
140 27 100
140 27 2450
140 28 100
140 28 2450
140 29 100
140 29 2450
140 30 100
140 30 2450
140 31 100
140 31 2450
140 32 100
140 32 2450
140 33 100
140 33 2450
140 34 100
140 34 2450
140 35 100
140 35 2450
140 36 100
140 36 2450
140 37 100
140 37 2450
140 38 100
140 39 100
140 40 100
140 41 100
140 42 100
140 43 100
140 44 100
140 45 100
140 46 100
140 47 100
140 48 100
140 48 2450
140 49 100
140 49 2450
140 50 100
140 50 2450
140 51 100
140 51 2450
140 52 100
140 52 2450
140 53 100
140 53 2450
140 54 100
140 54 2450
140 55 100
140 55 2450
140 56 100
140 56 2450
140 57 100
140 57 2450
140 58 100
140 58 2450
140 59 100
140 59 2450
140 59 1225
140 60 100
140 60 2450
140 60 1225
140 61 100
140 61 2450
140 61 1225
140 62 100
140 62 2450
140 62 1225
140 62 612
140 63 100
140 63 2450
140 63 1225
140 63 612
140 64 100
140 64 2450
140 64 1225
140 64 612
140 65 100
140 65 2450
140 65 1225
140 65 612
140 66 100
140 66 2450
140 66 1225
140 66 612
140 67 100
140 67 2450
140 67 1225
140 67 612
140 68 100
140 68 2450
140 68 1225
140 68 612
140 69 100
140 69 2450
140 69 1225
140 69 612
140 70 100
140 70 2450
140 70 1225
140 71 100
140 71 2450
140 71 1225
140 72 100
140 72 2450
140 72 1225
140 73 100
140 73 2450
140 74 100
140 74 2450
140 75 100
140 75 2450
140 76 100
140 76 2450
140 77 100
140 77 2450
140 78 100
140 78 2450
140 79 100
140 79 2450
140 80 100
140 80 2450
140 81 100
140 81 2450
140 82 100
140 82 2450
140 83 100
140 83 2450
140 84 100
140 84 2450
147 33 100
146 33 100
145 33 100
145 33 2450
144 33 100
144 33 2450
143 33 100
143 33 2450
142 33 100
142 33 2450
141 33 100
141 33 2450
5 95 100
6 95 100
7 95 100
8 95 100
9 95 100
10 95 100
11 95 100
12 95 100
13 95 100
14 95 100
15 95 100
16 95 100
17 95 100
18 95 100
19 95 100
20 95 100
20 95 2450
21 95 100
21 95 2450
22 95 100
22 95 2450
23 95 100
23 95 2450
24 95 100
24 95 2450
25 95 100
25 95 2450
26 95 100
26 95 2450
27 95 100
27 95 2450
28 95 100
28 95 2450
29 95 100
29 95 2450
30 95 100
30 95 2450
31 95 100
31 95 2450
32 95 100
32 95 2450
33 95 100
33 95 2450
34 95 100
35 95 100
36 95 100
37 95 100
38 95 100
39 95 100
40 95 100
41 95 100
42 95 100
43 95 100
44 95 100
45 95 100
46 95 100
47 95 100
47 95 2450
48 95 100
48 95 2450
49 95 100
49 95 2450
50 95 100
50 95 2450
51 95 100
51 95 2450
52 95 100
52 95 2450
53 95 100
53 95 2450
54 95 100
54 95 2450
55 95 100
55 95 2450
56 95 100
56 95 2450
57 95 100
57 95 2450
58 95 100
58 95 2450
59 95 100
59 95 2450
59 95 1225
60 95 100
60 95 2450
60 95 1225
61 95 100
61 95 2450
61 95 1225
62 95 100
62 95 2450
62 95 1225
62 95 612
63 95 100
63 95 2450
63 95 1225
63 95 612
64 95 100
64 95 2450
64 95 1225
64 95 612
65 95 100
65 95 2450
65 95 1225
65 95 612
66 95 100
66 95 2450
66 95 1225
66 95 612
67 95 100
67 95 2450
67 95 1225
68 95 100
68 95 2450
68 95 1225
69 95 100
69 95 2450
70 95 100
70 95 2450
71 95 100
71 95 2450
72 95 100
72 95 2450
73 95 100
73 95 2450
74 95 100
74 95 2450
75 95 100
75 95 2450
76 95 100
77 95 100
78 95 100
79 95 100
80 95 100
81 95 100
82 95 100
83 95 100
84 95 100
85 95 100
86 95 100
87 95 100
88 95 100
89 95 100
90 95 100
91 95 100
92 95 100
93 95 100
94 95 100
95 95 100
96 95 100
97 95 100
98 95 100
99 95 100
100 95 100
101 95 100
102 95 100
103 95 100
104 95 100
105 95 100
106 95 100
107 95 100
108 95 100
109 95 100
110 95 100
111 95 100
112 95 100
113 95 100
114 95 100
115 95 100
116 95 100
117 95 100
117 95 2450
118 95 100
118 95 2450
119 95 100
119 95 2450
120 95 100
120 95 2450
121 95 100
121 95 2450
122 95 100
122 95 2450
123 95 100
123 95 2450
124 95 100
124 95 2450
125 95 100
125 95 2450
126 95 100
126 95 2450
127 95 100
127 95 2450
128 95 100
128 95 2450
129 95 100
129 95 2450
130 95 100
130 95 2450
131 95 100
132 95 100
133 95 100
134 95 100
135 95 100
136 95 100
137 95 100
138 95 100
139 95 100
140 95 100
140 94 100
140 93 100
140 92 100
140 91 100
140 90 100
140 89 100
140 88 100
140 87 100
140 86 100
140 86 2450
140 85 100
140 85 2450
17 35 100
18 35 100
19 35 100
20 35 100
21 35 100
22 35 100
23 35 100
24 35 100
25 35 100
26 35 100
27 35 100
28 35 100
29 35 100
30 35 100
31 35 100
32 35 100
33 35 100
34 35 100
35 35 100
36 35 100
37 35 100
38 35 100
38 35 2450
39 35 100
39 35 2450
40 35 100
40 35 2450
41 35 100
41 35 2450
42 35 100
42 35 2450
43 35 100
43 35 2450
44 35 100
44 35 2450
45 35 100
45 35 2450
46 35 100
46 35 2450
47 35 100
47 35 2450
48 35 100
48 35 2450
49 35 100
49 35 2450
50 35 100
50 35 2450
51 35 100
51 35 2450
52 35 100
52 35 2450
53 35 100
53 35 2450
54 35 100
55 35 100
56 35 100
57 35 100
58 35 100
59 35 100
60 35 100
61 35 100
62 35 100
63 35 100
64 35 100
65 35 100
66 35 100
67 35 100
68 35 100
69 35 100
70 35 100
71 35 100
72 35 100
73 35 100
74 35 100
75 35 100
76 35 100
77 35 100
78 35 100
79 35 100
80 35 100
81 35 100
82 35 100
83 35 100
84 35 100
85 35 100
86 35 100
87 35 100
87 35 2450
88 35 100
88 35 2450
89 35 100
89 35 2450
90 35 100
90 35 2450
91 35 100
91 35 2450
92 35 100
92 35 2450
93 35 100
93 35 2450
94 35 100
94 35 2450
95 35 100
95 35 2450
96 35 100
96 35 2450
97 35 100
97 35 2450
98 35 100
98 35 2450
99 35 100
99 35 2450
100 35 100
100 35 2450
101 35 100
101 35 2450
102 35 100
102 35 2450
103 35 100
103 35 2450
104 35 100
104 35 2450
105 35 100
105 35 2450
106 35 100
106 35 2450
107 35 100
107 35 2450
108 35 100
108 35 2450
109 35 100
109 35 2450
110 35 100
110 35 2450
111 35 100
111 35 2450
112 35 100
112 35 2450
113 35 100
113 35 2450
114 35 100
114 35 2450
115 35 100
115 35 2450
116 35 100
116 35 2450
117 35 100
117 35 2450
118 35 100
118 35 2450
119 35 100
119 35 2450
120 35 100
120 35 2450
121 35 100
121 35 2450
122 35 100
122 35 2450
123 35 100
123 35 2450
124 35 100
124 35 2450
125 35 100
125 35 2450
125 35 1225
126 35 100
126 35 2450
126 35 1225
127 35 100
127 35 2450
127 35 1225
128 35 100
128 35 2450
128 35 1225
129 35 100
129 35 2450
129 35 1225
130 35 100
130 35 2450
130 35 1225
131 35 100
131 35 2450
131 35 1225
132 35 100
132 35 2450
133 35 100
133 35 2450
134 35 100
134 35 2450
135 35 100
135 35 2450
136 35 100
136 35 2450
137 35 100
137 35 2450
138 35 100
138 35 2450
139 35 100
139 35 2450
189 73 100
188 73 100
187 73 100
186 73 100
185 73 100
184 73 100
183 73 100
182 73 100
181 73 100
180 73 100
179 73 100
179 73 2450
178 73 100
178 73 2450
177 73 100
177 73 2450
176 73 100
176 73 2450
175 73 100
175 73 2450
174 73 100
174 73 2450
173 73 100
173 73 2450
172 73 100
172 73 2450
171 73 100
171 73 2450
170 73 100
170 73 2450
169 73 100
169 73 2450
168 73 100
168 73 2450
167 73 100
167 73 2450
166 73 100
166 73 2450
165 73 100
165 73 2450
164 73 100
164 73 2450
163 73 100
163 73 2450
162 73 100
162 73 2450
162 73 1225
161 73 100
161 73 2450
161 73 1225
160 73 100
160 73 2450
160 73 1225
159 73 100
159 73 2450
159 73 1225
158 73 100
158 73 2450
158 73 1225
157 73 100
157 73 2450
157 73 1225
156 73 100
156 73 2450
156 73 1225
155 73 100
155 73 2450
155 73 1225
154 73 100
154 73 2450
154 73 1225
153 73 100
153 73 2450
153 73 1225
152 73 100
152 73 2450
152 73 1225
151 73 100
151 73 2450
151 73 1225
150 73 100
150 73 2450
150 73 1225
149 73 100
149 73 2450
149 73 1225
148 73 100
148 73 2450
148 73 1225
147 73 100
147 73 2450
147 73 1225
146 73 100
146 73 2450
146 73 1225
145 73 100
145 73 2450
145 73 1225
144 73 100
144 73 2450
143 73 100
143 73 2450
142 73 100
142 73 2450
141 73 100
141 73 2450
174 158 100
173 158 100
172 158 100
171 158 100
170 158 100
169 158 100
168 158 100
167 158 100
166 158 100
165 158 100
164 158 100
163 158 100
162 158 100
161 158 100
160 158 100
159 158 100
158 158 100
157 158 100
156 158 100
155 158 100
154 158 100
153 158 100
153 158 2450
152 158 100
152 158 2450
151 158 100
151 158 2450
150 158 100
150 158 2450
149 158 100
149 158 2450
148 158 100
148 158 2450
147 158 100
147 158 2450
146 158 100
146 158 2450
145 158 100
145 158 2450
144 158 100
144 158 2450
143 158 100
143 158 2450
142 158 100
142 158 2450
141 158 100
141 158 2450
140 158 100
140 158 2450
140 157 100
140 157 2450
140 156 100
140 155 100
140 154 100
140 153 100
140 152 100
140 151 100
140 150 100
140 149 100
140 148 100
140 147 100
140 146 100
140 145 100
140 144 100
140 143 100
140 142 100
140 141 100
140 140 100
140 139 100
140 138 100
140 137 100
140 136 100
140 135 100
140 134 100
140 133 100
140 132 100
140 131 100
140 130 100
140 129 100
140 128 100
140 127 100
140 126 100
140 125 100
140 124 100
140 123 100
140 122 100
140 121 100
140 120 100
140 119 100
140 118 100
140 117 100
140 116 100
140 115 100
140 114 100
140 113 100
140 113 2450
140 112 100
140 112 2450
140 111 100
140 111 2450
140 110 100
140 110 2450
140 109 100
140 109 2450
140 108 100
140 108 2450
140 107 100
140 107 2450
140 106 100
140 106 2450
140 105 100
140 105 2450
140 104 100
140 104 2450
140 103 100
140 103 2450
140 102 100
140 102 2450
140 101 100
140 101 2450
140 100 100
140 100 2450
140 99 100
140 99 2450
140 98 100
140 98 2450
140 97 100
140 96 100
6 193 100
6 193 2450
7 193 100
7 193 2450
8 193 100
8 193 2450
9 193 100
9 193 2450
10 193 100
10 193 2450
11 193 100
11 193 2450
12 193 100
12 193 2450
13 193 100
13 193 2450
14 193 100
14 193 2450
15 193 100
15 193 2450
16 193 100
16 193 2450
17 193 100
17 193 2450
18 193 100
18 193 2450
19 193 100
19 193 2450
20 193 100
20 193 2450
21 193 100
21 193 2450
22 193 100
22 193 2450
23 193 100
23 193 2450
24 193 100
24 193 2450
25 193 100
25 193 2450
26 193 100
26 193 2450
27 193 100
27 193 2450
28 193 100
28 193 2450
29 193 100
29 193 2450
30 193 100
30 193 2450
31 193 100
31 193 2450
32 193 100
32 193 2450
33 193 100
33 193 2450
34 193 100
34 193 2450
35 193 100
35 193 2450
36 193 100
36 193 2450
37 193 100
37 193 2450
38 193 100
38 193 2450
39 193 100
39 193 2450
40 193 100
40 193 2450
41 193 100
41 193 2450
42 193 100
42 193 2450
43 193 100
43 193 2450
44 193 100
44 193 2450
45 193 100
45 193 2450
46 193 100
46 193 2450
47 193 100
47 193 2450
48 193 100
49 193 100
50 193 100
51 193 100
52 193 100
53 193 100
54 193 100
55 193 100
56 193 100
57 193 100
58 193 100
59 193 100
60 193 100
61 193 100
62 193 100
62 193 2450
63 193 100
63 193 2450
64 193 100
64 193 2450
65 193 100
65 193 2450
66 193 100
66 193 2450
67 193 100
67 193 2450
68 193 100
68 193 2450
69 193 100
69 193 2450
70 193 100
70 193 2450
71 193 100
71 193 2450
72 193 100
72 193 2450
73 193 100
73 193 2450
74 193 100
74 193 2450
74 193 1225
75 193 100
75 193 2450
75 193 1225
76 193 100
76 193 2450
76 193 1225
77 193 100
77 193 2450
77 193 1225
78 193 100
78 193 2450
78 193 1225
79 193 100
79 193 2450
79 193 1225
80 193 100
80 193 2450
80 193 1225
81 193 100
81 193 2450
82 193 100
82 193 2450
83 193 100
83 193 2450
84 193 100
84 193 2450
85 193 100
85 193 2450
86 193 100
86 193 2450
87 193 100
87 193 2450
88 193 100
88 193 2450
89 193 100
89 193 2450
90 193 100
90 193 2450
91 193 100
91 193 2450
92 193 100
92 193 2450
93 193 100
93 193 2450
94 193 100
94 193 2450
95 193 100
95 193 2450
96 193 100
96 193 2450
97 193 100
97 193 2450
98 193 100
98 193 2450
99 193 100
100 193 100
101 193 100
102 193 100
103 193 100
104 193 100
105 193 100
106 193 100
107 193 100
107 193 2450
108 193 100
108 193 2450
109 193 100
109 193 2450
110 193 100
110 193 2450
111 193 100
111 193 2450
112 193 100
112 193 2450
113 193 100
113 193 2450
114 193 100
114 193 2450
115 193 100
115 193 2450
116 193 100
116 193 2450
117 193 100
117 193 2450
118 193 100
118 193 2450
119 193 100
119 193 2450
120 193 100
120 193 2450
121 193 100
121 193 2450
122 193 100
122 193 2450
123 193 100
123 193 2450
124 193 100
124 193 2450
125 193 100
125 193 2450
126 193 100
126 193 2450
127 193 100
127 193 2450
128 193 100
128 193 2450
129 193 100
129 193 2450
130 193 100
130 193 2450
131 193 100
131 193 2450
132 193 100
132 193 2450
133 193 100
133 193 2450
134 193 100
134 193 2450
135 193 100
136 193 100
137 193 100
138 193 100
139 193 100
140 193 100
140 192 100
140 191 100
140 190 100
140 189 100
140 188 100
140 187 100
140 186 100
140 185 100
140 184 100
140 183 100
140 182 100
140 181 100
140 180 100
140 179 100
140 179 2450
140 178 100
140 178 2450
140 177 100
140 177 2450
140 176 100
140 176 2450
140 175 100
140 175 2450
140 174 100
140 174 2450
140 173 100
140 173 2450
140 172 100
140 172 2450
140 171 100
140 171 2450
140 170 100
140 170 2450
140 169 100
140 169 2450
140 168 100
140 168 2450
140 167 100
140 167 2450
140 166 100
140 166 2450
140 165 100
140 165 2450
140 164 100
140 164 2450
140 163 100
140 163 2450
140 162 100
140 162 2450
140 161 100
140 161 2450
140 160 100
140 160 2450
140 159 100
140 159 2450
