198 95 100
197 95 100
196 95 100
195 95 100
194 95 100
193 95 100
193 95 2450
192 95 100
192 95 2450
191 95 100
191 95 2450
190 95 100
190 95 2450
189 95 100
189 95 2450
188 95 100
188 95 2450
187 95 100
187 95 2450
186 95 100
186 95 2450
185 95 100
185 95 2450
184 95 100
184 95 2450
183 95 100
183 95 2450
182 95 100
182 95 2450
181 95 100
181 95 2450
180 95 100
180 95 2450
179 95 100
179 95 2450
178 95 100
178 95 2450
177 95 100
177 95 2450
176 95 100
176 95 2450
175 95 100
175 95 2450
174 95 100
174 95 2450
173 95 100
173 95 2450
172 95 100
172 95 2450
171 95 100
170 95 100
169 95 100
168 95 100
167 95 100
166 95 100
165 95 100
164 95 100
163 95 100
162 95 100
161 95 100
160 95 100
159 95 100
158 95 100
157 95 100
156 95 100
155 95 100
154 95 100
153 95 100
152 95 100
151 95 100
150 95 100
149 95 100
148 95 100
147 95 100
146 95 100
145 95 100
144 95 100
143 95 100
142 95 100
141 95 100
141 95 2450
140 95 100
140 95 2450
139 95 100
139 95 2450
138 95 100
138 95 2450
137 95 100
137 95 2450
136 95 100
136 95 2450
135 95 100
135 95 2450
134 95 100
134 95 2450
133 95 100
133 95 2450
132 95 100
132 95 2450
131 95 100
131 95 2450
130 95 100
130 95 2450
129 95 100
129 95 2450
128 95 100
128 95 2450
127 95 100
127 95 2450
126 95 100
126 95 2450
125 95 100
125 95 2450
124 95 100
124 95 2450
123 95 100
123 95 2450
122 95 100
122 95 2450
121 95 100
121 95 2450
120 95 100
120 95 2450
119 95 100
118 95 100
117 95 100
116 95 100
115 95 100
114 95 100
113 95 100
113 96 100
113 97 100
113 98 100
113 99 100
113 100 100
113 101 100
113 102 100
113 103 100
113 104 100
113 105 100
113 106 100
113 107 100
113 108 100
113 109 100
113 110 100
113 110 2450
113 111 100
113 111 2450
113 112 100
113 112 2450
113 113 100
113 113 2450
113 114 100
113 114 2450
113 115 100
113 115 2450
113 116 100
113 117 100
113 118 100
113 119 100
113 120 100
113 121 100
113 122 100
113 123 100
113 124 100
113 125 100
113 126 100
113 127 100
113 128 100
113 129 100
113 130 100
113 131 100
113 132 100
113 133 100
113 134 100
113 135 100
113 136 100
113 137 100
113 138 100
113 139 100
113 140 100
113 140 2450
113 141 100
113 141 2450
113 142 100
113 142 2450
113 143 100
113 143 2450
113 144 100
113 144 2450
113 145 100
113 145 2450
113 146 100
113 146 2450
113 147 100
113 147 2450
113 148 100
113 148 2450
113 149 100
113 149 2450
113 150 100
113 150 2450
113 151 100
113 151 2450
113 152 100
113 152 2450
113 153 100
113 153 2450
113 154 100
113 154 2450
113 155 100
113 155 2450
113 156 100
113 157 100
113 158 100
113 159 100
113 160 100
113 161 100
113 162 100
113 163 100
113 164 100
113 165 100
113 166 100
113 167 100
113 168 100
113 169 100
113 170 100
113 171 100
64 22 100
65 22 100
66 22 100
67 22 100
68 22 100
69 22 100
70 22 100
71 22 100
72 22 100
73 22 100
74 22 100
75 22 100
76 22 100
77 22 100
78 22 100
79 22 100
80 22 100
81 22 100
82 22 100
83 22 100
84 22 100
85 22 100
85 22 2450
86 22 100
86 22 2450
87 22 100
87 22 2450
88 22 100
88 22 2450
89 22 100
89 22 2450
90 22 100
90 22 2450
91 22 100
91 22 2450
92 22 100
92 22 2450
93 22 100
93 22 2450
94 22 100
94 22 2450
95 22 100
95 22 2450
96 22 100
96 22 2450
97 22 100
97 22 2450
98 22 100
98 22 2450
99 22 100
99 22 2450
100 22 100
100 22 2450
101 22 100
101 22 2450
102 22 100
102 22 2450
103 22 100
103 22 2450
104 22 100
104 22 2450
105 22 100
105 22 2450
106 22 100
106 22 2450
107 22 100
107 22 2450
108 22 100
108 22 2450
109 22 100
109 22 2450
110 22 100
110 22 2450
111 22 100
111 22 2450
112 22 100
112 22 2450
113 22 100
113 22 2450
113 23 100
113 23 2450
113 24 100
113 24 2450
113 25 100
113 25 2450
113 26 100
113 26 2450
113 27 100
113 27 2450
113 28 100
113 28 2450
113 29 100
113 29 2450
113 30 100
113 30 2450
113 31 100
113 31 2450
113 32 100
113 32 2450
113 33 100
113 33 2450
113 34 100
113 34 2450
113 35 100
113 35 2450
113 36 100
113 36 2450
113 37 100
113 37 2450
113 38 100
113 38 2450
113 39 100
113 39 2450
113 40 100
113 40 2450
113 41 100
113 41 2450
113 42 100
113 42 2450
113 43 100
113 43 2450
113 44 100
113 44 2450
113 45 100
113 45 2450
113 46 100
113 46 2450
113 47 100
113 47 2450
113 48 100
113 48 2450
113 49 100
113 49 2450
113 50 100
113 50 2450
113 51 100
113 51 2450
113 51 1225
113 52 100
113 52 2450
113 52 1225
113 53 100
113 53 2450
113 53 1225
113 54 100
113 54 2450
113 54 1225
113 54 612
113 55 100
113 55 2450
113 55 1225
113 55 612
113 56 100
113 56 2450
113 56 1225
113 56 612
113 57 100
113 57 2450
113 57 1225
113 57 612
113 58 100
113 58 2450
113 58 1225
113 58 612
113 59 100
113 59 2450
113 59 1225
113 59 612
113 60 100
113 60 2450
113 60 1225
113 60 612
113 61 100
113 61 2450
113 61 1225
113 61 612
113 62 100
113 62 2450
113 62 1225
113 62 612
113 63 100
113 63 2450
113 63 1225
113 63 612
113 64 100
113 64 2450
113 64 1225
113 64 612
113 65 100
113 65 2450
113 65 1225
113 65 612
113 66 100
113 66 2450
113 66 1225
113 66 612
113 67 100
113 67 2450
113 67 1225
113 67 612
113 68 100
113 68 2450
113 68 1225
113 68 612
113 69 100
113 69 2450
113 69 1225
113 70 100
113 70 2450
113 70 1225
113 71 100
113 71 2450
113 71 1225
113 72 100
113 72 2450
113 72 1225
113 73 100
113 73 2450
113 73 1225
113 74 100
113 74 2450
113 75 100
113 75 2450
113 76 100
113 76 2450
113 77 100
113 77 2450
113 78 100
113 78 2450
113 79 100
113 79 2450
113 80 100
113 80 2450
113 81 100
113 81 2450
113 82 100
113 82 2450
113 83 100
113 84 100
113 85 100
113 86 100
113 87 100
113 88 100
113 89 100
113 90 100
113 91 100
113 92 100
113 93 100
113 94 100
119 1 100
118 1 100
117 1 100
116 1 100
115 1 100
114 1 100
113 1 100
113 2 100
113 3 100
113 4 100
113 5 100
113 6 100
113 7 100
113 8 100
113 9 100
113 10 100
113 11 100
113 12 100
113 12 2450
113 13 100
113 13 2450
113 14 100
113 14 2450
113 15 100
113 15 2450
113 16 100
113 16 2450
113 17 100
113 17 2450
113 18 100
113 18 2450
113 19 100
113 19 2450
113 20 100
113 20 2450
113 21 100
113 21 2450
157 199 100
156 199 100
155 199 100
154 199 100
153 199 100
152 199 100
151 199 100
150 199 100
149 199 100
148 199 100
147 199 100
146 199 100
145 199 100
144 199 100
143 199 100
143 199 2450
142 199 100
142 199 2450
141 199 100
141 199 2450
140 199 100
140 199 2450
139 199 100
138 199 100
137 199 100
136 199 100
135 199 100
134 199 100
133 199 100
132 199 100
131 199 100
130 199 100
129 199 100
128 199 100
127 199 100
126 199 100
125 199 100
124 199 100
123 199 100
123 199 2450
122 199 100
122 199 2450
121 199 100
121 199 2450
120 199 100
120 199 2450
119 199 100
119 199 2450
118 199 100
118 199 2450
117 199 100
117 199 2450
116 199 100
116 199 2450
115 199 100
115 199 2450
114 199 100
114 199 2450
113 199 100
113 199 2450
113 198 100
113 198 2450
113 197 100
113 197 2450
113 196 100
113 196 2450
113 195 100
113 195 2450
113 194 100
113 194 2450
113 193 100
113 193 2450
113 192 100
113 192 2450
113 191 100
113 191 2450
113 190 100
113 190 2450
113 189 100
113 189 2450
113 188 100
113 188 2450
113 187 100
113 187 2450
113 186 100
113 185 100
113 184 100
113 183 100
113 182 100
113 181 100
113 180 100
113 179 100
113 178 100
113 177 100
113 176 100
113 175 100
113 174 100
113 173 100
113 172 100
20 83 100
21 83 100
22 83 100
23 83 100
23 83 2450
24 83 100
24 83 2450
25 83 100
25 83 2450
26 83 100
26 83 2450
27 83 100
27 83 2450
28 83 100
28 83 2450
29 83 100
29 83 2450
30 83 100
30 83 2450
31 83 100
31 83 2450
32 83 100
32 83 2450
33 83 100
33 83 2450
34 83 100
34 83 2450
35 83 100
35 83 2450
36 83 100
36 83 2450
37 83 100
37 83 2450
38 83 100
38 83 2450
39 83 100
40 83 100
41 83 100
42 83 100
43 83 100
44 83 100
45 83 100
46 83 100
47 83 100
48 83 100
49 83 100
50 83 100
51 83 100
52 83 100
53 83 100
54 83 100
55 83 100
56 83 100
57 83 100
58 83 100
59 83 100
60 83 100
61 83 100
62 83 100
63 83 100
64 83 100
64 83 2450
65 83 100
65 83 2450
66 83 100
66 83 2450
67 83 100
67 83 2450
68 83 100
68 83 2450
69 83 100
69 83 2450
70 83 100
70 83 2450
71 83 100
71 83 2450
72 83 100
72 83 2450
73 83 100
73 83 2450
74 83 100
74 83 2450
75 83 100
75 83 2450
76 83 100
77 83 100
78 83 100
79 83 100
80 83 100
81 83 100
82 83 100
83 83 100
84 83 100
85 83 100
86 83 100
87 83 100
88 83 100
89 83 100
90 83 100
91 83 100
92 83 100
93 83 100
94 83 100
95 83 100
96 83 100
97 83 100
98 83 100
99 83 100
100 83 100
101 83 100
102 83 100
103 83 100
104 83 100
105 83 100
106 83 100
107 83 100
108 83 100
109 83 100
110 83 100
111 83 100
112 83 100
15 148 100
16 148 100
17 148 100
18 148 100
19 148 100
20 148 100
21 148 100
22 148 100
23 148 100
24 148 100
25 148 100
25 148 2450
26 148 100
26 148 2450
27 148 100
27 148 2450
28 148 100
28 148 2450
29 148 100
29 148 2450
30 148 100
30 148 2450
31 148 100
31 148 2450
32 148 100
32 148 2450
33 148 100
33 148 2450
34 148 100
34 148 2450
35 148 100
35 148 2450
36 148 100
36 148 2450
37 148 100
37 148 2450
38 148 100
38 148 2450
39 148 100
39 148 2450
40 148 100
40 148 2450
41 148 100
41 148 2450
42 148 100
42 148 2450
43 148 100
43 148 2450
43 148 1225
44 148 100
44 148 2450
44 148 1225
45 148 100
45 148 2450
45 148 1225
46 148 100
46 148 2450
46 148 1225
47 148 100
47 148 2450
47 148 1225
48 148 100
48 148 2450
48 148 1225
49 148 100
49 148 2450
49 148 1225
50 148 100
50 148 2450
50 148 1225
51 148 100
51 148 2450
51 148 1225
52 148 100
52 148 2450
53 148 100
53 148 2450
54 148 100
54 148 2450
55 148 100
55 148 2450
56 148 100
56 148 2450
57 148 100
57 148 2450
58 148 100
58 148 2450
59 148 100
59 148 2450
60 148 100
60 148 2450
61 148 100
61 148 2450
62 148 100
62 148 2450
63 148 100
63 148 2450
64 148 100
64 148 2450
65 148 100
65 148 2450
66 148 100
66 148 2450
67 148 100
67 148 2450
68 148 100
68 148 2450
69 148 100
69 148 2450
70 148 100
70 148 2450
71 148 100
71 148 2450
72 148 100
72 148 2450
73 148 100
73 148 2450
74 148 100
74 148 2450
75 148 100
75 148 2450
76 148 100
76 148 2450
77 148 100
77 148 2450
78 148 100
78 148 2450
79 148 100
79 148 2450
80 148 100
80 148 2450
81 148 100
81 148 2450
82 148 100
82 148 2450
83 148 100
83 148 2450
84 148 100
84 148 2450
85 148 100
85 148 2450
86 148 100
86 148 2450
87 148 100
87 148 2450
88 148 100
88 148 2450
89 148 100
89 148 2450
90 148 100
90 148 2450
91 148 100
91 148 2450
92 148 100
92 148 2450
92 148 1225
93 148 100
93 148 2450
93 148 1225
94 148 100
94 148 2450
94 148 1225
95 148 100
95 148 2450
95 148 1225
96 148 100
96 148 2450
96 148 1225
96 148 612
97 148 100
97 148 2450
97 148 1225
97 148 612
98 148 100
98 148 2450
98 148 1225
98 148 612
99 148 100
99 148 2450
99 148 1225
99 148 612
100 148 100
100 148 2450
100 148 1225
100 148 612
100 148 306
101 148 100
101 148 2450
101 148 1225
101 148 612
101 148 306
102 148 100
102 148 2450
102 148 1225
102 148 612
103 148 100
103 148 2450
103 148 1225
103 148 612
104 148 100
104 148 2450
104 148 1225
104 148 612
105 148 100
105 148 2450
105 148 1225
106 148 100
106 148 2450
106 148 1225
107 148 100
107 148 2450
107 148 1225
108 148 100
108 148 2450
109 148 100
109 148 2450
110 148 100
110 148 2450
111 148 100
111 148 2450
112 148 100
112 148 2450
92 82 100
