84 189 100
83 189 100
82 189 100
81 189 100
80 189 100
79 189 100
78 189 100
77 189 100
76 189 100
75 189 100
74 189 100
73 189 100
72 189 100
71 189 100
70 189 100
69 189 100
68 189 100
68 189 2450
67 189 100
67 189 2450
66 189 100
66 189 2450
65 189 100
65 189 2450
64 189 100
64 189 2450
63 189 100
63 189 2450
62 189 100
62 189 2450
61 189 100
61 189 2450
61 189 1225
60 189 100
60 189 2450
60 189 1225
59 189 100
59 189 2450
59 189 1225
58 189 100
58 189 2450
58 189 1225
58 189 612
57 189 100
57 189 2450
57 189 1225
57 189 612
56 189 100
56 189 2450
56 189 1225
56 189 612
55 189 100
55 189 2450
55 189 1225
55 189 612
54 189 100
54 189 2450
54 189 1225
54 189 612
53 189 100
53 189 2450
53 189 1225
53 189 612
52 189 100
52 189 2450
52 189 1225
52 189 612
51 189 100
51 189 2450
51 189 1225
51 189 612
50 189 100
50 189 2450
50 189 1225
49 189 100
49 189 2450
49 189 1225
48 189 100
48 189 2450
48 189 1225
47 189 100
47 189 2450
47 189 1225
46 189 100
46 189 2450
46 189 1225
45 189 100
45 189 2450
44 189 100
44 189 2450
43 189 100
43 189 2450
42 189 100
42 189 2450
41 189 100
41 189 2450
40 189 100
40 189 2450
39 189 100
39 189 2450
38 189 100
38 189 2450
37 189 100
37 189 2450
36 189 100
36 189 2450
35 189 100
35 189 2450
34 189 100
34 189 2450
33 189 100
33 189 2450
32 189 100
32 189 2450
31 189 100
31 189 2450
30 189 100
30 189 2450
29 189 100
29 189 2450
28 189 100
28 189 2450
27 189 100
27 189 2450
26 189 100
26 189 2450
25 189 100
25 189 2450
24 189 100
23 189 100
22 189 100
21 189 100
20 189 100
19 189 100
18 189 100
17 189 100
16 189 100
15 189 100
14 189 100
13 189 100
12 189 100
11 189 100
10 189 100
9 189 100
9 190 100
9 191 100
9 192 100
57 76 100
56 76 100
55 76 100
54 76 100
53 76 100
52 76 100
51 76 100
50 76 100
49 76 100
48 76 100
47 76 100
46 76 100
45 76 100
44 76 100
43 76 100
42 76 100
41 76 100
41 76 2450
40 76 100
40 76 2450
39 76 100
39 76 2450
38 76 100
38 76 2450
37 76 100
37 76 2450
36 76 100
36 76 2450
35 76 100
35 76 2450
34 76 100
34 76 2450
33 76 100
33 76 2450
32 76 100
32 76 2450
31 76 100
31 76 2450
30 76 100
30 76 2450
29 76 100
29 76 2450
28 76 100
28 76 2450
27 76 100
27 76 2450
26 76 100
26 76 2450
25 76 100
25 76 2450
24 76 100
24 76 2450
23 76 100
23 76 2450
22 76 100
22 76 2450
21 76 100
21 76 2450
20 76 100
20 76 2450
19 76 100
19 76 2450
18 76 100
18 76 2450
17 76 100
17 76 2450
16 76 100
16 76 2450
15 76 100
15 76 2450
14 76 100
14 76 2450
13 76 100
13 76 2450
12 76 100
12 76 2450
11 76 100
11 76 2450
10 76 100
10 76 2450
9 76 100
9 76 2450
9 77 100
9 77 2450
9 78 100
9 78 2450
9 79 100
9 79 2450
9 80 100
9 80 2450
9 81 100
9 81 2450
9 82 100
9 82 2450
9 83 100
9 83 2450
9 84 100
9 84 2450
9 85 100
9 85 2450
9 86 100
9 86 2450
9 87 100
9 87 2450
9 88 100
9 88 2450
9 89 100
9 89 2450
9 90 100
9 90 2450
9 91 100
9 91 2450
9 92 100
9 92 2450
9 93 100
9 93 2450
9 94 100
9 94 2450
9 95 100
9 95 2450
9 96 100
9 96 2450
9 97 100
9 97 2450
9 98 100
9 98 2450
9 99 100
9 99 2450
9 100 100
9 100 2450
9 101 100
9 101 2450
9 102 100
9 102 2450
9 103 100
9 103 2450
9 104 100
9 104 2450
9 105 100
9 106 100
9 107 100
9 108 100
9 109 100
9 110 100
9 111 100
9 112 100
9 113 100
9 114 100
9 115 100
9 116 100
9 117 100
9 118 100
9 119 100
9 120 100
9 121 100
9 122 100
9 123 100
9 124 100
9 125 100
9 126 100
9 127 100
9 128 100
9 129 100
9 130 100
9 131 100
9 132 100
9 133 100
9 134 100
9 135 100
9 136 100
9 136 2450
9 137 100
9 137 2450
9 138 100
9 138 2450
9 139 100
9 139 2450
9 140 100
9 140 2450
9 141 100
9 141 2450
9 142 100
9 142 2450
9 143 100
9 143 2450
9 144 100
9 144 2450
9 145 100
9 145 2450
9 146 100
9 146 2450
9 147 100
9 147 2450
9 148 100
9 148 2450
9 149 100
9 149 2450
9 150 100
9 150 2450
9 151 100
9 151 2450
9 152 100
9 152 2450
9 153 100
9 153 2450
9 154 100
9 154 2450
9 155 100
9 155 2450
9 156 100
9 156 2450
9 157 100
9 157 2450
9 158 100
9 158 2450
9 159 100
9 159 2450
9 160 100
9 160 2450
9 161 100
9 161 2450
9 162 100
9 162 2450
9 163 100
9 163 2450
9 164 100
9 164 2450
9 165 100
9 165 2450
9 166 100
9 166 2450
9 167 100
9 167 2450
9 168 100
9 169 100
9 170 100
9 171 100
9 172 100
9 173 100
9 174 100
9 175 100
9 176 100
9 177 100
9 178 100
9 179 100
9 180 100
9 181 100
9 182 100
9 183 100
9 184 100
9 185 100
9 186 100
9 187 100
9 188 100
126 149 100
125 149 100
124 149 100
123 149 100
122 149 100
121 149 100
120 149 100
119 149 100
118 149 100
117 149 100
116 149 100
115 149 100
114 149 100
113 149 100
112 149 100
111 149 100
110 149 100
109 149 100
108 149 100
107 149 100
106 149 100
105 149 100
104 149 100
103 149 100
102 149 100
102 149 2450
101 149 100
101 149 2450
100 149 100
100 149 2450
99 149 100
99 149 2450
98 149 100
98 149 2450
97 149 100
97 149 2450
96 149 100
96 149 2450
95 149 100
95 149 2450
94 149 100
94 149 2450
93 149 100
93 149 2450
92 149 100
92 149 2450
91 149 100
91 149 2450
90 149 100
90 149 2450
89 149 100
89 149 2450
88 149 100
88 149 2450
87 149 100
87 149 2450
86 149 100
86 149 2450
85 149 100
85 149 2450
84 149 100
84 149 2450
83 149 100
83 149 2450
83 149 1225
82 149 100
82 149 2450
82 149 1225
81 149 100
81 149 2450
81 149 1225
80 149 100
80 149 2450
80 149 1225
79 149 100
79 149 2450
79 149 1225
78 149 100
78 149 2450
78 149 1225
77 149 100
77 149 2450
77 149 1225
76 149 100
76 149 2450
76 149 1225
75 149 100
75 149 2450
75 149 1225
74 149 100
74 149 2450
74 149 1225
73 149 100
73 149 2450
73 149 1225
72 149 100
72 149 2450
71 149 100
71 149 2450
70 149 100
70 149 2450
69 149 100
69 149 2450
68 149 100
68 149 2450
67 149 100
67 149 2450
66 149 100
66 149 2450
65 149 100
65 149 2450
64 149 100
64 149 2450
63 149 100
63 149 2450
62 149 100
62 149 2450
61 149 100
61 149 2450
60 149 100
59 149 100
58 149 100
57 149 100
56 149 100
55 149 100
54 149 100
53 149 100
52 149 100
51 149 100
50 149 100
49 149 100
48 149 100
47 149 100
46 149 100
45 149 100
44 149 100
43 149 100
42 149 100
41 149 100
40 149 100
39 149 100
38 149 100
37 149 100
36 149 100
35 149 100
34 149 100
33 149 100
32 149 100
31 149 100
30 149 100
29 149 100
29 149 2450
28 149 100
28 149 2450
27 149 100
27 149 2450
26 149 100
26 149 2450
25 149 100
25 149 2450
24 149 100
24 149 2450
23 149 100
23 149 2450
22 149 100
22 149 2450
21 149 100
21 149 2450
20 149 100
20 149 2450
19 149 100
19 149 2450
18 149 100
18 149 2450
17 149 100
17 149 2450
16 149 100
16 149 2450
15 149 100
15 149 2450
14 149 100
14 149 2450
13 149 100
13 149 2450
12 149 100
12 149 2450
11 149 100
11 149 2450
10 149 100
10 149 2450
54 116 100
53 116 100
52 116 100
51 116 100
50 116 100
49 116 100
48 116 100
47 116 100
46 116 100
45 116 100
44 116 100
43 116 100
42 116 100
41 116 100
40 116 100
40 116 2450
39 116 100
39 116 2450
38 116 100
38 116 2450
37 116 100
37 116 2450
36 116 100
36 116 2450
35 116 100
35 116 2450
34 116 100
34 116 2450
33 116 100
33 116 2450
32 116 100
32 116 2450
31 116 100
31 116 2450
30 116 100
30 116 2450
29 116 100
29 116 2450
28 116 100
28 116 2450
27 116 100
27 116 2450
26 116 100
26 116 2450
25 116 100
24 116 100
23 116 100
22 116 100
21 116 100
20 116 100
19 116 100
18 116 100
17 116 100
16 116 100
15 116 100
14 116 100
13 116 100
12 116 100
11 116 100
10 116 100
4 21 100
5 21 100
6 21 100
7 21 100
8 21 100
9 21 100
9 22 100
9 23 100
9 24 100
9 25 100
9 26 100
9 27 100
9 28 100
9 29 100
9 29 2450
9 30 100
9 30 2450
9 31 100
9 31 2450
9 32 100
9 32 2450
9 33 100
9 33 2450
9 34 100
9 34 2450
9 35 100
9 35 2450
9 36 100
9 36 2450
9 37 100
9 37 2450
9 38 100
9 38 2450
9 39 100
9 39 2450
9 40 100
9 40 2450
9 41 100
9 41 2450
9 42 100
9 42 2450
9 43 100
9 43 2450
9 44 100
9 44 2450
9 45 100
9 45 2450
9 46 100
9 46 2450
9 47 100
9 47 2450
9 48 100
9 48 2450
9 49 100
9 49 2450
9 50 100
9 50 2450
9 51 100
9 51 2450
9 52 100
9 52 2450
9 53 100
9 53 2450
9 54 100
9 55 100
9 56 100
9 57 100
9 58 100
9 59 100
9 60 100
9 61 100
9 62 100
9 63 100
9 64 100
9 65 100
9 66 100
9 67 100
9 67 2450
9 68 100
9 68 2450
9 69 100
9 69 2450
9 70 100
9 70 2450
9 71 100
9 71 2450
9 72 100
9 72 2450
9 73 100
9 73 2450
9 74 100
9 74 2450
9 75 100
9 75 2450
47 21 100
46 21 100
45 21 100
44 21 100
43 21 100
42 21 100
41 21 100
40 21 100
39 21 100
38 21 100
37 21 100
36 21 100
35 21 100
34 21 100
33 21 100
32 21 100
31 21 100
30 21 100
29 21 100
28 21 100
27 21 100
26 21 100
25 21 100
24 21 100
23 21 100
22 21 100
21 21 100
20 21 100
19 21 100
18 21 100
17 21 100
16 21 100
15 21 100
14 21 100
13 21 100
12 21 100
11 21 100
10 21 100
42 157 100
41 157 100
40 157 100
39 157 100
38 157 100
37 157 100
36 157 100
35 157 100
34 157 100
33 157 100
32 157 100
31 157 100
30 157 100
29 157 100
28 157 100
28 157 2450
27 157 100
27 157 2450
26 157 100
26 157 2450
25 157 100
25 157 2450
24 157 100
24 157 2450
23 157 100
23 157 2450
22 157 100
22 157 2450
21 157 100
21 157 2450
20 157 100
20 157 2450
19 157 100
19 157 2450
18 157 100
18 157 2450
17 157 100
17 157 2450
16 157 100
16 157 2450
15 157 100
15 157 2450
14 157 100
14 157 2450
13 157 100
13 157 2450
12 157 100
12 157 2450
11 157 100
11 157 2450
10 157 100
10 157 2450
16 59 100
15 59 100
14 59 100
13 59 100
12 59 100
11 59 100
10 59 100
98 67 100
97 67 100
97 67 2450
96 67 100
96 67 2450
95 67 100
95 67 2450
94 67 100
94 67 2450
93 67 100
93 67 2450
92 67 100
92 67 2450
91 67 100
91 67 2450
90 67 100
90 67 2450
89 67 100
89 67 2450
88 67 100
88 67 2450
87 67 100
87 67 2450
86 67 100
86 67 2450
85 67 100
85 67 2450
84 67 100
84 67 2450
83 67 100
83 67 2450
82 67 100
82 67 2450
81 67 100
81 67 2450
80 67 100
80 67 2450
79 67 100
79 67 2450
78 67 100
78 67 2450
77 67 100
77 67 2450
76 67 100
76 67 2450
75 67 100
75 67 2450
74 67 100
74 67 2450
73 67 100
73 67 2450
72 67 100
71 67 100
70 67 100
69 67 100
68 67 100
67 67 100
66 67 100
65 67 100
64 67 100
63 67 100
62 67 100
61 67 100
60 67 100
59 67 100
58 67 100
57 67 100
56 67 100
55 67 100
54 67 100
53 67 100
52 67 100
51 67 100
50 67 100
49 67 100
48 67 100
47 67 100
46 67 100
45 67 100
44 67 100
43 67 100
42 67 100
41 67 100
40 67 100
40 67 2450
39 67 100
39 67 2450
38 67 100
38 67 2450
37 67 100
37 67 2450
36 67 100
36 67 2450
35 67 100
35 67 2450
34 67 100
34 67 2450
33 67 100
33 67 2450
32 67 100
32 67 2450
31 67 100
31 67 2450
30 67 100
30 67 2450
29 67 100
29 67 2450
28 67 100
28 67 2450
27 67 100
27 67 2450
26 67 100
26 67 2450
25 67 100
25 67 2450
24 67 100
24 67 2450
23 67 100
22 67 100
21 67 100
20 67 100
19 67 100
18 67 100
17 67 100
16 67 100
15 67 100
14 67 100
13 67 100
12 67 100
11 67 100
10 67 100
