102 123 100
103 123 100
104 123 100
105 123 100
106 123 100
107 123 100
108 123 100
109 123 100
110 123 100
111 123 100
112 123 100
113 123 100
114 123 100
115 123 100
116 123 100
117 123 100
118 123 100
119 123 100
120 123 100
121 123 100
122 123 100
123 123 100
124 123 100
125 123 100
126 123 100
127 123 100
128 123 100
129 123 100
130 123 100
131 123 100
132 123 100
133 123 100
134 123 100
135 123 100
136 123 100
137 123 100
138 123 100
139 123 100
140 123 100
141 123 100
142 123 100
143 123 100
144 123 100
145 123 100
145 123 2450
146 123 100
146 123 2450
147 123 100
147 123 2450
148 123 100
148 123 2450
149 123 100
149 123 2450
150 123 100
150 123 2450
151 123 100
151 123 2450
152 123 100
152 123 2450
153 123 100
153 123 2450
154 123 100
154 123 2450
155 123 100
155 123 2450
156 123 100
156 123 2450
157 123 100
157 123 2450
158 123 100
158 123 2450
159 123 100
159 123 2450
160 123 100
160 123 2450
161 123 100
161 123 2450
162 123 100
162 123 2450
163 123 100
163 123 2450
164 123 100
164 123 2450
165 123 100
165 123 2450
166 123 100
166 123 2450
167 123 100
167 123 2450
168 123 100
168 123 2450
169 123 100
169 123 2450
170 123 100
170 123 2450
171 123 100
171 123 2450
172 123 100
172 123 2450
173 123 100
173 123 2450
174 123 100
174 123 2450
175 123 100
175 123 2450
176 123 100
176 123 2450
177 123 100
177 123 2450
178 123 100
178 123 2450
179 123 100
179 123 2450
180 123 100
180 123 2450
181 123 100
181 123 2450
182 123 100
182 123 2450
183 123 100
183 123 2450
184 123 100
184 123 2450
185 123 100
185 123 2450
186 123 100
186 123 2450
187 123 100
187 123 2450
188 123 100
188 123 2450
189 123 100
189 123 2450
190 123 100
190 123 2450
191 123 100
191 123 2450
192 123 100
192 123 2450
193 123 100
193 123 2450
194 123 100
194 123 2450
195 123 100
195 123 2450
196 123 100
196 123 2450
197 123 100
197 123 2450
198 123 100
198 123 2450
199 123 100
199 123 2450
199 122 100
199 122 2450
199 121 100
199 121 2450
199 120 100
199 120 2450
199 119 100
199 119 2450
199 118 100
199 118 2450
199 117 100
199 117 2450
199 116 100
199 116 2450
199 115 100
199 115 2450
199 114 100
199 113 100
199 112 100
199 111 100
199 110 100
199 110 2450
199 109 100
199 109 2450
199 108 100
199 108 2450
199 107 100
199 107 2450
199 106 100
199 106 2450
199 105 100
199 105 2450
199 104 100
199 104 2450
199 103 100
199 103 2450
199 102 100
199 102 2450
199 101 100
199 101 2450
199 100 100
199 100 2450
199 99 100
199 99 2450
199 98 100
199 98 2450
199 97 100
199 97 2450
199 96 100
199 96 2450
199 95 100
199 95 2450
199 94 100
199 94 2450
199 93 100
199 92 100
199 91 100
199 90 100
199 89 100
199 88 100
199 87 100
199 86 100
199 85 100
199 84 100
199 83 100
199 82 100
199 81 100
199 80 100
199 79 100
199 78 100
199 77 100
199 76 100
199 75 100
199 74 100
199 73 100
199 72 100
199 71 100
199 70 100
199 69 100
199 68 100
199 67 100
199 66 100
199 65 100
199 64 100
199 63 100
199 62 100
199 61 100
199 60 100
199 59 100
199 58 100
199 57 100
199 56 100
199 55 100
199 54 100
199 53 100
199 52 100
199 51 100
199 50 100
199 49 100
199 48 100
199 47 100
199 46 100
199 45 100
199 44 100
199 43 100
199 42 100
199 41 100
199 40 100
199 39 100
199 38 100
199 37 100
199 36 100
199 35 100
199 34 100
199 33 100
199 32 100
199 31 100
199 30 100
199 29 100
199 28 100
199 27 100
199 26 100
199 25 100
199 24 100
199 23 100
199 22 100
199 21 100
199 20 100
199 19 100
199 18 100
199 17 100
199 16 100
199 15 100
42 89 100
43 89 100
44 89 100
45 89 100
46 89 100
47 89 100
48 89 100
49 89 100
50 89 100
51 89 100
52 89 100
53 89 100
54 89 100
55 89 100
56 89 100
57 89 100
58 89 100
59 89 100
60 89 100
61 89 100
62 89 100
63 89 100
64 89 100
65 89 100
66 89 100
67 89 100
68 89 100
69 89 100
70 89 100
71 89 100
72 89 100
73 89 100
74 89 100
75 89 100
76 89 100
77 89 100
78 89 100
79 89 100
80 89 100
81 89 100
82 89 100
83 89 100
84 89 100
85 89 100
86 89 100
87 89 100
88 89 100
89 89 100
90 89 100
91 89 100
92 89 100
93 89 100
94 89 100
95 89 100
96 89 100
97 89 100
98 89 100
99 89 100
100 89 100
101 89 100
102 89 100
103 89 100
104 89 100
105 89 100
106 89 100
107 89 100
108 89 100
109 89 100
110 89 100
111 89 100
112 89 100
113 89 100
114 89 100
115 89 100
116 89 100
117 89 100
118 89 100
119 89 100
120 89 100
121 89 100
121 89 2450
122 89 100
122 89 2450
123 89 100
123 89 2450
124 89 100
124 89 2450
125 89 100
125 89 2450
126 89 100
126 89 2450
127 89 100
127 89 2450
128 89 100
128 89 2450
129 89 100
129 89 2450
130 89 100
130 89 2450
131 89 100
131 89 2450
132 89 100
132 89 2450
133 89 100
133 89 2450
134 89 100
134 89 2450
135 89 100
135 89 2450
136 89 100
136 89 2450
137 89 100
137 89 2450
138 89 100
138 89 2450
139 89 100
139 89 2450
140 89 100
140 89 2450
141 89 100
141 89 2450
142 89 100
142 89 2450
143 89 100
143 89 2450
144 89 100
144 89 2450
145 89 100
145 89 2450
146 89 100
146 89 2450
146 89 1225
147 89 100
147 89 2450
147 89 1225
148 89 100
148 89 2450
148 89 1225
149 89 100
149 89 2450
149 89 1225
150 89 100
150 89 2450
150 89 1225
151 89 100
151 89 2450
151 89 1225
152 89 100
152 89 2450
152 89 1225
153 89 100
153 89 2450
153 89 1225
154 89 100
154 89 2450
154 89 1225
155 89 100
155 89 2450
155 89 1225
156 89 100
156 89 2450
156 89 1225
157 89 100
157 89 2450
157 89 1225
158 89 100
158 89 2450
158 89 1225
159 89 100
159 89 2450
159 89 1225
160 89 100
160 89 2450
160 89 1225
161 89 100
161 89 2450
161 89 1225
162 89 100
162 89 2450
162 89 1225
163 89 100
163 89 2450
163 89 1225
164 89 100
164 89 2450
164 89 1225
165 89 100
165 89 2450
165 89 1225
166 89 100
166 89 2450
167 89 100
167 89 2450
168 89 100
168 89 2450
169 89 100
169 89 2450
170 89 100
170 89 2450
171 89 100
171 89 2450
172 89 100
172 89 2450
173 89 100
173 89 2450
174 89 100
174 89 2450
175 89 100
175 89 2450
176 89 100
176 89 2450
177 89 100
177 89 2450
178 89 100
178 89 2450
179 89 100
179 89 2450
180 89 100
180 89 2450
181 89 100
181 89 2450
182 89 100
182 89 2450
183 89 100
183 89 2450
184 89 100
184 89 2450
185 89 100
185 89 2450
186 89 100
186 89 2450
187 89 100
187 89 2450
188 89 100
188 89 2450
189 89 100
189 89 2450
190 89 100
190 89 2450
191 89 100
191 89 2450
192 89 100
192 89 2450
193 89 100
193 89 2450
194 89 100
194 89 2450
195 89 100
195 89 2450
196 89 100
196 89 2450
197 89 100
197 89 2450
198 89 100
158 28 100
159 28 100
160 28 100
161 28 100
162 28 100
163 28 100
164 28 100
165 28 100
166 28 100
167 28 100
168 28 100
169 28 100
170 28 100
171 28 100
172 28 100
173 28 100
174 28 100
175 28 100
176 28 100
177 28 100
178 28 100
179 28 100
180 28 100
181 28 100
182 28 100
183 28 100
184 28 100
185 28 100
186 28 100
187 28 100
188 28 100
189 28 100
190 28 100
191 28 100
192 28 100
193 28 100
194 28 100
195 28 100
196 28 100
197 28 100
198 28 100
137 118 100
138 118 100
139 118 100
140 118 100
141 118 100
142 118 100
143 118 100
144 118 100
144 118 2450
145 118 100
145 118 2450
146 118 100
146 118 2450
147 118 100
147 118 2450
148 118 100
148 118 2450
149 118 100
149 118 2450
150 118 100
150 118 2450
151 118 100
151 118 2450
152 118 100
152 118 2450
153 118 100
153 118 2450
154 118 100
154 118 2450
155 118 100
155 118 2450
156 118 100
156 118 2450
157 118 100
157 118 2450
158 118 100
158 118 2450
159 118 100
159 118 2450
160 118 100
160 118 2450
161 118 100
161 118 2450
162 118 100
162 118 2450
163 118 100
163 118 2450
164 118 100
164 118 2450
165 118 100
165 118 2450
166 118 100
166 118 2450
167 118 100
167 118 2450
168 118 100
168 118 2450
169 118 100
169 118 2450
170 118 100
170 118 2450
171 118 100
171 118 2450
172 118 100
172 118 2450
173 118 100
173 118 2450
174 118 100
174 118 2450
175 118 100
175 118 2450
176 118 100
176 118 2450
177 118 100
177 118 2450
178 118 100
178 118 2450
179 118 100
179 118 2450
180 118 100
180 118 2450
181 118 100
181 118 2450
182 118 100
182 118 2450
183 118 100
183 118 2450
184 118 100
184 118 2450
185 118 100
185 118 2450
186 118 100
186 118 2450
187 118 100
187 118 2450
188 118 100
188 118 2450
189 118 100
189 118 2450
190 118 100
190 118 2450
191 118 100
191 118 2450
192 118 100
192 118 2450
193 118 100
193 118 2450
194 118 100
194 118 2450
195 118 100
195 118 2450
196 118 100
196 118 2450
197 118 100
197 118 2450
198 118 100
198 118 2450
153 187 100
154 187 100
155 187 100
156 187 100
157 187 100
158 187 100
159 187 100
160 187 100
161 187 100
162 187 100
163 187 100
164 187 100
165 187 100
166 187 100
167 187 100
168 187 100
169 187 100
170 187 100
171 187 100
172 187 100
173 187 100
174 187 100
175 187 100
176 187 100
177 187 100
178 187 100
179 187 100
180 187 100
181 187 100
182 187 100
183 187 100
184 187 100
185 187 100
186 187 100
187 187 100
188 187 100
189 187 100
190 187 100
191 187 100
192 187 100
193 187 100
194 187 100
195 187 100
196 187 100
197 187 100
198 187 100
199 187 100
199 186 100
199 185 100
199 184 100
199 183 100
199 182 100
199 181 100
199 180 100
199 179 100
199 178 100
199 177 100
199 176 100
199 175 100
199 174 100
199 173 100
199 172 100
199 171 100
199 170 100
199 169 100
199 168 100
199 167 100
199 166 100
199 165 100
199 164 100
199 163 100
199 162 100
199 161 100
199 160 100
199 159 100
199 158 100
199 157 100
199 156 100
199 155 100
199 154 100
199 153 100
199 152 100
199 151 100
199 150 100
199 150 2450
199 149 100
199 149 2450
199 148 100
199 148 2450
199 147 100
199 147 2450
199 146 100
199 146 2450
199 145 100
199 145 2450
199 144 100
199 144 2450
199 143 100
199 143 2450
199 142 100
199 142 2450
199 141 100
199 141 2450
199 140 100
199 140 2450
199 139 100
199 139 2450
199 138 100
199 138 2450
199 137 100
199 137 2450
199 136 100
199 136 2450
199 135 100
199 135 2450
199 134 100
199 134 2450
199 133 100
199 133 2450
199 132 100
199 132 2450
199 131 100
199 131 2450
199 130 100
199 130 2450
199 129 100
199 129 2450
199 128 100
199 128 2450
199 127 100
199 127 2450
199 126 100
199 126 2450
199 125 100
199 125 2450
199 124 100
199 124 2450
118 198 100
119 198 100
120 198 100
121 198 100
122 198 100
123 198 100
124 198 100
125 198 100
126 198 100
127 198 100
128 198 100
129 198 100
130 198 100
131 198 100
132 198 100
133 198 100
134 198 100
135 198 100
136 198 100
137 198 100
138 198 100
139 198 100
140 198 100
141 198 100
142 198 100
143 198 100
144 198 100
145 198 100
146 198 100
147 198 100
148 198 100
149 198 100
150 198 100
151 198 100
152 198 100
153 198 100
154 198 100
155 198 100
156 198 100
157 198 100
158 198 100
159 198 100
160 198 100
161 198 100
162 198 100
163 198 100
164 198 100
165 198 100
166 198 100
167 198 100
168 198 100
169 198 100
170 198 100
171 198 100
172 198 100
173 198 100
174 198 100
175 198 100
176 198 100
177 198 100
178 198 100
179 198 100
180 198 100
180 198 2450
181 198 100
181 198 2450
182 198 100
182 198 2450
183 198 100
183 198 2450
184 198 100
184 198 2450
185 198 100
185 198 2450
186 198 100
186 198 2450
187 198 100
187 198 2450
188 198 100
188 198 2450
189 198 100
190 198 100
191 198 100
192 198 100
193 198 100
194 198 100
195 198 100
196 198 100
197 198 100
198 198 100
198 198 2450
199 198 100
199 198 2450
199 197 100
199 196 100
199 195 100
199 194 100
199 193 100
199 192 100
199 191 100
199 190 100
199 189 100
199 188 100
59 115 100
60 115 100
61 115 100
62 115 100
63 115 100
64 115 100
65 115 100
66 115 100
67 115 100
68 115 100
69 115 100
70 115 100
71 115 100
72 115 100
73 115 100
74 115 100
75 115 100
76 115 100
77 115 100
78 115 100
79 115 100
80 115 100
81 115 100
82 115 100
83 115 100
84 115 100
85 115 100
86 115 100
87 115 100
88 115 100
89 115 100
90 115 100
91 115 100
92 115 100
93 115 100
94 115 100
95 115 100
96 115 100
97 115 100
98 115 100
99 115 100
100 115 100
101 115 100
102 115 100
103 115 100
104 115 100
105 115 100
106 115 100
107 115 100
108 115 100
109 115 100
110 115 100
111 115 100
112 115 100
113 115 100
114 115 100
115 115 100
116 115 100
117 115 100
118 115 100
119 115 100
120 115 100
121 115 100
122 115 100
123 115 100
124 115 100
125 115 100
126 115 100
127 115 100
128 115 100
129 115 100
130 115 100
131 115 100
132 115 100
133 115 100
134 115 100
135 115 100
136 115 100
137 115 100
138 115 100
139 115 100
139 115 2450
140 115 100
140 115 2450
141 115 100
141 115 2450
142 115 100
142 115 2450
143 115 100
143 115 2450
144 115 100
144 115 2450
145 115 100
145 115 2450
146 115 100
146 115 2450
147 115 100
147 115 2450
148 115 100
148 115 2450
149 115 100
149 115 2450
150 115 100
150 115 2450
151 115 100
151 115 2450
152 115 100
152 115 2450
153 115 100
153 115 2450
154 115 100
154 115 2450
155 115 100
155 115 2450
156 115 100
156 115 2450
157 115 100
157 115 2450
158 115 100
158 115 2450
159 115 100
159 115 2450
160 115 100
160 115 2450
161 115 100
161 115 2450
162 115 100
162 115 2450
163 115 100
163 115 2450
164 115 100
164 115 2450
165 115 100
165 115 2450
166 115 100
166 115 2450
167 115 100
167 115 2450
168 115 100
168 115 2450
169 115 100
169 115 2450
170 115 100
170 115 2450
171 115 100
171 115 2450
172 115 100
172 115 2450
173 115 100
173 115 2450
174 115 100
174 115 2450
175 115 100
175 115 2450
176 115 100
176 115 2450
177 115 100
177 115 2450
178 115 100
178 115 2450
179 115 100
179 115 2450
180 115 100
180 115 2450
181 115 100
181 115 2450
182 115 100
182 115 2450
183 115 100
183 115 2450
184 115 100
184 115 2450
185 115 100
185 115 2450
186 115 100
186 115 2450
187 115 100
187 115 2450
188 115 100
188 115 2450
189 115 100
189 115 2450
190 115 100
190 115 2450
191 115 100
191 115 2450
192 115 100
192 115 2450
193 115 100
193 115 2450
194 115 100
194 115 2450
195 115 100
195 115 2450
196 115 100
196 115 2450
197 115 100
197 115 2450
198 115 100
198 115 2450
5 95 100
6 95 100
7 95 100
8 95 100
9 95 100
10 95 100
11 95 100
12 95 100
13 95 100
14 95 100
15 95 100
16 95 100
17 95 100
18 95 100
19 95 100
20 95 100
21 95 100
22 95 100
23 95 100
24 95 100
25 95 100
26 95 100
27 95 100
28 95 100
29 95 100
30 95 100
31 95 100
32 95 100
33 95 100
34 95 100
35 95 100
36 95 100
37 95 100
38 95 100
39 95 100
40 95 100
41 95 100
42 95 100
43 95 100
44 95 100
45 95 100
46 95 100
47 95 100
48 95 100
49 95 100
50 95 100
51 95 100
52 95 100
53 95 100
54 95 100
55 95 100
56 95 100
57 95 100
58 95 100
59 95 100
60 95 100
61 95 100
62 95 100
63 95 100
64 95 100
65 95 100
66 95 100
67 95 100
68 95 100
69 95 100
70 95 100
71 95 100
72 95 100
73 95 100
74 95 100
75 95 100
76 95 100
77 95 100
78 95 100
79 95 100
80 95 100
81 95 100
82 95 100
83 95 100
84 95 100
85 95 100
86 95 100
87 95 100
88 95 100
89 95 100
90 95 100
91 95 100
92 95 100
93 95 100
94 95 100
95 95 100
96 95 100
97 95 100
98 95 100
99 95 100
100 95 100
101 95 100
102 95 100
103 95 100
104 95 100
105 95 100
106 95 100
107 95 100
108 95 100
109 95 100
110 95 100
111 95 100
112 95 100
113 95 100
114 95 100
115 95 100
116 95 100
117 95 100
118 95 100
119 95 100
120 95 100
121 95 100
122 95 100
123 95 100
124 95 100
125 95 100
126 95 100
127 95 100
128 95 100
129 95 100
129 95 2450
130 95 100
130 95 2450
131 95 100
131 95 2450
132 95 100
132 95 2450
133 95 100
133 95 2450
134 95 100
134 95 2450
135 95 100
135 95 2450
136 95 100
136 95 2450
137 95 100
137 95 2450
138 95 100
138 95 2450
139 95 100
139 95 2450
140 95 100
140 95 2450
141 95 100
141 95 2450
142 95 100
142 95 2450
143 95 100
143 95 2450
144 95 100
144 95 2450
145 95 100
145 95 2450
146 95 100
146 95 2450
147 95 100
147 95 2450
148 95 100
148 95 2450
149 95 100
149 95 2450
150 95 100
150 95 2450
151 95 100
151 95 2450
152 95 100
152 95 2450
153 95 100
153 95 2450
154 95 100
154 95 2450
155 95 100
155 95 2450
156 95 100
156 95 2450
157 95 100
157 95 2450
158 95 100
158 95 2450
159 95 100
159 95 2450
160 95 100
160 95 2450
161 95 100
161 95 2450
162 95 100
162 95 2450
163 95 100
163 95 2450
163 95 1225
164 95 100
164 95 2450
164 95 1225
165 95 100
165 95 2450
165 95 1225
166 95 100
166 95 2450
166 95 1225
167 95 100
167 95 2450
167 95 1225
168 95 100
168 95 2450
169 95 100
169 95 2450
170 95 100
170 95 2450
171 95 100
171 95 2450
172 95 100
172 95 2450
173 95 100
173 95 2450
174 95 100
174 95 2450
175 95 100
175 95 2450
176 95 100
176 95 2450
177 95 100
177 95 2450
178 95 100
178 95 2450
179 95 100
179 95 2450
180 95 100
180 95 2450
181 95 100
181 95 2450
182 95 100
182 95 2450
183 95 100
183 95 2450
184 95 100
184 95 2450
185 95 100
185 95 2450
186 95 100
186 95 2450
187 95 100
187 95 2450
188 95 100
188 95 2450
189 95 100
189 95 2450
190 95 100
190 95 2450
191 95 100
191 95 2450
192 95 100
192 95 2450
193 95 100
193 95 2450
194 95 100
194 95 2450
195 95 100
195 95 2450
196 95 100
196 95 2450
197 95 100
197 95 2450
198 95 100
198 95 2450
