136 22 100
136 22 2450
135 22 100
135 22 2450
134 22 100
134 22 2450
133 22 100
133 22 2450
132 22 100
132 22 2450
131 22 100
130 22 100
129 22 100
128 22 100
127 22 100
126 22 100
125 22 100
124 22 100
123 22 100
122 22 100
121 22 100
120 22 100
119 22 100
118 22 100
117 22 100
116 22 100
116 22 2450
115 22 100
115 22 2450
114 22 100
114 22 2450
113 22 100
113 22 2450
112 22 100
112 22 2450
111 22 100
111 22 2450
110 22 100
110 22 2450
109 22 100
109 22 2450
108 22 100
108 22 2450
107 22 100
107 22 2450
106 22 100
106 22 2450
105 22 100
105 22 2450
104 22 100
104 22 2450
103 22 100
103 22 2450
102 22 100
102 22 2450
101 22 100
100 22 100
99 22 100
98 22 100
97 22 100
96 22 100
95 22 100
95 22 2450
94 22 100
94 22 2450
93 22 100
93 22 2450
92 22 100
92 22 2450
91 22 100
91 22 2450
90 22 100
90 22 2450
89 22 100
89 22 2450
88 22 100
88 22 2450
87 22 100
87 22 2450
86 22 100
86 22 2450
85 22 100
85 22 2450
84 22 100
84 22 2450
83 22 100
83 22 2450
82 22 100
82 22 2450
81 22 100
81 22 2450
80 22 100
80 22 2450
79 22 100
79 22 2450
78 22 100
78 22 2450
77 22 100
77 22 2450
76 22 100
76 22 2450
75 22 100
75 22 2450
74 22 100
74 22 2450
73 22 100
73 22 2450
72 22 100
72 22 2450
71 22 100
71 22 2450
70 22 100
70 22 2450
69 22 100
69 22 2450
68 22 100
68 22 2450
68 23 100
68 23 2450
68 24 100
68 24 2450
68 25 100
68 25 2450
68 26 100
68 26 2450
68 27 100
68 27 2450
68 28 100
68 28 2450
68 29 100
68 29 2450
68 30 100
68 31 100
68 32 100
68 33 100
68 34 100
68 35 100
68 36 100
68 37 100
68 38 100
68 39 100
68 40 100
68 41 100
68 42 100
68 43 100
68 44 100
68 45 100
68 46 100
68 47 100
68 48 100
68 49 100
68 49 2450
68 50 100
68 50 2450
110 186 100
109 186 100
108 186 100
107 186 100
106 186 100
105 186 100
104 186 100
103 186 100
102 186 100
101 186 100
100 186 100
99 186 100
98 186 100
97 186 100
96 186 100
95 186 100
94 186 100
93 186 100
92 186 100
91 186 100
91 186 2450
90 186 100
90 186 2450
89 186 100
89 186 2450
88 186 100
88 186 2450
87 186 100
87 186 2450
86 186 100
86 186 2450
85 186 100
85 186 2450
84 186 100
84 186 2450
83 186 100
83 186 2450
82 186 100
82 186 2450
81 186 100
81 186 2450
80 186 100
80 186 2450
79 186 100
79 186 2450
78 186 100
78 186 2450
77 186 100
77 186 2450
76 186 100
76 186 2450
75 186 100
75 186 2450
74 186 100
73 186 100
72 186 100
71 186 100
70 186 100
69 186 100
68 186 100
68 185 100
68 184 100
68 183 100
68 183 2450
68 182 100
68 182 2450
68 181 100
68 181 2450
68 180 100
68 180 2450
68 179 100
68 179 2450
68 178 100
68 178 2450
68 177 100
68 177 2450
68 176 100
68 176 2450
68 175 100
68 175 2450
68 174 100
68 174 2450
68 174 1225
68 173 100
68 173 2450
68 173 1225
68 172 100
68 172 2450
68 171 100
68 171 2450
68 170 100
68 170 2450
68 169 100
68 169 2450
68 168 100
68 168 2450
68 167 100
68 167 2450
68 166 100
68 166 2450
68 165 100
68 165 2450
68 164 100
68 164 2450
68 163 100
68 163 2450
68 162 100
68 161 100
68 160 100
68 159 100
68 158 100
68 157 100
68 156 100
68 155 100
68 154 100
68 153 100
68 152 100
68 151 100
68 150 100
68 149 100
68 148 100
68 147 100
68 146 100
68 145 100
68 144 100
68 143 100
68 142 100
68 141 100
68 140 100
68 139 100
68 138 100
68 137 100
68 136 100
68 135 100
68 134 100
68 134 2450
68 133 100
68 133 2450
68 132 100
68 132 2450
68 131 100
68 131 2450
68 130 100
68 130 2450
68 129 100
68 129 2450
68 128 100
68 128 2450
68 127 100
68 127 2450
68 126 100
68 126 2450
68 125 100
68 125 2450
68 124 100
68 124 2450
68 123 100
68 123 2450
68 122 100
68 122 2450
68 121 100
68 121 2450
68 120 100
68 119 100
68 118 100
68 117 100
68 116 100
68 115 100
68 114 100
68 113 100
68 112 100
68 111 100
68 110 100
68 109 100
68 108 100
68 107 100
68 106 100
68 105 100
68 105 2450
68 104 100
68 104 2450
68 103 100
68 103 2450
68 102 100
68 102 2450
68 101 100
68 101 2450
68 100 100
68 100 2450
68 99 100
68 99 2450
68 98 100
68 98 2450
68 97 100
68 97 2450
68 96 100
68 96 2450
68 95 100
68 95 2450
68 94 100
68 94 2450
68 93 100
68 93 2450
68 92 100
68 92 2450
68 91 100
68 91 2450
68 90 100
68 90 2450
68 89 100
68 89 2450
68 88 100
68 88 2450
68 87 100
68 87 2450
68 86 100
68 86 2450
68 85 100
68 85 2450
68 84 100
68 84 2450
68 83 100
68 83 2450
68 82 100
68 82 2450
68 81 100
68 81 2450
68 80 100
68 80 2450
68 79 100
68 79 2450
68 78 100
68 78 2450
68 77 100
68 77 2450
68 76 100
68 76 2450
68 75 100
68 75 2450
68 74 100
68 74 2450
68 74 1225
68 73 100
68 73 2450
68 73 1225
68 72 100
68 72 2450
68 72 1225
68 71 100
68 71 2450
68 71 1225
68 71 612
68 70 100
68 70 2450
68 70 1225
68 70 612
68 69 100
68 69 2450
68 69 1225
68 69 612
68 68 100
68 68 2450
68 68 1225
68 68 612
68 67 100
68 67 2450
68 67 1225
68 67 612
68 66 100
68 66 2450
68 66 1225
68 66 612
68 65 100
68 65 2450
68 65 1225
68 64 100
68 64 2450
68 64 1225
68 63 100
68 63 2450
68 63 1225
68 62 100
68 62 2450
68 62 1225
68 61 100
68 61 2450
68 61 1225
68 60 100
68 60 2450
68 59 100
68 59 2450
68 58 100
68 58 2450
68 57 100
68 57 2450
68 56 100
68 56 2450
68 55 100
68 55 2450
68 54 100
68 54 2450
68 53 100
68 53 2450
68 52 100
68 52 2450
68 51 100
68 51 2450
24 118 100
25 118 100
26 118 100
27 118 100
28 118 100
29 118 100
30 118 100
31 118 100
32 118 100
33 118 100
34 118 100
35 118 100
36 118 100
37 118 100
38 118 100
39 118 100
40 118 100
40 118 2450
41 118 100
41 118 2450
42 118 100
42 118 2450
43 118 100
43 118 2450
44 118 100
44 118 2450
45 118 100
45 118 2450
46 118 100
46 118 2450
47 118 100
47 118 2450
48 118 100
48 118 2450
49 118 100
49 118 2450
50 118 100
50 118 2450
51 118 100
51 118 2450
52 118 100
52 118 2450
53 118 100
53 118 2450
54 118 100
54 118 2450
55 118 100
55 118 2450
56 118 100
56 118 2450
57 118 100
57 118 2450
58 118 100
58 118 2450
59 118 100
59 118 2450
60 118 100
60 118 2450
61 118 100
61 118 2450
62 118 100
62 118 2450
63 118 100
63 118 2450
64 118 100
64 118 2450
65 118 100
65 118 2450
66 118 100
67 118 100
