47 197 100
48 197 100
49 197 100
50 197 100
51 197 100
52 197 100
52 197 2450
53 197 100
53 197 2450
54 197 100
54 197 2450
55 197 100
55 197 2450
56 197 100
56 197 2450
57 197 100
57 197 2450
58 197 100
58 197 2450
59 197 100
59 197 2450
60 197 100
60 197 2450
61 197 100
61 197 2450
62 197 100
62 197 2450
63 197 100
63 197 2450
64 197 100
64 197 2450
65 197 100
65 197 2450
66 197 100
66 197 2450
67 197 100
67 197 2450
68 197 100
68 197 2450
69 197 100
69 197 2450
70 197 100
70 197 2450
71 197 100
71 197 2450
72 197 100
72 197 2450
73 197 100
73 197 2450
74 197 100
74 197 2450
75 197 100
75 197 2450
76 197 100
77 197 100
78 197 100
79 197 100
80 197 100
81 197 100
82 197 100
83 197 100
84 197 100
85 197 100
86 197 100
87 197 100
88 197 100
89 197 100
90 197 100
91 197 100
92 197 100
93 197 100
94 197 100
95 197 100
96 197 100
97 197 100
98 197 100
99 197 100
100 197 100
101 197 100
102 197 100
103 197 100
104 197 100
105 197 100
106 197 100
107 197 100
107 197 2450
108 197 100
108 197 2450
109 197 100
109 197 2450
110 197 100
110 197 2450
111 197 100
111 197 2450
112 197 100
112 197 2450
113 197 100
113 197 2450
114 197 100
114 197 2450
115 197 100
115 197 2450
116 197 100
116 197 2450
117 197 100
117 197 2450
118 197 100
119 197 100
120 197 100
121 197 100
122 197 100
123 197 100
124 197 100
125 197 100
126 197 100
127 197 100
128 197 100
129 197 100
130 197 100
131 197 100
131 197 2450
132 197 100
132 197 2450
133 197 100
133 197 2450
134 197 100
134 197 2450
135 197 100
135 197 2450
136 197 100
136 197 2450
137 197 100
137 197 2450
138 197 100
138 197 2450
139 197 100
139 197 2450
140 197 100
140 197 2450
141 197 100
141 197 2450
142 197 100
142 197 2450
142 197 1225
143 197 100
143 197 2450
143 197 1225
144 197 100
144 197 2450
144 197 1225
145 197 100
145 197 2450
145 197 1225
146 197 100
146 197 2450
146 197 1225
147 197 100
147 197 2450
147 197 1225
148 197 100
148 197 2450
149 197 100
149 197 2450
150 197 100
150 197 2450
151 197 100
151 197 2450
152 197 100
152 197 2450
153 197 100
153 197 2450
154 197 100
154 197 2450
155 197 100
155 197 2450
156 197 100
156 197 2450
157 197 100
157 197 2450
158 197 100
159 197 100
160 197 100
161 197 100
162 197 100
163 197 100
164 197 100
165 197 100
166 197 100
167 197 100
168 197 100
169 197 100
170 197 100
171 197 100
172 197 100
173 197 100
174 197 100
175 197 100
176 197 100
177 197 100
178 197 100
179 197 100
180 197 100
181 197 100
182 197 100
183 197 100
184 197 100
184 197 2450
185 197 100
185 197 2450
186 197 100
186 197 2450
187 197 100
187 197 2450
188 197 100
188 197 2450
189 197 100
189 197 2450
190 197 100
190 197 2450
191 197 100
191 197 2450
192 197 100
192 197 2450
193 197 100
193 197 2450
194 197 100
194 197 2450
195 197 100
195 197 2450
196 197 100
196 197 2450
197 197 100
197 197 2450
198 197 100
198 197 2450
198 196 100
198 196 2450
198 196 1225
198 195 100
198 195 2450
198 195 1225
198 194 100
198 194 2450
198 194 1225
198 193 100
198 193 2450
198 193 1225
198 192 100
198 192 2450
198 192 1225
198 191 100
198 191 2450
198 190 100
198 190 2450
198 189 100
198 189 2450
198 188 100
198 188 2450
198 187 100
198 187 2450
198 186 100
198 186 2450
198 185 100
198 184 100
198 183 100
198 182 100
198 181 100
198 180 100
198 179 100
198 178 100
198 177 100
198 176 100
198 175 100
198 174 100
198 173 100
198 172 100
198 171 100
198 170 100
198 169 100
198 168 100
198 167 100
198 166 100
198 165 100
198 164 100
198 163 100
198 162 100
198 161 100
198 160 100
198 159 100
198 158 100
198 157 100
198 157 2450
198 156 100
198 156 2450
198 155 100
198 155 2450
198 154 100
198 154 2450
198 153 100
198 153 2450
198 152 100
198 152 2450
198 151 100
198 151 2450
198 150 100
198 150 2450
198 149 100
198 149 2450
198 148 100
198 147 100
198 146 100
198 145 100
198 144 100
198 143 100
198 142 100
198 141 100
198 140 100
198 139 100
198 138 100
198 137 100
198 136 100
198 135 100
198 134 100
198 133 100
198 132 100
198 131 100
198 130 100
198 129 100
198 128 100
198 127 100
198 126 100
198 125 100
198 124 100
198 123 100
198 122 100
198 121 100
198 120 100
198 119 100
198 118 100
198 117 100
198 116 100
198 115 100
198 114 100
198 113 100
198 112 100
198 111 100
198 110 100
198 109 100
198 108 100
198 107 100
198 106 100
14 54 100
15 54 100
16 54 100
17 54 100
18 54 100
19 54 100
20 54 100
21 54 100
22 54 100
23 54 100
24 54 100
25 54 100
26 54 100
27 54 100
28 54 100
29 54 100
30 54 100
31 54 100
32 54 100
33 54 100
34 54 100
35 54 100
36 54 100
37 54 100
38 54 100
39 54 100
40 54 100
41 54 100
42 54 100
43 54 100
44 54 100
45 54 100
46 54 100
47 54 100
48 54 100
49 54 100
50 54 100
51 54 100
52 54 100
53 54 100
54 54 100
55 54 100
56 54 100
57 54 100
58 54 100
59 54 100
60 54 100
61 54 100
62 54 100
63 54 100
64 54 100
65 54 100
66 54 100
67 54 100
68 54 100
69 54 100
70 54 100
71 54 100
72 54 100
73 54 100
74 54 100
75 54 100
76 54 100
77 54 100
78 54 100
79 54 100
80 54 100
81 54 100
82 54 100
83 54 100
84 54 100
84 54 2450
85 54 100
85 54 2450
86 54 100
86 54 2450
87 54 100
87 54 2450
88 54 100
88 54 2450
89 54 100
89 54 2450
90 54 100
90 54 2450
91 54 100
91 54 2450
92 54 100
92 54 2450
93 54 100
93 54 2450
94 54 100
94 54 2450
95 54 100
95 54 2450
96 54 100
96 54 2450
97 54 100
97 54 2450
98 54 100
98 54 2450
99 54 100
99 54 2450
100 54 100
100 54 2450
101 54 100
101 54 2450
102 54 100
102 54 2450
103 54 100
103 54 2450
104 54 100
104 54 2450
105 54 100
106 54 100
107 54 100
108 54 100
109 54 100
110 54 100
111 54 100
112 54 100
113 54 100
114 54 100
115 54 100
116 54 100
117 54 100
118 54 100
119 54 100
120 54 100
121 54 100
122 54 100
123 54 100
124 54 100
125 54 100
126 54 100
127 54 100
128 54 100
129 54 100
130 54 100
131 54 100
132 54 100
133 54 100
134 54 100
135 54 100
136 54 100
137 54 100
138 54 100
139 54 100
140 54 100
141 54 100
142 54 100
143 54 100
144 54 100
145 54 100
146 54 100
147 54 100
148 54 100
149 54 100
149 54 2450
150 54 100
150 54 2450
151 54 100
151 54 2450
152 54 100
152 54 2450
153 54 100
153 54 2450
154 54 100
154 54 2450
155 54 100
155 54 2450
156 54 100
156 54 2450
157 54 100
157 54 2450
158 54 100
158 54 2450
159 54 100
159 54 2450
159 54 1225
160 54 100
160 54 2450
160 54 1225
161 54 100
161 54 2450
161 54 1225
161 54 612
162 54 100
162 54 2450
162 54 1225
162 54 612
163 54 100
163 54 2450
163 54 1225
163 54 612
163 54 306
164 54 100
164 54 2450
164 54 1225
164 54 612
164 54 306
164 54 153
165 54 100
165 54 2450
165 54 1225
165 54 612
165 54 306
166 54 100
166 54 2450
166 54 1225
166 54 612
166 54 306
167 54 100
167 54 2450
167 54 1225
167 54 612
167 54 306
168 54 100
168 54 2450
168 54 1225
168 54 612
168 54 306
169 54 100
169 54 2450
169 54 1225
169 54 612
170 54 100
170 54 2450
170 54 1225
170 54 612
170 54 306
171 54 100
171 54 2450
171 54 1225
171 54 612
171 54 306
172 54 100
172 54 2450
172 54 1225
172 54 612
172 54 306
173 54 100
173 54 2450
173 54 1225
173 54 612
173 54 306
173 54 153
174 54 100
174 54 2450
174 54 1225
174 54 612
174 54 306
174 54 153
175 54 100
175 54 2450
175 54 1225
175 54 612
175 54 306
176 54 100
176 54 2450
176 54 1225
176 54 612
177 54 100
177 54 2450
177 54 1225
177 54 612
178 54 100
178 54 2450
178 54 1225
179 54 100
179 54 2450
179 54 1225
180 54 100
180 54 2450
181 54 100
181 54 2450
182 54 100
182 54 2450
183 54 100
183 54 2450
184 54 100
184 54 2450
185 54 100
185 54 2450
186 54 100
186 54 2450
187 54 100
187 54 2450
188 54 100
188 54 2450
189 54 100
189 54 2450
190 54 100
190 54 2450
191 54 100
191 54 2450
192 54 100
192 54 2450
193 54 100
193 54 2450
194 54 100
194 54 2450
195 54 100
196 54 100
197 54 100
198 54 100
198 55 100
198 56 100
198 57 100
198 58 100
198 59 100
198 60 100
198 61 100
198 62 100
198 63 100
198 64 100
198 65 100
198 66 100
198 67 100
198 68 100
198 69 100
198 70 100
198 71 100
198 72 100
198 73 100
198 74 100
198 75 100
198 76 100
198 77 100
198 78 100
198 79 100
198 80 100
198 81 100
198 82 100
198 83 100
198 84 100
198 85 100
198 86 100
198 87 100
198 88 100
198 89 100
198 90 100
198 91 100
198 92 100
198 93 100
198 94 100
198 95 100
198 96 100
198 97 100
198 98 100
198 99 100
198 100 100
198 101 100
198 102 100
198 103 100
198 104 100
198 105 100
158 181 100
159 181 100
160 181 100
161 181 100
162 181 100
163 181 100
164 181 100
165 181 100
166 181 100
167 181 100
168 181 100
168 181 2450
169 181 100
169 181 2450
170 181 100
170 181 2450
171 181 100
171 181 2450
172 181 100
172 181 2450
173 181 100
173 181 2450
174 181 100
174 181 2450
175 181 100
175 181 2450
176 181 100
176 181 2450
177 181 100
177 181 2450
178 181 100
178 181 2450
179 181 100
179 181 2450
180 181 100
180 181 2450
181 181 100
181 181 2450
182 181 100
182 181 2450
183 181 100
183 181 2450
184 181 100
184 181 2450
185 181 100
185 181 2450
186 181 100
186 181 2450
187 181 100
187 181 2450
188 181 100
188 181 2450
189 181 100
189 181 2450
190 181 100
190 181 2450
191 181 100
191 181 2450
192 181 100
192 181 2450
193 181 100
193 181 2450
194 181 100
195 181 100
196 181 100
197 181 100
