185 163 100
184 163 100
183 163 100
182 163 100
181 163 100
180 163 100
179 163 100
178 163 100
177 163 100
176 163 100
175 163 100
174 163 100
173 163 100
172 163 100
171 163 100
170 163 100
169 163 100
168 163 100
167 163 100
166 163 100
165 163 100
164 163 100
163 163 100
162 163 100
161 163 100
160 163 100
159 163 100
158 163 100
157 163 100
156 163 100
155 163 100
154 163 100
153 163 100
152 163 100
151 163 100
150 163 100
149 163 100
148 163 100
148 163 2450
147 163 100
147 163 2450
146 163 100
146 163 2450
145 163 100
145 163 2450
144 163 100
144 163 2450
143 163 100
143 163 2450
142 163 100
142 163 2450
141 163 100
141 163 2450
140 163 100
140 163 2450
139 163 100
139 163 2450
138 163 100
138 163 2450
137 163 100
137 163 2450
136 163 100
136 163 2450
135 163 100
135 163 2450
134 163 100
134 163 2450
133 163 100
133 163 2450
132 163 100
132 163 2450
131 163 100
131 163 2450
130 163 100
130 163 2450
129 163 100
129 163 2450
128 163 100
128 163 2450
127 163 100
127 163 2450
126 163 100
126 163 2450
125 163 100
125 163 2450
124 163 100
123 163 100
122 163 100
121 163 100
120 163 100
119 163 100
118 163 100
117 163 100
116 163 100
115 163 100
114 163 100
113 163 100
112 163 100
111 163 100
110 163 100
109 163 100
108 163 100
107 163 100
106 163 100
105 163 100
104 163 100
103 163 100
102 163 100
101 163 100
100 163 100
99 163 100
98 163 100
98 162 100
98 161 100
98 160 100
98 159 100
98 158 100
98 157 100
98 156 100
98 155 100
98 154 100
98 153 100
98 152 100
98 151 100
98 150 100
98 149 100
98 148 100
98 148 2450
98 147 100
98 147 2450
98 146 100
98 146 2450
98 145 100
98 145 2450
98 144 100
98 144 2450
98 143 100
98 143 2450
98 142 100
98 142 2450
98 141 100
98 141 2450
98 140 100
98 140 2450
98 139 100
98 139 2450
98 138 100
98 138 2450
98 137 100
98 137 2450
98 136 100
98 136 2450
98 135 100
98 135 2450
98 134 100
98 134 2450
98 133 100
98 133 2450
98 132 100
98 132 2450
98 131 100
98 131 2450
98 130 100
98 130 2450
98 129 100
98 129 2450
98 128 100
98 128 2450
98 127 100
98 127 2450
98 126 100
98 126 2450
98 125 100
98 125 2450
98 124 100
98 124 2450
98 123 100
98 122 100
98 121 100
98 120 100
98 119 100
98 118 100
98 117 100
98 116 100
98 115 100
98 114 100
98 113 100
98 112 100
98 111 100
98 110 100
98 109 100
98 108 100
98 107 100
98 106 100
98 105 100
98 104 100
98 103 100
98 102 100
98 101 100
98 100 100
98 99 100
98 98 100
98 97 100
13 5 100
14 5 100
15 5 100
16 5 100
17 5 100
18 5 100
19 5 100
20 5 100
21 5 100
22 5 100
22 5 2450
23 5 100
23 5 2450
24 5 100
24 5 2450
25 5 100
25 5 2450
26 5 100
26 5 2450
27 5 100
27 5 2450
28 5 100
28 5 2450
29 5 100
29 5 2450
30 5 100
30 5 2450
31 5 100
31 5 2450
32 5 100
32 5 2450
33 5 100
33 5 2450
34 5 100
34 5 2450
34 5 1225
35 5 100
35 5 2450
35 5 1225
36 5 100
36 5 2450
36 5 1225
37 5 100
37 5 2450
37 5 1225
38 5 100
38 5 2450
38 5 1225
39 5 100
39 5 2450
39 5 1225
40 5 100
40 5 2450
40 5 1225
41 5 100
41 5 2450
41 5 1225
42 5 100
42 5 2450
42 5 1225
43 5 100
43 5 2450
43 5 1225
44 5 100
44 5 2450
44 5 1225
45 5 100
45 5 2450
45 5 1225
46 5 100
46 5 2450
46 5 1225
47 5 100
47 5 2450
47 5 1225
48 5 100
48 5 2450
48 5 1225
49 5 100
49 5 2450
49 5 1225
49 5 612
50 5 100
50 5 2450
50 5 1225
50 5 612
51 5 100
51 5 2450
51 5 1225
51 5 612
52 5 100
52 5 2450
52 5 1225
52 5 612
53 5 100
53 5 2450
53 5 1225
53 5 612
54 5 100
54 5 2450
54 5 1225
54 5 612
55 5 100
55 5 2450
55 5 1225
56 5 100
56 5 2450
56 5 1225
57 5 100
57 5 2450
57 5 1225
58 5 100
58 5 2450
59 5 100
59 5 2450
60 5 100
60 5 2450
61 5 100
61 5 2450
62 5 100
62 5 2450
63 5 100
63 5 2450
64 5 100
64 5 2450
65 5 100
65 5 2450
66 5 100
66 5 2450
67 5 100
67 5 2450
68 5 100
68 5 2450
69 5 100
69 5 2450
70 5 100
70 5 2450
71 5 100
72 5 100
73 5 100
74 5 100
75 5 100
76 5 100
77 5 100
78 5 100
79 5 100
80 5 100
81 5 100
82 5 100
83 5 100
84 5 100
85 5 100
86 5 100
87 5 100
88 5 100
89 5 100
90 5 100
91 5 100
92 5 100
93 5 100
94 5 100
95 5 100
96 5 100
97 5 100
98 5 100
98 6 100
98 7 100
98 8 100
98 9 100
98 10 100
98 11 100
98 12 100
98 13 100
98 14 100
98 15 100
98 16 100
98 17 100
98 18 100
98 19 100
98 20 100
98 21 100
98 22 100
98 23 100
98 24 100
98 25 100
98 26 100
98 27 100
98 28 100
98 29 100
98 30 100
98 31 100
98 32 100
98 33 100
98 34 100
98 35 100
98 36 100
98 37 100
98 38 100
98 39 100
98 40 100
98 41 100
98 42 100
98 43 100
98 44 100
98 45 100
98 46 100
98 47 100
98 48 100
98 49 100
98 50 100
98 51 100
98 52 100
98 53 100
98 54 100
98 54 2450
98 55 100
98 55 2450
98 56 100
98 56 2450
98 57 100
98 57 2450
98 58 100
98 58 2450
98 59 100
98 59 2450
98 60 100
98 60 2450
98 61 100
98 61 2450
98 62 100
98 62 2450
98 63 100
98 63 2450
98 64 100
98 64 2450
98 65 100
98 65 2450
98 66 100
98 66 2450
98 67 100
98 67 2450
98 68 100
98 68 2450
98 69 100
98 69 2450
98 70 100
98 70 2450
98 71 100
98 71 2450
98 72 100
98 72 2450
98 73 100
98 73 2450
98 74 100
98 74 2450
98 75 100
98 75 2450
98 76 100
98 77 100
98 78 100
98 79 100
98 80 100
98 81 100
98 82 100
98 83 100
98 84 100
98 85 100
98 86 100
98 87 100
98 88 100
98 89 100
98 90 100
98 91 100
98 92 100
98 93 100
98 94 100
98 95 100
98 96 100
9 56 100
9 56 2450
10 56 100
11 56 100
12 56 100
13 56 100
14 56 100
15 56 100
16 56 100
17 56 100
18 56 100
19 56 100
20 56 100
21 56 100
22 56 100
23 56 100
24 56 100
25 56 100
26 56 100
27 56 100
28 56 100
29 56 100
30 56 100
31 56 100
32 56 100
33 56 100
34 56 100
35 56 100
36 56 100
37 56 100
38 56 100
39 56 100
40 56 100
41 56 100
42 56 100
43 56 100
44 56 100
45 56 100
46 56 100
47 56 100
48 56 100
49 56 100
50 56 100
51 56 100
52 56 100
53 56 100
54 56 100
55 56 100
56 56 100
57 56 100
58 56 100
59 56 100
60 56 100
61 56 100
62 56 100
63 56 100
64 56 100
65 56 100
66 56 100
67 56 100
68 56 100
69 56 100
70 56 100
71 56 100
72 56 100
73 56 100
74 56 100
75 56 100
76 56 100
77 56 100
78 56 100
79 56 100
80 56 100
81 56 100
82 56 100
83 56 100
84 56 100
85 56 100
86 56 100
87 56 100
88 56 100
89 56 100
90 56 100
91 56 100
92 56 100
93 56 100
94 56 100
95 56 100
95 56 2450
96 56 100
96 56 2450
97 56 100
97 56 2450
89 64 100
89 64 2450
90 64 100
90 64 2450
91 64 100
91 64 2450
92 64 100
92 64 2450
93 64 100
94 64 100
95 64 100
95 64 2450
96 64 100
96 64 2450
97 64 100
97 64 2450
87 29 100
88 29 100
89 29 100
90 29 100
91 29 100
92 29 100
93 29 100
94 29 100
95 29 100
96 29 100
97 29 100
101 164 100
100 164 100
99 164 100
98 164 100
119 21 100
118 21 100
117 21 100
116 21 100
115 21 100
114 21 100
113 21 100
112 21 100
111 21 100
110 21 100
109 21 100
108 21 100
107 21 100
106 21 100
105 21 100
104 21 100
103 21 100
102 21 100
101 21 100
100 21 100
99 21 100
59 120 100
59 120 2450
60 120 100
60 120 2450
61 120 100
61 120 2450
62 120 100
62 120 2450
63 120 100
63 120 2450
64 120 100
64 120 2450
65 120 100
65 120 2450
66 120 100
66 120 2450
67 120 100
67 120 2450
68 120 100
68 120 2450
69 120 100
69 120 2450
70 120 100
70 120 2450
71 120 100
71 120 2450
72 120 100
72 120 2450
73 120 100
74 120 100
75 120 100
76 120 100
77 120 100
78 120 100
79 120 100
80 120 100
81 120 100
82 120 100
83 120 100
84 120 100
85 120 100
86 120 100
87 120 100
88 120 100
89 120 100
90 120 100
91 120 100
92 120 100
93 120 100
94 120 100
95 120 100
96 120 100
97 120 100
9 96 100
10 96 100
11 96 100
12 96 100
13 96 100
14 96 100
15 96 100
16 96 100
17 96 100
18 96 100
19 96 100
20 96 100
21 96 100
22 96 100
23 96 100
24 96 100
25 96 100
26 96 100
27 96 100
28 96 100
29 96 100
30 96 100
31 96 100
32 96 100
33 96 100
33 96 2450
34 96 100
34 96 2450
35 96 100
35 96 2450
36 96 100
36 96 2450
37 96 100
37 96 2450
38 96 100
38 96 2450
39 96 100
39 96 2450
40 96 100
40 96 2450
41 96 100
41 96 2450
42 96 100
42 96 2450
43 96 100
43 96 2450
44 96 100
44 96 2450
45 96 100
45 96 2450
46 96 100
46 96 2450
47 96 100
47 96 2450
48 96 100
48 96 2450
49 96 100
49 96 2450
50 96 100
50 96 2450
51 96 100
51 96 2450
52 96 100
52 96 2450
53 96 100
53 96 2450
54 96 100
54 96 2450
55 96 100
55 96 2450
56 96 100
56 96 2450
57 96 100
57 96 2450
58 96 100
58 96 2450
59 96 100
59 96 2450
60 96 100
60 96 2450
60 96 1225
61 96 100
61 96 2450
61 96 1225
62 96 100
62 96 2450
62 96 1225
63 96 100
63 96 2450
63 96 1225
64 96 100
64 96 2450
64 96 1225
65 96 100
65 96 2450
65 96 1225
65 96 612
66 96 100
66 96 2450
66 96 1225
66 96 612
67 96 100
67 96 2450
67 96 1225
68 96 100
68 96 2450
68 96 1225
69 96 100
69 96 2450
69 96 1225
70 96 100
70 96 2450
70 96 1225
71 96 100
71 96 2450
71 96 1225
72 96 100
72 96 2450
72 96 1225
73 96 100
73 96 2450
74 96 100
74 96 2450
75 96 100
75 96 2450
76 96 100
76 96 2450
77 96 100
77 96 2450
78 96 100
78 96 2450
79 96 100
79 96 2450
80 96 100
80 96 2450
81 96 100
81 96 2450
82 96 100
82 96 2450
83 96 100
83 96 2450
84 96 100
84 96 2450
85 96 100
85 96 2450
86 96 100
86 96 2450
87 96 100
87 96 2450
88 96 100
89 96 100
90 96 100
91 96 100
92 96 100
93 96 100
94 96 100
95 96 100
96 96 100
97 96 100
