86 169 100
85 169 100
84 169 100
84 169 2450
83 169 100
83 169 2450
82 169 100
82 169 2450
81 169 100
81 169 2450
80 169 100
80 169 2450
79 169 100
79 169 2450
78 169 100
78 169 2450
77 169 100
77 169 2450
76 169 100
76 169 2450
75 169 100
75 169 2450
74 169 100
74 169 2450
73 169 100
73 169 2450
72 169 100
72 169 2450
71 169 100
71 169 2450
70 169 100
70 169 2450
69 169 100
69 169 2450
68 169 100
68 169 2450
67 169 100
67 169 2450
67 169 1225
66 169 100
66 169 2450
66 169 1225
65 169 100
65 169 2450
65 169 1225
64 169 100
64 169 2450
63 169 100
63 169 2450
62 169 100
62 169 2450
61 169 100
61 169 2450
60 169 100
60 169 2450
59 169 100
59 169 2450
58 169 100
58 169 2450
57 169 100
57 169 2450
56 169 100
56 169 2450
55 169 100
55 169 2450
54 169 100
53 169 100
52 169 100
51 169 100
51 168 100
51 167 100
51 166 100
51 165 100
51 164 100
51 163 100
51 162 100
51 161 100
51 160 100
51 159 100
51 158 100
51 157 100
51 156 100
51 155 100
51 154 100
51 153 100
51 152 100
51 151 100
51 151 2450
51 150 100
51 150 2450
51 149 100
51 149 2450
51 148 100
51 148 2450
51 147 100
51 147 2450
51 146 100
51 146 2450
51 145 100
51 145 2450
51 144 100
51 144 2450
51 143 100
51 143 2450
51 142 100
51 142 2450
51 141 100
51 141 2450
51 140 100
51 140 2450
51 139 100
51 139 2450
51 138 100
51 137 100
51 136 100
51 135 100
51 134 100
51 133 100
51 132 100
51 131 100
51 130 100
51 129 100
51 128 100
51 127 100
51 126 100
51 125 100
51 124 100
51 123 100
51 122 100
51 121 100
51 120 100
51 119 100
51 118 100
51 117 100
51 116 100
51 115 100
51 114 100
51 113 100
51 112 100
51 111 100
51 110 100
51 109 100
51 108 100
51 107 100
51 106 100
51 105 100
51 104 100
51 103 100
51 102 100
51 101 100
51 100 100
51 99 100
51 98 100
51 97 100
51 96 100
51 95 100
51 94 100
51 93 100
51 92 100
51 91 100
51 90 100
51 89 100
51 89 2450
51 88 100
51 88 2450
51 87 100
51 87 2450
51 86 100
51 86 2450
51 85 100
51 84 100
51 83 100
51 82 100
51 81 100
51 80 100
51 79 100
51 78 100
51 77 100
51 76 100
51 75 100
51 74 100
51 73 100
51 72 100
51 71 100
51 70 100
51 69 100
51 68 100
51 68 2450
51 67 100
51 67 2450
51 66 100
51 66 2450
51 65 100
51 65 2450
51 64 100
51 64 2450
51 63 100
51 63 2450
51 62 100
51 62 2450
51 61 100
51 61 2450
51 60 100
51 60 2450
51 59 100
51 59 2450
51 58 100
51 58 2450
51 57 100
51 57 2450
51 56 100
51 56 2450
51 55 100
51 55 2450
51 54 100
51 54 2450
51 53 100
51 53 2450
51 52 100
51 52 2450
51 51 100
51 51 2450
51 50 100
51 50 2450
51 49 100
51 49 2450
51 49 1225
51 48 100
51 48 2450
51 48 1225
51 47 100
51 47 2450
51 47 1225
51 46 100
51 46 2450
51 46 1225
51 45 100
51 45 2450
51 45 1225
51 45 612
51 44 100
51 44 2450
51 44 1225
51 44 612
51 43 100
51 43 2450
51 43 1225
51 43 612
51 42 100
51 42 2450
51 42 1225
51 42 612
51 41 100
51 41 2450
51 41 1225
51 40 100
51 40 2450
51 40 1225
51 39 100
51 39 2450
51 39 1225
51 38 100
51 38 2450
51 37 100
51 37 2450
51 36 100
51 36 2450
51 35 100
51 35 2450
51 34 100
51 34 2450
51 33 100
51 33 2450
51 32 100
51 32 2450
51 31 100
51 31 2450
51 30 100
51 30 2450
51 29 100
51 29 2450
51 28 100
51 28 2450
51 27 100
51 27 2450
51 26 100
51 26 2450
51 25 100
51 25 2450
51 24 100
51 24 2450
51 23 100
51 23 2450
51 22 100
51 22 2450
51 21 100
51 20 100
51 19 100
51 18 100
51 17 100
51 16 100
51 15 100
51 14 100
28 78 100
29 78 100
30 78 100
31 78 100
32 78 100
33 78 100
34 78 100
35 78 100
36 78 100
37 78 100
38 78 100
39 78 100
40 78 100
41 78 100
42 78 100
43 78 100
44 78 100
45 78 100
45 78 2450
46 78 100
46 78 2450
47 78 100
47 78 2450
48 78 100
49 78 100
50 78 100
144 94 100
143 94 100
142 94 100
141 94 100
140 94 100
139 94 100
138 94 100
137 94 100
136 94 100
135 94 100
134 94 100
133 94 100
132 94 100
131 94 100
130 94 100
129 94 100
128 94 100
127 94 100
126 94 100
125 94 100
124 94 100
123 94 100
122 94 100
121 94 100
121 94 2450
120 94 100
120 94 2450
119 94 100
119 94 2450
118 94 100
118 94 2450
117 94 100
117 94 2450
116 94 100
116 94 2450
115 94 100
115 94 2450
114 94 100
114 94 2450
113 94 100
113 94 2450
112 94 100
112 94 2450
111 94 100
111 94 2450
110 94 100
109 94 100
108 94 100
107 94 100
106 94 100
105 94 100
104 94 100
103 94 100
102 94 100
101 94 100
100 94 100
99 94 100
98 94 100
97 94 100
96 94 100
95 94 100
94 94 100
93 94 100
92 94 100
92 94 2450
91 94 100
91 94 2450
90 94 100
90 94 2450
89 94 100
89 94 2450
88 94 100
88 94 2450
87 94 100
87 94 2450
86 94 100
86 94 2450
85 94 100
85 94 2450
84 94 100
84 94 2450
83 94 100
83 94 2450
82 94 100
82 94 2450
81 94 100
81 94 2450
80 94 100
80 94 2450
79 94 100
79 94 2450
78 94 100
78 94 2450
77 94 100
77 94 2450
76 94 100
76 94 2450
75 94 100
75 94 2450
74 94 100
74 94 2450
73 94 100
73 94 2450
73 94 1225
72 94 100
72 94 2450
72 94 1225
71 94 100
71 94 2450
71 94 1225
70 94 100
70 94 2450
70 94 1225
69 94 100
69 94 2450
69 94 1225
68 94 100
68 94 2450
68 94 1225
67 94 100
67 94 2450
67 94 1225
66 94 100
66 94 2450
66 94 1225
65 94 100
65 94 2450
65 94 1225
64 94 100
64 94 2450
64 94 1225
63 94 100
63 94 2450
63 94 1225
62 94 100
62 94 2450
62 94 1225
61 94 100
61 94 2450
60 94 100
60 94 2450
59 94 100
59 94 2450
58 94 100
58 94 2450
57 94 100
57 94 2450
56 94 100
56 94 2450
55 94 100
55 94 2450
54 94 100
54 94 2450
53 94 100
52 94 100
185 57 100
184 57 100
183 57 100
182 57 100
181 57 100
180 57 100
179 57 100
178 57 100
177 57 100
176 57 100
175 57 100
174 57 100
173 57 100
172 57 100
171 57 100
170 57 100
169 57 100
168 57 100
167 57 100
166 57 100
166 57 2450
165 57 100
165 57 2450
164 57 100
164 57 2450
163 57 100
163 57 2450
162 57 100
162 57 2450
161 57 100
161 57 2450
160 57 100
160 57 2450
159 57 100
159 57 2450
158 57 100
158 57 2450
157 57 100
157 57 2450
156 57 100
156 57 2450
155 57 100
155 57 2450
154 57 100
154 57 2450
153 57 100
153 57 2450
152 57 100
152 57 2450
151 57 100
151 57 2450
150 57 100
150 57 2450
150 57 1225
149 57 100
149 57 2450
149 57 1225
148 57 100
148 57 2450
148 57 1225
147 57 100
147 57 2450
147 57 1225
146 57 100
146 57 2450
146 57 1225
145 57 100
145 57 2450
145 57 1225
144 57 100
144 57 2450
144 57 1225
143 57 100
143 57 2450
143 57 1225
142 57 100
142 57 2450
142 57 1225
141 57 100
141 57 2450
140 57 100
140 57 2450
139 57 100
139 57 2450
138 57 100
138 57 2450
137 57 100
137 57 2450
136 57 100
136 57 2450
135 57 100
135 57 2450
134 57 100
134 57 2450
133 57 100
133 57 2450
132 57 100
132 57 2450
131 57 100
131 57 2450
130 57 100
130 57 2450
129 57 100
129 57 2450
128 57 100
128 57 2450
127 57 100
127 57 2450
126 57 100
126 57 2450
125 57 100
125 57 2450
124 57 100
124 57 2450
123 57 100
123 57 2450
122 57 100
122 57 2450
121 57 100
121 57 2450
120 57 100
120 57 2450
119 57 100
119 57 2450
118 57 100
118 57 2450
117 57 100
117 57 2450
116 57 100
116 57 2450
115 57 100
114 57 100
113 57 100
112 57 100
111 57 100
110 57 100
109 57 100
108 57 100
107 57 100
107 57 2450
106 57 100
106 57 2450
105 57 100
105 57 2450
104 57 100
104 57 2450
103 57 100
103 57 2450
102 57 100
102 57 2450
101 57 100
101 57 2450
100 57 100
100 57 2450
99 57 100
99 57 2450
98 57 100
98 57 2450
97 57 100
97 57 2450
96 57 100
96 57 2450
95 57 100
95 57 2450
94 57 100
94 57 2450
93 57 100
93 57 2450
92 57 100
92 57 2450
91 57 100
91 57 2450
90 57 100
90 57 2450
89 57 100
89 57 2450
88 57 100
87 57 100
86 57 100
85 57 100
84 57 100
83 57 100
82 57 100
81 57 100
80 57 100
79 57 100
78 57 100
77 57 100
76 57 100
75 57 100
74 57 100
73 57 100
72 57 100
71 57 100
70 57 100
69 57 100
68 57 100
67 57 100
66 57 100
65 57 100
64 57 100
63 57 100
62 57 100
61 57 100
60 57 100
59 57 100
58 57 100
57 57 100
57 57 2450
56 57 100
56 57 2450
55 57 100
55 57 2450
54 57 100
54 57 2450
53 57 100
53 57 2450
52 57 100
52 57 2450
