116 73 100
115 73 100
114 73 100
113 73 100
112 73 100
111 73 100
110 73 100
109 73 100
108 73 100
107 73 100
106 73 100
105 73 100
104 73 100
103 73 100
102 73 100
101 73 100
100 73 100
99 73 100
99 72 100
99 71 100
99 70 100
99 69 100
99 68 100
99 67 100
99 66 100
99 65 100
99 64 100
99 63 100
99 62 100
99 61 100
99 60 100
99 59 100
99 58 100
99 57 100
99 56 100
99 55 100
99 54 100
99 53 100
99 52 100
99 51 100
99 50 100
99 49 100
99 48 100
99 47 100
99 46 100
99 45 100
99 44 100
99 43 100
99 42 100
99 41 100
99 40 100
99 39 100
99 38 100
99 37 100
99 36 100
99 35 100
99 34 100
99 33 100
99 32 100
99 31 100
99 30 100
99 29 100
99 29 2450
99 28 100
99 28 2450
99 27 100
99 27 2450
99 26 100
99 26 2450
99 25 100
99 25 2450
99 24 100
99 24 2450
99 23 100
99 23 2450
99 22 100
99 22 2450
99 21 100
99 21 2450
99 20 100
99 20 2450
99 19 100
99 19 2450
99 18 100
99 18 2450
99 17 100
99 17 2450
99 16 100
99 16 2450
99 15 100
99 15 2450
99 14 100
99 14 2450
99 13 100
99 13 2450
99 12 100
99 12 2450
99 11 100
99 11 2450
99 10 100
99 10 2450
99 9 100
99 9 2450
99 8 100
99 8 2450
99 7 100
99 7 2450
99 6 100
99 6 2450
99 5 100
99 5 2450
99 4 100
99 4 2450
99 3 100
99 3 2450
99 2 100
99 2 2450
122 155 100
121 155 100
120 155 100
119 155 100
118 155 100
117 155 100
116 155 100
115 155 100
114 155 100
113 155 100
112 155 100
111 155 100
110 155 100
109 155 100
108 155 100
107 155 100
106 155 100
105 155 100
104 155 100
103 155 100
102 155 100
101 155 100
100 155 100
99 155 100
99 154 100
99 153 100
99 152 100
99 151 100
99 150 100
99 149 100
99 148 100
99 147 100
99 146 100
99 145 100
99 144 100
99 143 100
99 142 100
99 141 100
99 140 100
99 139 100
99 138 100
99 137 100
99 136 100
99 135 100
99 134 100
99 133 100
99 132 100
99 131 100
99 130 100
99 129 100
99 128 100
99 127 100
99 126 100
99 125 100
99 124 100
99 123 100
99 122 100
99 121 100
99 120 100
99 119 100
99 118 100
99 117 100
99 116 100
99 115 100
99 114 100
99 113 100
99 113 2450
99 112 100
99 112 2450
99 111 100
99 111 2450
99 110 100
99 110 2450
99 109 100
99 109 2450
99 108 100
99 108 2450
99 107 100
99 107 2450
99 106 100
99 106 2450
99 105 100
99 105 2450
99 104 100
99 104 2450
99 103 100
99 103 2450
99 102 100
99 102 2450
99 101 100
99 101 2450
99 100 100
99 100 2450
99 99 100
99 99 2450
99 98 100
99 98 2450
99 97 100
99 97 2450
99 96 100
99 96 2450
99 95 100
99 95 2450
99 94 100
99 94 2450
99 93 100
99 93 2450
99 92 100
99 92 2450
99 91 100
99 91 2450
99 90 100
99 89 100
99 88 100
99 87 100
99 86 100
99 85 100
99 84 100
99 83 100
99 82 100
99 81 100
99 80 100
99 79 100
99 78 100
99 77 100
99 76 100
99 75 100
99 74 100
0 103 100
1 103 100
2 103 100
3 103 100
4 103 100
5 103 100
6 103 100
7 103 100
8 103 100
9 103 100
10 103 100
11 103 100
12 103 100
13 103 100
14 103 100
15 103 100
16 103 100
17 103 100
18 103 100
19 103 100
20 103 100
21 103 100
22 103 100
23 103 100
24 103 100
25 103 100
26 103 100
27 103 100
28 103 100
29 103 100
30 103 100
31 103 100
32 103 100
32 103 2450
33 103 100
33 103 2450
34 103 100
34 103 2450
35 103 100
35 103 2450
36 103 100
36 103 2450
37 103 100
37 103 2450
38 103 100
38 103 2450
39 103 100
39 103 2450
40 103 100
40 103 2450
41 103 100
41 103 2450
42 103 100
42 103 2450
43 103 100
43 103 2450
44 103 100
44 103 2450
44 103 1225
45 103 100
45 103 2450
45 103 1225
46 103 100
46 103 2450
46 103 1225
47 103 100
47 103 2450
47 103 1225
48 103 100
48 103 2450
48 103 1225
48 103 612
49 103 100
49 103 2450
49 103 1225
49 103 612
50 103 100
50 103 2450
50 103 1225
50 103 612
51 103 100
51 103 2450
51 103 1225
51 103 612
51 103 306
52 103 100
52 103 2450
52 103 1225
52 103 612
52 103 306
53 103 100
53 103 2450
53 103 1225
53 103 612
53 103 306
53 103 153
54 103 100
54 103 2450
54 103 1225
54 103 612
54 103 306
54 103 153
54 103 77
55 103 100
55 103 2450
55 103 1225
55 103 612
55 103 306
55 103 153
55 103 77
55 103 38
56 103 100
56 103 2450
56 103 1225
56 103 612
56 103 306
56 103 153
56 103 77
56 103 38
56 103 19
57 103 100
57 103 2450
57 103 1225
57 103 612
57 103 306
57 103 153
57 103 77
57 103 38
58 103 100
58 103 2450
58 103 1225
58 103 612
58 103 306
58 103 153
58 103 77
59 103 100
59 103 2450
59 103 1225
59 103 612
59 103 306
59 103 153
60 103 100
60 103 2450
60 103 1225
60 103 612
60 103 306
60 103 153
61 103 100
61 103 2450
61 103 1225
61 103 612
61 103 306
62 103 100
62 103 2450
62 103 1225
62 103 612
62 103 306
63 103 100
63 103 2450
63 103 1225
63 103 612
64 103 100
64 103 2450
64 103 1225
64 103 612
65 103 100
65 103 2450
65 103 1225
65 103 612
66 103 100
66 103 2450
66 103 1225
66 103 612
67 103 100
67 103 2450
67 103 1225
68 103 100
68 103 2450
68 103 1225
69 103 100
69 103 2450
69 103 1225
70 103 100
70 103 2450
70 103 1225
71 103 100
71 103 2450
71 103 1225
72 103 100
72 103 2450
72 103 1225
73 103 100
73 103 2450
73 103 1225
74 103 100
74 103 2450
74 103 1225
75 103 100
75 103 2450
75 103 1225
76 103 100
76 103 2450
76 103 1225
77 103 100
77 103 2450
77 103 1225
78 103 100
78 103 2450
78 103 1225
79 103 100
79 103 2450
79 103 1225
80 103 100
80 103 2450
80 103 1225
81 103 100
81 103 2450
81 103 1225
82 103 100
82 103 2450
82 103 1225
83 103 100
83 103 2450
83 103 1225
84 103 100
84 103 2450
84 103 1225
85 103 100
85 103 2450
86 103 100
86 103 2450
87 103 100
87 103 2450
88 103 100
88 103 2450
89 103 100
89 103 2450
90 103 100
90 103 2450
91 103 100
91 103 2450
92 103 100
92 103 2450
93 103 100
93 103 2450
94 103 100
94 103 2450
95 103 100
95 103 2450
96 103 100
96 103 2450
97 103 100
97 103 2450
98 103 100
98 103 2450
96 170 100
97 170 100
98 170 100
99 170 100
99 169 100
99 168 100
99 167 100
99 166 100
99 165 100
99 164 100
99 163 100
99 162 100
99 161 100
99 160 100
99 159 100
99 158 100
99 157 100
99 156 100
2 37 100
3 37 100
4 37 100
5 37 100
6 37 100
7 37 100
8 37 100
8 37 2450
9 37 100
9 37 2450
10 37 100
10 37 2450
11 37 100
11 37 2450
12 37 100
12 37 2450
13 37 100
13 37 2450
14 37 100
14 37 2450
15 37 100
15 37 2450
16 37 100
17 37 100
18 37 100
19 37 100
20 37 100
21 37 100
22 37 100
23 37 100
24 37 100
25 37 100
26 37 100
27 37 100
28 37 100
29 37 100
29 37 2450
30 37 100
30 37 2450
31 37 100
31 37 2450
32 37 100
32 37 2450
33 37 100
33 37 2450
34 37 100
34 37 2450
35 37 100
35 37 2450
36 37 100
36 37 2450
37 37 100
37 37 2450
38 37 100
38 37 2450
39 37 100
39 37 2450
40 37 100
40 37 2450
41 37 100
41 37 2450
42 37 100
42 37 2450
43 37 100
43 37 2450
44 37 100
44 37 2450
45 37 100
45 37 2450
46 37 100
46 37 2450
47 37 100
47 37 2450
48 37 100
48 37 2450
49 37 100
49 37 2450
50 37 100
50 37 2450
51 37 100
51 37 2450
52 37 100
52 37 2450
53 37 100
53 37 2450
54 37 100
54 37 2450
55 37 100
55 37 2450
56 37 100
56 37 2450
57 37 100
57 37 2450
58 37 100
58 37 2450
59 37 100
59 37 2450
60 37 100
60 37 2450
61 37 100
61 37 2450
62 37 100
62 37 2450
63 37 100
63 37 2450
64 37 100
64 37 2450
65 37 100
65 37 2450
66 37 100
66 37 2450
67 37 100
68 37 100
69 37 100
70 37 100
71 37 100
72 37 100
73 37 100
74 37 100
75 37 100
76 37 100
77 37 100
77 37 2450
78 37 100
78 37 2450
79 37 100
79 37 2450
80 37 100
80 37 2450
81 37 100
81 37 2450
82 37 100
82 37 2450
83 37 100
83 37 2450
84 37 100
84 37 2450
85 37 100
85 37 2450
86 37 100
86 37 2450
87 37 100
87 37 2450
88 37 100
88 37 2450
89 37 100
89 37 2450
90 37 100
90 37 2450
91 37 100
91 37 2450
92 37 100
92 37 2450
93 37 100
93 37 2450
94 37 100
94 37 2450
95 37 100
95 37 2450
96 37 100
97 37 100
98 37 100
184 56 100
183 56 100
182 56 100
181 56 100
180 56 100
179 56 100
178 56 100
177 56 100
176 56 100
175 56 100
174 56 100
173 56 100
172 56 100
171 56 100
170 56 100
169 56 100
168 56 100
168 56 2450
167 56 100
167 56 2450
166 56 100
166 56 2450
165 56 100
165 56 2450
164 56 100
164 56 2450
163 56 100
163 56 2450
162 56 100
162 56 2450
161 56 100
161 56 2450
160 56 100
160 56 2450
159 56 100
159 56 2450
158 56 100
158 56 2450
157 56 100
157 56 2450
156 56 100
156 56 2450
155 56 100
155 56 2450
154 56 100
154 56 2450
153 56 100
153 56 2450
152 56 100
152 56 2450
151 56 100
151 56 2450
150 56 100
150 56 2450
149 56 100
148 56 100
147 56 100
146 56 100
145 56 100
144 56 100
143 56 100
142 56 100
141 56 100
140 56 100
139 56 100
138 56 100
137 56 100
136 56 100
135 56 100
134 56 100
133 56 100
132 56 100
131 56 100
130 56 100
129 56 100
128 56 100
127 56 100
126 56 100
125 56 100
124 56 100
123 56 100
122 56 100
121 56 100
120 56 100
119 56 100
118 56 100
117 56 100
116 56 100
115 56 100
114 56 100
113 56 100
112 56 100
111 56 100
110 56 100
109 56 100
108 56 100
107 56 100
106 56 100
105 56 100
104 56 100
103 56 100
102 56 100
101 56 100
100 56 100
197 164 100
197 164 2450
196 164 100
196 164 2450
195 164 100
195 164 2450
194 164 100
194 164 2450
193 164 100
193 164 2450
192 164 100
192 164 2450
191 164 100
191 164 2450
190 164 100
190 164 2450
189 164 100
189 164 2450
188 164 100
188 164 2450
187 164 100
187 164 2450
186 164 100
186 164 2450
185 164 100
185 164 2450
184 164 100
184 164 2450
183 164 100
183 164 2450
182 164 100
182 164 2450
181 164 100
181 164 2450
180 164 100
180 164 2450
179 164 100
179 164 2450
178 164 100
178 164 2450
177 164 100
177 164 2450
176 164 100
176 164 2450
175 164 100
175 164 2450
174 164 100
174 164 2450
173 164 100
173 164 2450
172 164 100
172 164 2450
171 164 100
171 164 2450
170 164 100
170 164 2450
169 164 100
169 164 2450
168 164 100
168 164 2450
167 164 100
167 164 2450
166 164 100
166 164 2450
165 164 100
165 164 2450
164 164 100
164 164 2450
163 164 100
163 164 2450
162 164 100
162 164 2450
161 164 100
161 164 2450
160 164 100
160 164 2450
159 164 100
159 164 2450
158 164 100
158 164 2450
157 164 100
157 164 2450
156 164 100
156 164 2450
155 164 100
155 164 2450
154 164 100
154 164 2450
153 164 100
153 164 2450
152 164 100
152 164 2450
151 164 100
151 164 2450
150 164 100
150 164 2450
149 164 100
149 164 2450
148 164 100
148 164 2450
147 164 100
147 164 2450
146 164 100
146 164 2450
145 164 100
145 164 2450
144 164 100
144 164 2450
143 164 100
143 164 2450
142 164 100
142 164 2450
141 164 100
141 164 2450
140 164 100
140 164 2450
139 164 100
139 164 2450
138 164 100
138 164 2450
137 164 100
137 164 2450
136 164 100
136 164 2450
135 164 100
135 164 2450
134 164 100
134 164 2450
133 164 100
133 164 2450
132 164 100
132 164 2450
131 164 100
131 164 2450
130 164 100
130 164 2450
129 164 100
129 164 2450
128 164 100
127 164 100
126 164 100
125 164 100
124 164 100
123 164 100
122 164 100
121 164 100
120 164 100
119 164 100
118 164 100
117 164 100
116 164 100
115 164 100
114 164 100
113 164 100
112 164 100
111 164 100
110 164 100
109 164 100
108 164 100
107 164 100
106 164 100
105 164 100
104 164 100
103 164 100
102 164 100
101 164 100
100 164 100
130 28 100
129 28 100
128 28 100
127 28 100
126 28 100
125 28 100
124 28 100
123 28 100
122 28 100
121 28 100
120 28 100
119 28 100
118 28 100
117 28 100
116 28 100
115 28 100
114 28 100
113 28 100
112 28 100
111 28 100
110 28 100
109 28 100
108 28 100
107 28 100
106 28 100
105 28 100
104 28 100
103 28 100
102 28 100
101 28 100
100 28 100
100 28 2450
57 43 100
57 43 2450
58 43 100
58 43 2450
59 43 100
59 43 2450
60 43 100
60 43 2450
61 43 100
61 43 2450
62 43 100
62 43 2450
63 43 100
63 43 2450
64 43 100
65 43 100
66 43 100
67 43 100
68 43 100
69 43 100
70 43 100
71 43 100
72 43 100
73 43 100
74 43 100
75 43 100
76 43 100
77 43 100
78 43 100
79 43 100
80 43 100
81 43 100
82 43 100
83 43 100
84 43 100
85 43 100
86 43 100
87 43 100
88 43 100
89 43 100
90 43 100
91 43 100
92 43 100
93 43 100
94 43 100
95 43 100
96 43 100
97 43 100
98 43 100
