50 31 100
49 31 100
48 31 100
47 31 100
46 31 100
45 31 100
45 31 2450
44 31 100
44 31 2450
43 31 100
43 31 2450
42 31 100
42 31 2450
41 31 100
41 31 2450
40 31 100
40 31 2450
39 31 100
39 31 2450
38 31 100
38 31 2450
37 31 100
37 31 2450
36 31 100
35 31 100
34 31 100
33 31 100
32 31 100
31 31 100
30 31 100
29 31 100
28 31 100
27 31 100
26 31 100
25 31 100
24 31 100
23 31 100
22 31 100
22 31 2450
21 31 100
21 31 2450
20 31 100
20 31 2450
20 32 100
20 32 2450
20 33 100
20 33 2450
20 34 100
20 34 2450
20 35 100
20 35 2450
20 36 100
20 36 2450
20 37 100
20 37 2450
20 38 100
20 38 2450
20 39 100
20 39 2450
20 40 100
20 40 2450
20 41 100
20 41 2450
20 42 100
20 42 2450
20 43 100
20 43 2450
20 44 100
20 44 2450
20 45 100
20 45 2450
20 46 100
20 46 2450
20 47 100
20 47 2450
20 48 100
20 48 2450
20 49 100
20 49 2450
20 50 100
20 50 2450
20 51 100
20 51 2450
20 52 100
20 52 2450
20 52 1225
20 53 100
20 53 2450
20 53 1225
20 54 100
20 54 2450
20 54 1225
20 55 100
20 55 2450
20 55 1225
20 56 100
20 56 2450
20 56 1225
20 57 100
20 57 2450
20 57 1225
20 58 100
20 58 2450
20 58 1225
20 59 100
20 59 2450
20 59 1225
20 60 100
20 60 2450
20 60 1225
20 61 100
20 61 2450
20 61 1225
20 62 100
20 62 2450
20 62 1225
20 63 100
20 63 2450
20 64 100
20 64 2450
20 65 100
20 65 2450
20 66 100
20 66 2450
20 67 100
20 67 2450
20 68 100
20 68 2450
20 69 100
20 69 2450
20 70 100
20 70 2450
20 71 100
20 71 2450
20 72 100
20 73 100
20 74 100
20 75 100
20 76 100
20 77 100
20 78 100
20 79 100
20 80 100
20 81 100
20 82 100
20 83 100
20 84 100
136 48 100
135 48 100
134 48 100
133 48 100
132 48 100
131 48 100
131 48 2450
130 48 100
130 48 2450
129 48 100
129 48 2450
128 48 100
128 48 2450
127 48 100
127 48 2450
126 48 100
126 48 2450
125 48 100
125 48 2450
124 48 100
124 48 2450
123 48 100
123 48 2450
122 48 100
122 48 2450
122 48 1225
121 48 100
121 48 2450
121 48 1225
120 48 100
120 48 2450
120 48 1225
119 48 100
119 48 2450
119 48 1225
118 48 100
118 48 2450
118 48 1225
117 48 100
117 48 2450
117 48 1225
116 48 100
116 48 2450
115 48 100
115 48 2450
114 48 100
114 48 2450
113 48 100
113 48 2450
112 48 100
112 48 2450
111 48 100
111 48 2450
110 48 100
110 48 2450
109 48 100
109 48 2450
108 48 100
108 48 2450
107 48 100
107 48 2450
106 48 100
105 48 100
104 48 100
103 48 100
102 48 100
101 48 100
100 48 100
99 48 100
98 48 100
97 48 100
96 48 100
95 48 100
94 48 100
93 48 100
92 48 100
91 48 100
90 48 100
89 48 100
88 48 100
87 48 100
86 48 100
85 48 100
84 48 100
83 48 100
82 48 100
82 48 2450
81 48 100
81 48 2450
80 48 100
80 48 2450
79 48 100
79 48 2450
78 48 100
78 48 2450
77 48 100
77 48 2450
76 48 100
76 48 2450
75 48 100
75 48 2450
74 48 100
74 48 2450
73 48 100
73 48 2450
72 48 100
72 48 2450
71 48 100
71 48 2450
70 48 100
70 48 2450
69 48 100
69 48 2450
68 48 100
68 48 2450
67 48 100
67 48 2450
66 48 100
66 48 2450
65 48 100
65 48 2450
64 48 100
64 48 2450
63 48 100
63 48 2450
62 48 100
61 48 100
60 48 100
59 48 100
58 48 100
57 48 100
56 48 100
55 48 100
54 48 100
53 48 100
52 48 100
51 48 100
50 48 100
49 48 100
48 48 100
47 48 100
46 48 100
45 48 100
44 48 100
43 48 100
42 48 100
41 48 100
40 48 100
39 48 100
39 48 2450
38 48 100
38 48 2450
37 48 100
37 48 2450
36 48 100
36 48 2450
35 48 100
35 48 2450
34 48 100
34 48 2450
33 48 100
33 48 2450
32 48 100
32 48 2450
31 48 100
31 48 2450
30 48 100
30 48 2450
29 48 100
29 48 2450
29 48 1225
28 48 100
28 48 2450
28 48 1225
27 48 100
27 48 2450
27 48 1225
26 48 100
26 48 2450
26 48 1225
25 48 100
25 48 2450
25 48 1225
24 48 100
24 48 2450
24 48 1225
23 48 100
23 48 2450
23 48 1225
22 48 100
22 48 2450
22 48 1225
21 48 100
21 48 2450
179 99 100
178 99 100
177 99 100
176 99 100
175 99 100
174 99 100
173 99 100
172 99 100
171 99 100
170 99 100
170 99 2450
169 99 100
169 99 2450
168 99 100
168 99 2450
167 99 100
167 99 2450
166 99 100
166 99 2450
165 99 100
165 99 2450
164 99 100
164 99 2450
163 99 100
162 99 100
161 99 100
160 99 100
159 99 100
158 99 100
157 99 100
156 99 100
155 99 100
154 99 100
153 99 100
152 99 100
151 99 100
150 99 100
149 99 100
149 99 2450
148 99 100
148 99 2450
147 99 100
147 99 2450
146 99 100
146 99 2450
145 99 100
145 99 2450
144 99 100
144 99 2450
143 99 100
143 99 2450
142 99 100
142 99 2450
141 99 100
141 99 2450
140 99 100
140 99 2450
139 99 100
139 99 2450
138 99 100
138 99 2450
137 99 100
137 99 2450
136 99 100
136 99 2450
135 99 100
135 99 2450
134 99 100
134 99 2450
133 99 100
133 99 2450
132 99 100
132 99 2450
131 99 100
131 99 2450
130 99 100
130 99 2450
129 99 100
128 99 100
127 99 100
126 99 100
125 99 100
124 99 100
123 99 100
122 99 100
121 99 100
120 99 100
119 99 100
118 99 100
117 99 100
116 99 100
115 99 100
115 99 2450
114 99 100
114 99 2450
113 99 100
113 99 2450
112 99 100
112 99 2450
111 99 100
111 99 2450
110 99 100
110 99 2450
109 99 100
109 99 2450
108 99 100
108 99 2450
107 99 100
107 99 2450
106 99 100
106 99 2450
105 99 100
105 99 2450
104 99 100
104 99 2450
104 99 1225
103 99 100
103 99 2450
103 99 1225
102 99 100
102 99 2450
102 99 1225
101 99 100
101 99 2450
101 99 1225
100 99 100
100 99 2450
100 99 1225
99 99 100
99 99 2450
99 99 1225
98 99 100
98 99 2450
97 99 100
97 99 2450
96 99 100
96 99 2450
95 99 100
95 99 2450
94 99 100
94 99 2450
93 99 100
93 99 2450
92 99 100
92 99 2450
91 99 100
91 99 2450
90 99 100
90 99 2450
89 99 100
89 99 2450
88 99 100
88 99 2450
87 99 100
87 99 2450
86 99 100
86 99 2450
85 99 100
85 99 2450
84 99 100
83 99 100
82 99 100
81 99 100
80 99 100
79 99 100
78 99 100
77 99 100
76 99 100
75 99 100
74 99 100
73 99 100
72 99 100
71 99 100
70 99 100
69 99 100
68 99 100
67 99 100
66 99 100
65 99 100
65 99 2450
64 99 100
64 99 2450
63 99 100
63 99 2450
62 99 100
62 99 2450
61 99 100
61 99 2450
60 99 100
60 99 2450
59 99 100
59 99 2450
58 99 100
58 99 2450
57 99 100
57 99 2450
56 99 100
56 99 2450
55 99 100
55 99 2450
54 99 100
54 99 2450
53 99 100
53 99 2450
52 99 100
52 99 2450
51 99 100
51 99 2450
50 99 100
50 99 2450
49 99 100
49 99 2450
48 99 100
48 99 2450
47 99 100
47 99 2450
46 99 100
46 99 2450
45 99 100
45 99 2450
44 99 100
44 99 2450
43 99 100
43 99 2450
42 99 100
42 99 2450
41 99 100
41 99 2450
40 99 100
40 99 2450
39 99 100
38 99 100
38 99 2450
37 99 100
37 99 2450
36 99 100
36 99 2450
35 99 100
35 99 2450
34 99 100
34 99 2450
33 99 100
33 99 2450
32 99 100
32 99 2450
31 99 100
31 99 2450
30 99 100
30 99 2450
29 99 100
29 99 2450
28 99 100
28 99 2450
28 99 1225
27 99 100
27 99 2450
27 99 1225
26 99 100
26 99 2450
26 99 1225
26 99 612
25 99 100
25 99 2450
25 99 1225
25 99 612
24 99 100
24 99 2450
24 99 1225
24 99 612
23 99 100
23 99 2450
23 99 1225
23 99 612
22 99 100
22 99 2450
22 99 1225
22 99 612
21 99 100
21 99 2450
21 99 1225
21 99 612
20 99 100
20 99 2450
20 99 1225
20 98 100
20 98 2450
20 98 1225
20 97 100
20 97 2450
20 97 1225
20 96 100
20 96 2450
20 96 1225
20 95 100
20 95 2450
20 95 1225
20 94 100
20 94 2450
20 93 100
20 93 2450
20 92 100
20 92 2450
20 91 100
20 91 2450
20 90 100
20 90 2450
20 89 100
20 89 2450
20 88 100
20 87 100
20 86 100
20 85 100
75 80 100
75 80 2450
74 80 100
74 80 2450
73 80 100
73 80 2450
72 80 100
72 80 2450
71 80 100
71 80 2450
70 80 100
70 80 2450
69 80 100
69 80 2450
68 80 100
68 80 2450
67 80 100
67 80 2450
66 80 100
66 80 2450
65 80 100
65 80 2450
64 80 100
64 80 2450
63 80 100
63 80 2450
62 80 100
62 80 2450
61 80 100
61 80 2450
60 80 100
60 80 2450
59 80 100
59 80 2450
58 80 100
58 80 2450
57 80 100
57 80 2450
56 80 100
55 80 100
54 80 100
53 80 100
52 80 100
51 80 100
50 80 100
49 80 100
48 80 100
47 80 100
47 80 2450
46 80 100
46 80 2450
45 80 100
45 80 2450
44 80 100
44 80 2450
43 80 100
43 80 2450
42 80 100
42 80 2450
41 80 100
41 80 2450
40 80 100
40 80 2450
39 80 100
39 80 2450
38 80 100
38 80 2450
37 80 100
37 80 2450
36 80 100
36 80 2450
35 80 100
35 80 2450
34 80 100
34 80 2450
33 80 100
32 80 100
31 80 100
30 80 100
29 80 100
28 80 100
27 80 100
26 80 100
25 80 100
24 80 100
23 80 100
22 80 100
21 80 100
159 148 100
158 148 100
157 148 100
156 148 100
155 148 100
154 148 100
153 148 100
152 148 100
151 148 100
150 148 100
149 148 100
148 148 100
147 148 100
146 148 100
145 148 100
144 148 100
143 148 100
142 148 100
141 148 100
140 148 100
139 148 100
139 148 2450
138 148 100
138 148 2450
137 148 100
137 148 2450
136 148 100
136 148 2450
135 148 100
135 148 2450
134 148 100
134 148 2450
133 148 100
133 148 2450
132 148 100
132 148 2450
131 148 100
131 148 2450
130 148 100
130 148 2450
129 148 100
129 148 2450
128 148 100
128 148 2450
127 148 100
127 148 2450
126 148 100
126 148 2450
125 148 100
125 148 2450
124 148 100
124 148 2450
123 148 100
122 148 100
121 148 100
120 148 100
119 148 100
118 148 100
117 148 100
116 148 100
115 148 100
114 148 100
113 148 100
112 148 100
111 148 100
110 148 100
109 148 100
108 148 100
107 148 100
106 148 100
105 148 100
105 148 2450
104 148 100
104 148 2450
103 148 100
103 148 2450
102 148 100
102 148 2450
101 148 100
101 148 2450
100 148 100
100 148 2450
99 148 100
99 148 2450
98 148 100
98 148 2450
97 148 100
97 148 2450
96 148 100
96 148 2450
95 148 100
95 148 2450
94 148 100
94 148 2450
93 148 100
93 148 2450
92 148 100
92 148 2450
91 148 100
91 148 2450
90 148 100
90 148 2450
89 148 100
89 148 2450
88 148 100
88 148 2450
87 148 100
87 148 2450
86 148 100
86 148 2450
85 148 100
85 148 2450
84 148 100
84 148 2450
83 148 100
83 148 2450
82 148 100
82 148 2450
81 148 100
81 148 2450
80 148 100
80 148 2450
80 148 1225
79 148 100
79 148 2450
79 148 1225
78 148 100
78 148 2450
78 148 1225
77 148 100
77 148 2450
77 148 1225
76 148 100
76 148 2450
76 148 1225
75 148 100
75 148 2450
75 148 1225
74 148 100
74 148 2450
74 148 1225
73 148 100
73 148 2450
73 148 1225
72 148 100
72 148 2450
72 148 1225
71 148 100
71 148 2450
71 148 1225
70 148 100
70 148 2450
70 148 1225
69 148 100
69 148 2450
69 148 1225
68 148 100
68 148 2450
68 148 1225
67 148 100
67 148 2450
66 148 100
66 148 2450
65 148 100
65 148 2450
64 148 100
64 148 2450
63 148 100
63 148 2450
62 148 100
62 148 2450
61 148 100
61 148 2450
60 148 100
60 148 2450
59 148 100
59 148 2450
58 148 100
58 148 2450
57 148 100
57 148 2450
56 148 100
56 148 2450
55 148 100
55 148 2450
54 148 100
54 148 2450
53 148 100
53 148 2450
52 148 100
52 148 2450
51 148 100
51 148 2450
50 148 100
50 148 2450
49 148 100
49 148 2450
48 148 100
48 148 2450
47 148 100
47 148 2450
46 148 100
46 148 2450
45 148 100
45 148 2450
44 148 100
44 148 2450
43 148 100
43 148 2450
42 148 100
42 148 2450
41 148 100
40 148 100
39 148 100
38 148 100
37 148 100
36 148 100
35 148 100
34 148 100
33 148 100
32 148 100
31 148 100
30 148 100
29 148 100
28 148 100
27 148 100
26 148 100
25 148 100
24 148 100
23 148 100
22 148 100
21 148 100
20 148 100
20 147 100
20 146 100
20 145 100
20 144 100
20 144 2450
20 143 100
20 143 2450
20 142 100
20 142 2450
20 141 100
20 141 2450
20 140 100
20 140 2450
20 139 100
20 139 2450
20 138 100
20 138 2450
20 137 100
20 137 2450
20 136 100
20 136 2450
20 135 100
20 135 2450
20 134 100
20 134 2450
20 133 100
20 133 2450
20 132 100
20 132 2450
20 132 1225
20 131 100
20 131 2450
20 131 1225
20 130 100
20 130 2450
20 130 1225
20 129 100
20 129 2450
20 129 1225
20 128 100
20 128 2450
20 128 1225
20 127 100
20 127 2450
20 127 1225
20 126 100
20 126 2450
20 125 100
20 125 2450
20 124 100
20 124 2450
20 123 100
20 123 2450
20 122 100
20 122 2450
20 121 100
20 121 2450
20 120 100
20 120 2450
20 119 100
20 119 2450
20 118 100
20 118 2450
20 117 100
20 117 2450
20 116 100
20 116 2450
20 115 100
20 115 2450
20 114 100
20 114 2450
20 113 100
20 113 2450
20 112 100
20 112 2450
20 111 100
20 111 2450
20 110 100
20 110 2450
20 109 100
20 109 2450
20 108 100
20 108 2450
20 107 100
20 107 2450
20 106 100
20 106 2450
20 105 100
20 105 2450
20 105 1225
20 104 100
20 104 2450
20 104 1225
20 103 100
20 103 2450
20 103 1225
20 102 100
20 102 2450
20 102 1225
20 101 100
20 101 2450
20 101 1225
20 100 100
20 100 2450
20 100 1225
128 107 100
127 107 100
126 107 100
125 107 100
124 107 100
123 107 100
122 107 100
121 107 100
120 107 100
119 107 100
118 107 100
117 107 100
116 107 100
115 107 100
114 107 100
113 107 100
112 107 100
111 107 100
110 107 100
109 107 100
109 107 2450
108 107 100
108 107 2450
107 107 100
107 107 2450
106 107 100
106 107 2450
105 107 100
105 107 2450
104 107 100
104 107 2450
103 107 100
103 107 2450
102 107 100
102 107 2450
101 107 100
101 107 2450
100 107 100
100 107 2450
99 107 100
99 107 2450
98 107 100
98 107 2450
98 107 1225
97 107 100
97 107 2450
97 107 1225
96 107 100
96 107 2450
96 107 1225
95 107 100
95 107 2450
95 107 1225
94 107 100
94 107 2450
94 107 1225
93 107 100
93 107 2450
93 107 1225
92 107 100
92 107 2450
92 107 1225
91 107 100
91 107 2450
91 107 1225
90 107 100
90 107 2450
89 107 100
89 107 2450
88 107 100
88 107 2450
87 107 100
87 107 2450
86 107 100
86 107 2450
85 107 100
85 107 2450
84 107 100
84 107 2450
83 107 100
83 107 2450
82 107 100
82 107 2450
81 107 100
80 107 100
79 107 100
78 107 100
77 107 100
76 107 100
75 107 100
74 107 100
73 107 100
72 107 100
71 107 100
70 107 100
69 107 100
68 107 100
67 107 100
66 107 100
65 107 100
64 107 100
63 107 100
62 107 100
62 107 2450
61 107 100
61 107 2450
60 107 100
60 107 2450
59 107 100
59 107 2450
58 107 100
58 107 2450
57 107 100
57 107 2450
56 107 100
56 107 2450
55 107 100
55 107 2450
54 107 100
54 107 2450
53 107 100
53 107 2450
52 107 100
52 107 2450
51 107 100
51 107 2450
50 107 100
49 107 100
48 107 100
47 107 100
46 107 100
45 107 100
44 107 100
43 107 100
42 107 100
41 107 100
40 107 100
39 107 100
38 107 100
37 107 100
36 107 100
35 107 100
34 107 100
33 107 100
33 107 2450
32 107 100
32 107 2450
31 107 100
31 107 2450
30 107 100
30 107 2450
29 107 100
29 107 2450
28 107 100
28 107 2450
27 107 100
27 107 2450
26 107 100
26 107 2450
25 107 100
25 107 2450
24 107 100
24 107 2450
23 107 100
23 107 2450
23 107 1225
22 107 100
22 107 2450
22 107 1225
21 107 100
21 107 2450
187 138 100
186 138 100
185 138 100
184 138 100
183 138 100
182 138 100
181 138 100
180 138 100
179 138 100
178 138 100
177 138 100
177 138 2450
176 138 100
176 138 2450
175 138 100
175 138 2450
174 138 100
174 138 2450
173 138 100
173 138 2450
172 138 100
172 138 2450
171 138 100
171 138 2450
170 138 100
170 138 2450
169 138 100
169 138 2450
168 138 100
167 138 100
166 138 100
165 138 100
164 138 100
163 138 100
162 138 100
161 138 100
160 138 100
159 138 100
158 138 100
157 138 100
156 138 100
155 138 100
154 138 100
153 138 100
152 138 100
151 138 100
150 138 100
149 138 100
148 138 100
147 138 100
146 138 100
145 138 100
144 138 100
143 138 100
142 138 100
141 138 100
140 138 100
139 138 100
138 138 100
137 138 100
136 138 100
135 138 100
135 138 2450
134 138 100
134 138 2450
133 138 100
133 138 2450
132 138 100
132 138 2450
131 138 100
131 138 2450
130 138 100
130 138 2450
129 138 100
129 138 2450
128 138 100
128 138 2450
127 138 100
127 138 2450
126 138 100
125 138 100
124 138 100
123 138 100
122 138 100
121 138 100
120 138 100
119 138 100
118 138 100
117 138 100
116 138 100
115 138 100
114 138 100
113 138 100
112 138 100
111 138 100
110 138 100
109 138 100
108 138 100
107 138 100
106 138 100
105 138 100
104 138 100
103 138 100
102 138 100
101 138 100
100 138 100
99 138 100
98 138 100
98 138 2450
97 138 100
97 138 2450
96 138 100
96 138 2450
95 138 100
95 138 2450
94 138 100
94 138 2450
93 138 100
93 138 2450
92 138 100
92 138 2450
91 138 100
91 138 2450
90 138 100
90 138 2450
89 138 100
89 138 2450
88 138 100
88 138 2450
87 138 100
87 138 2450
86 138 100
86 138 2450
85 138 100
85 138 2450
85 138 1225
84 138 100
84 138 2450
84 138 1225
83 138 100
83 138 2450
83 138 1225
82 138 100
82 138 2450
82 138 1225
82 138 612
81 138 100
81 138 2450
81 138 1225
81 138 612
80 138 100
80 138 2450
80 138 1225
80 138 612
79 138 100
79 138 2450
79 138 1225
79 138 612
78 138 100
78 138 2450
78 138 1225
77 138 100
77 138 2450
77 138 1225
76 138 100
76 138 2450
76 138 1225
75 138 100
75 138 2450
74 138 100
74 138 2450
73 138 100
73 138 2450
72 138 100
72 138 2450
71 138 100
71 138 2450
70 138 100
70 138 2450
69 138 100
69 138 2450
68 138 100
68 138 2450
67 138 100
67 138 2450
66 138 100
66 138 2450
65 138 100
65 138 2450
64 138 100
64 138 2450
63 138 100
63 138 2450
62 138 100
62 138 2450
61 138 100
61 138 2450
60 138 100
60 138 2450
59 138 100
59 138 2450
58 138 100
58 138 2450
57 138 100
57 138 2450
56 138 100
56 138 2450
55 138 100
55 138 2450
54 138 100
54 138 2450
53 138 100
53 138 2450
52 138 100
52 138 2450
51 138 100
51 138 2450
50 138 100
49 138 100
48 138 100
47 138 100
46 138 100
45 138 100
44 138 100
43 138 100
42 138 100
41 138 100
40 138 100
39 138 100
38 138 100
37 138 100
36 138 100
35 138 100
34 138 100
33 138 100
32 138 100
31 138 100
30 138 100
29 138 100
28 138 100
27 138 100
27 138 2450
26 138 100
26 138 2450
25 138 100
25 138 2450
24 138 100
24 138 2450
23 138 100
23 138 2450
22 138 100
22 138 2450
21 138 100
21 138 2450
0 37 100
1 37 100
2 37 100
3 37 100
4 37 100
5 37 100
6 37 100
7 37 100
8 37 100
9 37 100
9 37 2450
10 37 100
10 37 2450
11 37 100
11 37 2450
12 37 100
12 37 2450
13 37 100
13 37 2450
14 37 100
14 37 2450
15 37 100
15 37 2450
16 37 100
16 37 2450
17 37 100
17 37 2450
18 37 100
18 37 2450
19 37 100
19 37 2450
95 157 100
94 157 100
93 157 100
92 157 100
91 157 100
90 157 100
89 157 100
88 157 100
87 157 100
86 157 100
85 157 100
84 157 100
83 157 100
82 157 100
81 157 100
81 157 2450
80 157 100
80 157 2450
79 157 100
79 157 2450
78 157 100
78 157 2450
77 157 100
77 157 2450
76 157 100
76 157 2450
75 157 100
75 157 2450
74 157 100
74 157 2450
73 157 100
73 157 2450
72 157 100
72 157 2450
71 157 100
71 157 2450
70 157 100
70 157 2450
69 157 100
69 157 2450
68 157 100
68 157 2450
67 157 100
67 157 2450
66 157 100
66 157 2450
65 157 100
65 157 2450
64 157 100
64 157 2450
63 157 100
62 157 100
61 157 100
60 157 100
59 157 100
58 157 100
57 157 100
56 157 100
55 157 100
54 157 100
53 157 100
52 157 100
51 157 100
51 157 2450
50 157 100
50 157 2450
49 157 100
49 157 2450
48 157 100
48 157 2450
47 157 100
47 157 2450
46 157 100
46 157 2450
45 157 100
45 157 2450
44 157 100
44 157 2450
43 157 100
43 157 2450
42 157 100
42 157 2450
41 157 100
41 157 2450
40 157 100
40 157 2450
39 157 100
39 157 2450
38 157 100
38 157 2450
37 157 100
37 157 2450
36 157 100
36 157 2450
35 157 100
35 157 2450
34 157 100
34 157 2450
33 157 100
33 157 2450
32 157 100
32 157 2450
31 157 100
31 157 2450
30 157 100
30 157 2450
29 157 100
29 157 2450
28 157 100
28 157 2450
27 157 100
27 157 2450
26 157 100
26 157 2450
25 157 100
25 157 2450
24 157 100
24 157 2450
23 157 100
23 157 2450
22 157 100
22 157 2450
21 157 100
21 157 2450
20 157 100
20 157 2450
20 156 100
20 156 2450
20 155 100
20 155 2450
20 154 100
20 154 2450
20 153 100
20 153 2450
20 152 100
20 152 2450
20 151 100
20 151 2450
20 150 100
20 150 2450
20 149 100
20 149 2450
