144 145 100
143 145 100
142 145 100
141 145 100
140 145 100
139 145 100
138 145 100
137 145 100
136 145 100
135 145 100
134 145 100
133 145 100
132 145 100
131 145 100
130 145 100
129 145 100
128 145 100
127 145 100
126 145 100
125 145 100
124 145 100
123 145 100
122 145 100
121 145 100
120 145 100
119 145 100
118 145 100
117 145 100
116 145 100
115 145 100
114 145 100
113 145 100
112 145 100
111 145 100
110 145 100
109 145 100
108 145 100
107 145 100
106 145 100
105 145 100
104 145 100
103 145 100
102 145 100
101 145 100
100 145 100
99 145 100
98 145 100
97 145 100
96 145 100
95 145 100
94 145 100
93 145 100
92 145 100
91 145 100
90 145 100
89 145 100
88 145 100
87 145 100
86 145 100
85 145 100
84 145 100
83 145 100
83 144 100
83 143 100
83 142 100
83 141 100
83 140 100
83 139 100
83 138 100
83 137 100
83 136 100
83 135 100
83 134 100
83 133 100
83 132 100
83 131 100
83 131 2450
83 130 100
83 130 2450
83 129 100
83 129 2450
83 128 100
83 128 2450
83 127 100
83 127 2450
83 126 100
83 126 2450
83 125 100
83 125 2450
83 124 100
83 124 2450
83 123 100
83 123 2450
83 122 100
83 122 2450
83 121 100
83 121 2450
83 120 100
83 120 2450
83 119 100
83 119 2450
83 118 100
83 118 2450
83 117 100
83 117 2450
83 116 100
83 116 2450
83 115 100
83 115 2450
83 114 100
83 114 2450
83 113 100
83 113 2450
83 112 100
83 112 2450
83 111 100
83 111 2450
83 110 100
83 110 2450
83 109 100
83 109 2450
83 108 100
83 108 2450
83 107 100
83 107 2450
83 106 100
83 106 2450
83 105 100
83 105 2450
83 104 100
83 104 2450
83 103 100
83 103 2450
83 102 100
83 102 2450
83 101 100
83 101 2450
83 100 100
83 100 2450
83 99 100
83 99 2450
83 98 100
83 98 2450
83 97 100
83 97 2450
83 96 100
83 96 2450
83 95 100
83 95 2450
83 94 100
83 94 2450
83 93 100
83 93 2450
83 92 100
83 92 2450
83 91 100
83 91 2450
83 90 100
83 90 2450
83 89 100
83 89 2450
83 88 100
83 88 2450
83 87 100
83 87 2450
83 86 100
83 86 2450
83 85 100
83 85 2450
83 84 100
83 84 2450
83 83 100
83 83 2450
83 82 100
83 82 2450
83 81 100
83 81 2450
83 80 100
83 80 2450
83 79 100
83 79 2450
83 78 100
83 78 2450
83 77 100
83 77 2450
83 76 100
83 76 2450
83 75 100
83 75 2450
83 74 100
83 74 2450
83 73 100
83 73 2450
83 72 100
83 72 2450
83 71 100
83 71 2450
83 70 100
83 70 2450
83 69 100
83 69 2450
83 68 100
83 68 2450
83 67 100
83 67 2450
83 66 100
83 66 2450
83 65 100
83 65 2450
83 64 100
83 64 2450
83 63 100
83 63 2450
83 62 100
83 62 2450
83 61 100
83 61 2450
83 60 100
83 60 2450
83 59 100
83 59 2450
83 58 100
83 58 2450
83 57 100
83 57 2450
83 56 100
83 56 2450
83 55 100
83 55 2450
83 54 100
83 54 2450
83 53 100
83 53 2450
83 52 100
83 52 2450
83 51 100
83 50 100
83 49 100
83 48 100
83 47 100
83 46 100
83 45 100
83 44 100
83 43 100
83 42 100
83 41 100
83 40 100
83 39 100
83 38 100
83 37 100
83 36 100
83 35 100
83 34 100
83 33 100
83 32 100
83 31 100
83 30 100
83 29 100
83 28 100
83 27 100
83 26 100
83 25 100
83 24 100
83 23 100
83 22 100
83 22 2450
83 21 100
83 21 2450
83 20 100
83 20 2450
83 19 100
83 19 2450
83 18 100
83 18 2450
83 17 100
83 17 2450
83 16 100
83 16 2450
83 15 100
83 15 2450
83 14 100
83 14 2450
83 13 100
83 13 2450
83 12 100
83 12 2450
83 11 100
83 11 2450
83 10 100
83 10 2450
15 18 100
16 18 100
17 18 100
18 18 100
19 18 100
20 18 100
21 18 100
22 18 100
23 18 100
24 18 100
25 18 100
26 18 100
27 18 100
28 18 100
29 18 100
30 18 100
31 18 100
32 18 100
33 18 100
34 18 100
35 18 100
36 18 100
37 18 100
38 18 100
39 18 100
40 18 100
40 18 2450
41 18 100
41 18 2450
42 18 100
42 18 2450
43 18 100
43 18 2450
44 18 100
44 18 2450
45 18 100
45 18 2450
46 18 100
46 18 2450
47 18 100
47 18 2450
48 18 100
48 18 2450
49 18 100
49 18 2450
50 18 100
50 18 2450
51 18 100
51 18 2450
52 18 100
52 18 2450
53 18 100
53 18 2450
54 18 100
54 18 2450
55 18 100
55 18 2450
56 18 100
56 18 2450
57 18 100
57 18 2450
58 18 100
58 18 2450
59 18 100
59 18 2450
60 18 100
60 18 2450
61 18 100
61 18 2450
62 18 100
62 18 2450
63 18 100
63 18 2450
64 18 100
64 18 2450
65 18 100
65 18 2450
66 18 100
66 18 2450
67 18 100
67 18 2450
68 18 100
68 18 2450
69 18 100
69 18 2450
70 18 100
70 18 2450
71 18 100
71 18 2450
72 18 100
72 18 2450
73 18 100
73 18 2450
74 18 100
74 18 2450
75 18 100
75 18 2450
76 18 100
76 18 2450
77 18 100
77 18 2450
78 18 100
78 18 2450
79 18 100
79 18 2450
80 18 100
80 18 2450
81 18 100
81 18 2450
82 18 100
82 18 2450
46 38 100
47 38 100
48 38 100
49 38 100
50 38 100
51 38 100
52 38 100
53 38 100
54 38 100
55 38 100
56 38 100
57 38 100
58 38 100
59 38 100
60 38 100
61 38 100
62 38 100
63 38 100
64 38 100
65 38 100
66 38 100
67 38 100
68 38 100
69 38 100
70 38 100
71 38 100
72 38 100
73 38 100
74 38 100
75 38 100
76 38 100
77 38 100
78 38 100
79 38 100
80 38 100
81 38 100
82 38 100
69 199 100
70 199 100
71 199 100
72 199 100
73 199 100
74 199 100
75 199 100
76 199 100
77 199 100
78 199 100
79 199 100
80 199 100
81 199 100
82 199 100
83 199 100
83 198 100
83 197 100
83 196 100
83 195 100
83 194 100
83 193 100
83 192 100
83 191 100
83 190 100
83 189 100
83 188 100
83 187 100
83 186 100
83 185 100
83 184 100
83 183 100
83 182 100
83 181 100
83 180 100
83 179 100
83 178 100
83 177 100
83 176 100
83 175 100
83 174 100
83 173 100
83 172 100
83 171 100
83 170 100
83 169 100
83 168 100
83 167 100
83 166 100
83 165 100
83 164 100
83 163 100
83 162 100
83 161 100
83 160 100
83 159 100
83 158 100
83 157 100
83 156 100
83 155 100
83 154 100
83 153 100
83 152 100
83 151 100
83 150 100
83 149 100
83 148 100
83 147 100
83 146 100
172 75 100
171 75 100
170 75 100
169 75 100
168 75 100
167 75 100
166 75 100
165 75 100
164 75 100
163 75 100
162 75 100
161 75 100
160 75 100
159 75 100
158 75 100
157 75 100
156 75 100
155 75 100
154 75 100
154 75 2450
153 75 100
153 75 2450
152 75 100
152 75 2450
151 75 100
151 75 2450
150 75 100
150 75 2450
149 75 100
149 75 2450
148 75 100
148 75 2450
147 75 100
147 75 2450
146 75 100
146 75 2450
145 75 100
145 75 2450
144 75 100
144 75 2450
143 75 100
143 75 2450
142 75 100
142 75 2450
141 75 100
141 75 2450
140 75 100
140 75 2450
139 75 100
139 75 2450
138 75 100
138 75 2450
137 75 100
137 75 2450
136 75 100
136 75 2450
135 75 100
135 75 2450
134 75 100
134 75 2450
133 75 100
133 75 2450
132 75 100
132 75 2450
131 75 100
131 75 2450
130 75 100
130 75 2450
129 75 100
129 75 2450
128 75 100
128 75 2450
127 75 100
127 75 2450
126 75 100
126 75 2450
125 75 100
125 75 2450
124 75 100
124 75 2450
123 75 100
123 75 2450
122 75 100
122 75 2450
121 75 100
121 75 2450
120 75 100
120 75 2450
119 75 100
119 75 2450
118 75 100
118 75 2450
117 75 100
117 75 2450
116 75 100
116 75 2450
115 75 100
115 75 2450
114 75 100
114 75 2450
113 75 100
113 75 2450
112 75 100
112 75 2450
111 75 100
111 75 2450
110 75 100
110 75 2450
109 75 100
109 75 2450
108 75 100
108 75 2450
107 75 100
107 75 2450
106 75 100
106 75 2450
105 75 100
105 75 2450
104 75 100
104 75 2450
103 75 100
103 75 2450
102 75 100
102 75 2450
101 75 100
101 75 2450
100 75 100
100 75 2450
99 75 100
99 75 2450
98 75 100
98 75 2450
97 75 100
97 75 2450
96 75 100
96 75 2450
95 75 100
95 75 2450
94 75 100
94 75 2450
93 75 100
93 75 2450
92 75 100
92 75 2450
91 75 100
91 75 2450
90 75 100
90 75 2450
89 75 100
89 75 2450
88 75 100
88 75 2450
87 75 100
87 75 2450
86 75 100
86 75 2450
85 75 100
85 75 2450
84 75 100
84 75 2450
120 118 100
119 118 100
118 118 100
117 118 100
116 118 100
116 118 2450
115 118 100
115 118 2450
114 118 100
114 118 2450
113 118 100
113 118 2450
112 118 100
112 118 2450
111 118 100
111 118 2450
110 118 100
110 118 2450
109 118 100
109 118 2450
108 118 100
108 118 2450
107 118 100
107 118 2450
106 118 100
106 118 2450
105 118 100
105 118 2450
104 118 100
104 118 2450
103 118 100
103 118 2450
102 118 100
102 118 2450
101 118 100
101 118 2450
100 118 100
100 118 2450
99 118 100
99 118 2450
98 118 100
98 118 2450
97 118 100
97 118 2450
96 118 100
96 118 2450
95 118 100
95 118 2450
94 118 100
94 118 2450
93 118 100
93 118 2450
92 118 100
92 118 2450
91 118 100
91 118 2450
90 118 100
90 118 2450
89 118 100
89 118 2450
88 118 100
88 118 2450
87 118 100
87 118 2450
86 118 100
86 118 2450
85 118 100
85 118 2450
84 118 100
84 118 2450
81 164 100
82 164 100
