92 16 100
92 16 2450
91 16 100
91 16 2450
90 16 100
90 16 2450
89 16 100
89 16 2450
88 16 100
88 16 2450
87 16 100
87 16 2450
86 16 100
86 16 2450
85 16 100
85 16 2450
84 16 100
84 16 2450
83 16 100
82 16 100
81 16 100
80 16 100
79 16 100
78 16 100
77 16 100
76 16 100
75 16 100
74 16 100
73 16 100
72 16 100
71 16 100
70 16 100
69 16 100
68 16 100
67 16 100
67 16 2450
66 16 100
66 16 2450
65 16 100
65 16 2450
64 16 100
64 16 2450
63 16 100
63 16 2450
62 16 100
62 16 2450
61 16 100
61 16 2450
60 16 100
60 16 2450
59 16 100
59 16 2450
58 16 100
58 16 2450
57 16 100
57 16 2450
56 16 100
56 16 2450
55 16 100
55 16 2450
54 16 100
54 16 2450
53 16 100
53 16 2450
52 16 100
52 16 2450
51 16 100
51 16 2450
50 16 100
50 16 2450
49 16 100
49 16 2450
48 16 100
48 16 2450
47 16 100
47 16 2450
46 16 100
46 16 2450
45 16 100
45 16 2450
44 16 100
44 16 2450
43 16 100
43 16 2450
42 16 100
42 16 2450
41 16 100
41 16 2450
40 16 100
40 16 2450
39 16 100
39 16 2450
38 16 100
38 16 2450
37 16 100
37 16 2450
36 16 100
36 16 2450
35 16 100
35 16 2450
34 16 100
34 16 2450
33 16 100
33 16 2450
32 16 100
32 16 2450
31 16 100
31 16 2450
30 16 100
30 16 2450
29 16 100
29 16 2450
28 16 100
28 16 2450
27 16 100
27 16 2450
26 16 100
26 16 2450
25 16 100
25 16 2450
24 16 100
24 16 2450
23 16 100
23 16 2450
22 16 100
22 16 2450
21 16 100
21 16 2450
20 16 100
20 16 2450
19 16 100
19 16 2450
18 16 100
18 16 2450
17 16 100
17 16 2450
16 16 100
16 16 2450
15 16 100
15 16 2450
14 16 100
14 16 2450
13 16 100
13 16 2450
12 16 100
12 16 2450
11 16 100
11 16 2450
10 16 100
10 16 2450
9 16 100
9 16 2450
8 16 100
8 16 2450
7 16 100
7 16 2450
6 16 100
6 16 2450
5 16 100
5 16 2450
5 17 100
5 17 2450
5 18 100
5 19 100
5 20 100
5 21 100
5 22 100
5 23 100
5 24 100
5 25 100
5 26 100
5 27 100
5 28 100
5 29 100
5 30 100
5 31 100
5 32 100
5 33 100
5 34 100
5 35 100
5 36 100
5 37 100
5 38 100
5 38 2450
5 39 100
5 39 2450
5 40 100
5 40 2450
5 41 100
5 41 2450
5 42 100
5 42 2450
5 43 100
5 43 2450
5 44 100
5 44 2450
5 45 100
5 45 2450
5 46 100
5 46 2450
5 47 100
5 47 2450
5 48 100
5 48 2450
5 49 100
5 49 2450
5 50 100
5 50 2450
5 51 100
5 51 2450
5 52 100
5 52 2450
5 53 100
5 53 2450
5 54 100
5 54 2450
5 55 100
5 55 2450
5 56 100
5 56 2450
5 57 100
5 57 2450
5 58 100
5 58 2450
5 59 100
5 59 2450
5 60 100
5 60 2450
5 61 100
5 61 2450
5 62 100
5 62 2450
5 63 100
5 63 2450
5 64 100
5 64 2450
5 65 100
5 65 2450
5 66 100
5 66 2450
5 67 100
5 67 2450
5 68 100
5 68 2450
5 69 100
5 69 2450
5 70 100
5 70 2450
5 71 100
5 71 2450
5 72 100
5 72 2450
5 73 100
5 73 2450
5 74 100
5 74 2450
5 75 100
5 75 2450
5 76 100
5 76 2450
5 77 100
5 77 2450
5 78 100
5 78 2450
5 79 100
5 79 2450
5 80 100
5 80 2450
5 81 100
5 81 2450
5 82 100
5 82 2450
5 83 100
5 83 2450
5 84 100
5 84 2450
5 85 100
5 85 2450
5 86 100
5 86 2450
5 87 100
5 87 2450
5 88 100
5 88 2450
5 89 100
5 89 2450
5 90 100
5 90 2450
5 91 100
5 91 2450
5 92 100
5 92 2450
5 93 100
5 93 2450
5 94 100
5 94 2450
5 95 100
5 95 2450
5 96 100
5 96 2450
5 97 100
5 97 2450
5 98 100
5 98 2450
5 99 100
5 99 2450
5 100 100
5 100 2450
5 101 100
5 101 2450
5 102 100
5 102 2450
5 103 100
5 103 2450
5 104 100
5 104 2450
5 105 100
5 105 2450
5 106 100
5 106 2450
5 107 100
5 107 2450
5 108 100
5 108 2450
5 109 100
5 109 2450
5 110 100
5 110 2450
5 111 100
5 111 2450
5 112 100
5 112 2450
5 113 100
5 113 2450
5 114 100
5 114 2450
5 115 100
5 115 2450
5 116 100
5 116 2450
5 117 100
5 117 2450
5 118 100
5 118 2450
5 119 100
5 119 2450
5 120 100
5 120 2450
5 121 100
5 121 2450
5 122 100
5 122 2450
5 123 100
5 123 2450
5 124 100
5 124 2450
5 125 100
5 125 2450
5 126 100
5 126 2450
5 127 100
5 127 2450
5 128 100
5 128 2450
5 129 100
5 129 2450
5 130 100
5 130 2450
5 131 100
5 131 2450
5 132 100
5 132 2450
5 133 100
5 133 2450
5 134 100
5 134 2450
5 135 100
5 135 2450
5 136 100
5 136 2450
5 137 100
5 137 2450
5 138 100
5 138 2450
5 139 100
5 139 2450
5 140 100
5 140 2450
5 141 100
5 141 2450
5 142 100
5 142 2450
5 143 100
5 143 2450
5 144 100
5 144 2450
5 145 100
5 145 2450
5 146 100
5 146 2450
5 147 100
5 147 2450
5 148 100
5 148 2450
5 149 100
5 149 2450
5 150 100
5 150 2450
5 151 100
5 151 2450
5 152 100
5 152 2450
5 153 100
5 153 2450
5 154 100
5 154 2450
5 155 100
5 155 2450
5 156 100
5 156 2450
5 157 100
5 157 2450
5 158 100
5 158 2450
5 159 100
5 159 2450
5 160 100
5 160 2450
5 161 100
5 161 2450
5 162 100
5 162 2450
5 163 100
5 163 2450
5 164 100
5 164 2450
5 165 100
5 165 2450
5 166 100
5 166 2450
5 167 100
5 167 2450
5 168 100
5 168 2450
5 169 100
5 169 2450
5 170 100
5 170 2450
5 171 100
5 171 2450
5 172 100
5 172 2450
5 173 100
5 173 2450
5 174 100
5 174 2450
5 175 100
5 175 2450
5 176 100
5 176 2450
5 177 100
5 177 2450
5 178 100
5 178 2450
5 179 100
5 179 2450
5 180 100
5 180 2450
5 181 100
5 181 2450
5 182 100
5 182 2450
5 183 100
5 183 2450
5 184 100
5 184 2450
5 185 100
5 185 2450
5 186 100
5 186 2450
5 187 100
5 187 2450
5 188 100
5 188 2450
5 189 100
5 189 2450
5 190 100
5 190 2450
5 191 100
5 191 2450
5 192 100
5 192 2450
5 193 100
5 193 2450
5 194 100
5 194 2450
5 195 100
5 195 2450
5 196 100
