156 2 100
157 2 100
158 2 100
159 2 100
160 2 100
161 2 100
161 2 2450
162 2 100
162 2 2450
163 2 100
163 2 2450
164 2 100
164 2 2450
165 2 100
165 2 2450
166 2 100
166 2 2450
167 2 100
167 2 2450
168 2 100
168 2 2450
169 2 100
169 2 2450
170 2 100
170 2 2450
171 2 100
171 2 2450
172 2 100
172 2 2450
173 2 100
173 2 2450
174 2 100
174 2 2450
175 2 100
175 2 2450
176 2 100
176 2 2450
177 2 100
177 2 2450
178 2 100
178 2 2450
179 2 100
179 2 2450
180 2 100
180 2 2450
181 2 100
181 2 2450
182 2 100
182 2 2450
183 2 100
183 2 2450
184 2 100
184 2 2450
185 2 100
185 2 2450
186 2 100
186 2 2450
187 2 100
187 2 2450
188 2 100
188 2 2450
189 2 100
189 2 2450
190 2 100
190 2 2450
191 2 100
191 2 2450
192 2 100
192 2 2450
193 2 100
193 2 2450
194 2 100
194 2 2450
195 2 100
195 2 2450
196 2 100
196 2 2450
196 3 100
196 3 2450
196 4 100
196 4 2450
196 5 100
196 5 2450
196 6 100
196 6 2450
196 7 100
196 7 2450
196 8 100
196 8 2450
196 9 100
196 9 2450
196 10 100
196 10 2450
196 11 100
196 11 2450
196 12 100
196 12 2450
196 13 100
196 13 2450
196 14 100
196 14 2450
196 15 100
196 15 2450
196 16 100
196 16 2450
196 17 100
196 17 2450
196 18 100
196 18 2450
196 19 100
196 19 2450
196 20 100
196 20 2450
196 21 100
196 21 2450
196 22 100
196 22 2450
196 23 100
196 23 2450
196 24 100
196 24 2450
196 25 100
196 25 2450
196 26 100
196 26 2450
196 27 100
196 27 2450
196 28 100
196 28 2450
196 29 100
196 29 2450
196 30 100
196 30 2450
196 31 100
196 31 2450
196 32 100
196 32 2450
196 33 100
196 33 2450
196 34 100
196 34 2450
196 35 100
196 35 2450
196 36 100
196 36 2450
196 37 100
196 37 2450
196 38 100
196 38 2450
196 39 100
196 39 2450
196 40 100
196 40 2450
196 41 100
196 41 2450
196 42 100
196 42 2450
196 43 100
196 43 2450
196 44 100
196 44 2450
196 45 100
196 45 2450
196 46 100
196 46 2450
196 47 100
196 47 2450
196 48 100
196 48 2450
196 49 100
196 49 2450
196 50 100
196 50 2450
196 51 100
196 51 2450
196 52 100
196 52 2450
196 53 100
196 53 2450
196 54 100
196 54 2450
196 55 100
196 55 2450
196 56 100
196 56 2450
196 57 100
196 57 2450
196 58 100
196 58 2450
196 59 100
196 59 2450
196 60 100
196 60 2450
196 61 100
196 61 2450
196 62 100
196 62 2450
196 63 100
196 63 2450
196 64 100
196 64 2450
196 65 100
196 65 2450
196 66 100
196 66 2450
196 67 100
196 67 2450
196 68 100
196 68 2450
196 69 100
196 69 2450
196 70 100
196 70 2450
196 71 100
196 71 2450
196 72 100
196 72 2450
196 73 100
196 73 2450
196 74 100
196 74 2450
196 75 100
196 75 2450
196 76 100
196 76 2450
196 77 100
196 77 2450
196 78 100
196 78 2450
196 79 100
196 79 2450
196 80 100
196 80 2450
196 81 100
196 81 2450
196 82 100
196 82 2450
196 83 100
196 83 2450
196 84 100
196 84 2450
196 85 100
196 85 2450
196 86 100
196 86 2450
196 87 100
196 87 2450
196 88 100
196 88 2450
196 89 100
196 89 2450
196 90 100
196 90 2450
196 91 100
196 91 2450
196 92 100
196 93 100
196 94 100
196 95 100
196 96 100
196 97 100
196 98 100
196 99 100
196 100 100
196 101 100
196 102 100
196 103 100
196 104 100
196 105 100
196 106 100
196 107 100
196 108 100
196 109 100
196 110 100
196 111 100
196 112 100
196 113 100
196 114 100
196 115 100
196 116 100
196 117 100
196 118 100
196 119 100
196 120 100
196 121 100
196 122 100
196 123 100
196 124 100
196 125 100
196 126 100
196 127 100
196 128 100
196 129 100
196 130 100
196 130 2450
196 131 100
196 131 2450
196 132 100
196 132 2450
196 133 100
196 133 2450
196 134 100
196 134 2450
196 135 100
196 135 2450
196 136 100
196 136 2450
196 137 100
196 137 2450
196 138 100
196 138 2450
196 139 100
196 139 2450
196 140 100
196 140 2450
196 141 100
196 141 2450
196 142 100
196 142 2450
196 143 100
196 143 2450
196 144 100
196 144 2450
196 145 100
196 145 2450
196 146 100
196 146 2450
196 147 100
196 147 2450
196 148 100
196 148 2450
196 149 100
196 149 2450
196 150 100
196 150 2450
196 151 100
196 151 2450
196 152 100
196 152 2450
196 153 100
196 153 2450
196 153 1225
196 154 100
196 154 2450
196 154 1225
196 155 100
196 155 2450
196 155 1225
196 156 100
196 156 2450
196 156 1225
196 157 100
196 157 2450
196 157 1225
196 158 100
196 158 2450
196 158 1225
196 159 100
196 159 2450
196 159 1225
196 160 100
196 160 2450
196 160 1225
196 161 100
196 161 2450
196 161 1225
196 162 100
196 162 2450
196 162 1225
196 163 100
196 163 2450
196 163 1225
196 164 100
196 164 2450
196 164 1225
196 165 100
196 165 2450
196 165 1225
196 166 100
196 166 2450
196 166 1225
196 167 100
196 167 2450
196 167 1225
196 168 100
196 168 2450
196 168 1225
196 169 100
196 169 2450
196 169 1225
196 170 100
196 170 2450
196 170 1225
196 171 100
196 171 2450
196 171 1225
196 172 100
196 172 2450
196 173 100
196 173 2450
196 174 100
196 174 2450
196 175 100
196 175 2450
196 176 100
196 176 2450
196 177 100
196 177 2450
196 178 100
196 178 2450
196 179 100
196 179 2450
196 180 100
196 180 2450
196 181 100
196 181 2450
196 182 100
196 182 2450
196 183 100
196 183 2450
196 184 100
196 184 2450
196 185 100
196 185 2450
196 186 100
196 186 2450
196 187 100
196 187 2450
196 188 100
196 188 2450
196 189 100
196 189 2450
196 190 100
196 190 2450
196 191 100
196 191 2450
196 192 100
196 192 2450
196 193 100
196 193 2450
16 69 100
17 69 100
17 69 2450
18 69 100
18 69 2450
19 69 100
19 69 2450
20 69 100
20 69 2450
21 69 100
21 69 2450
22 69 100
22 69 2450
23 69 100
23 69 2450
24 69 100
24 69 2450
25 69 100
25 69 2450
26 69 100
26 69 2450
27 69 100
27 69 2450
28 69 100
28 69 2450
29 69 100
29 69 2450
30 69 100
30 69 2450
31 69 100
31 69 2450
32 69 100
32 69 2450
33 69 100
33 69 2450
34 69 100
34 69 2450
35 69 100
35 69 2450
36 69 100
36 69 2450
37 69 100
37 69 2450
38 69 100
38 69 2450
39 69 100
39 69 2450
40 69 100
40 69 2450
41 69 100
41 69 2450
42 69 100
42 69 2450
43 69 100
43 69 2450
44 69 100
44 69 2450
45 69 100
45 69 2450
46 69 100
46 69 2450
47 69 100
47 69 2450
48 69 100
48 69 2450
49 69 100
49 69 2450
50 69 100
50 69 2450
51 69 100
51 69 2450
52 69 100
52 69 2450
53 69 100
53 69 2450
54 69 100
54 69 2450
55 69 100
55 69 2450
56 69 100
56 69 2450
57 69 100
57 69 2450
58 69 100
58 69 2450
59 69 100
59 69 2450
60 69 100
61 69 100
62 69 100
63 69 100
64 69 100
65 69 100
66 69 100
67 69 100
68 69 100
69 69 100
70 69 100
71 69 100
72 69 100
73 69 100
74 69 100
75 69 100
76 69 100
77 69 100
78 69 100
79 69 100
80 69 100
81 69 100
82 69 100
83 69 100
84 69 100
85 69 100
86 69 100
87 69 100
88 69 100
89 69 100
90 69 100
91 69 100
92 69 100
93 69 100
94 69 100
95 69 100
96 69 100
97 69 100
98 69 100
99 69 100
100 69 100
101 69 100
102 69 100
103 69 100
104 69 100
105 69 100
106 69 100
107 69 100
107 69 2450
108 69 100
108 69 2450
109 69 100
109 69 2450
110 69 100
110 69 2450
111 69 100
111 69 2450
112 69 100
112 69 2450
113 69 100
113 69 2450
114 69 100
114 69 2450
115 69 100
115 69 2450
116 69 100
116 69 2450
117 69 100
117 69 2450
118 69 100
118 69 2450
119 69 100
119 69 2450
120 69 100
120 69 2450
121 69 100
121 69 2450
122 69 100
122 69 2450
123 69 100
123 69 2450
124 69 100
124 69 2450
125 69 100
125 69 2450
126 69 100
126 69 2450
127 69 100
127 69 2450
128 69 100
128 69 2450
129 69 100
129 69 2450
130 69 100
130 69 2450
131 69 100
131 69 2450
132 69 100
132 69 2450
133 69 100
133 69 2450
134 69 100
134 69 2450
135 69 100
135 69 2450
136 69 100
136 69 2450
137 69 100
137 69 2450
138 69 100
139 69 100
140 69 100
141 69 100
142 69 100
143 69 100
144 69 100
145 69 100
146 69 100
147 69 100
148 69 100
149 69 100
150 69 100
151 69 100
152 69 100
153 69 100
154 69 100
155 69 100
156 69 100
157 69 100
158 69 100
159 69 100
160 69 100
161 69 100
162 69 100
163 69 100
164 69 100
165 69 100
166 69 100
167 69 100
168 69 100
169 69 100
170 69 100
171 69 100
172 69 100
173 69 100
174 69 100
175 69 100
176 69 100
177 69 100
178 69 100
179 69 100
180 69 100
181 69 100
182 69 100
183 69 100
184 69 100
185 69 100
185 69 2450
186 69 100
186 69 2450
187 69 100
187 69 2450
188 69 100
188 69 2450
189 69 100
189 69 2450
190 69 100
190 69 2450
191 69 100
191 69 2450
192 69 100
192 69 2450
193 69 100
193 69 2450
194 69 100
194 69 2450
195 69 100
195 69 2450
135 179 100
136 179 100
137 179 100
138 179 100
139 179 100
140 179 100
141 179 100
142 179 100
143 179 100
144 179 100
145 179 100
146 179 100
147 179 100
148 179 100
149 179 100
150 179 100
151 179 100
151 179 2450
152 179 100
152 179 2450
153 179 100
153 179 2450
154 179 100
154 179 2450
155 179 100
155 179 2450
156 179 100
156 179 2450
157 179 100
157 179 2450
158 179 100
158 179 2450
159 179 100
159 179 2450
160 179 100
160 179 2450
161 179 100
161 179 2450
162 179 100
162 179 2450
163 179 100
163 179 2450
164 179 100
164 179 2450
165 179 100
165 179 2450
166 179 100
166 179 2450
167 179 100
167 179 2450
168 179 100
168 179 2450
169 179 100
169 179 2450
169 179 1225
170 179 100
170 179 2450
170 179 1225
171 179 100
171 179 2450
171 179 1225
172 179 100
172 179 2450
172 179 1225
173 179 100
173 179 2450
173 179 1225
174 179 100
174 179 2450
174 179 1225
175 179 100
175 179 2450
175 179 1225
176 179 100
176 179 2450
176 179 1225
177 179 100
177 179 2450
177 179 1225
178 179 100
178 179 2450
178 179 1225
179 179 100
179 179 2450
179 179 1225
180 179 100
180 179 2450
180 179 1225
181 179 100
181 179 2450
181 179 1225
182 179 100
182 179 2450
182 179 1225
183 179 100
183 179 2450
183 179 1225
184 179 100
184 179 2450
184 179 1225
185 179 100
185 179 2450
185 179 1225
186 179 100
186 179 2450
186 179 1225
187 179 100
187 179 2450
187 179 1225
188 179 100
188 179 2450
189 179 100
189 179 2450
190 179 100
190 179 2450
191 179 100
191 179 2450
192 179 100
192 179 2450
193 179 100
193 179 2450
194 179 100
194 179 2450
195 179 100
195 179 2450
81 189 100
82 189 100
83 189 100
84 189 100
85 189 100
86 189 100
87 189 100
88 189 100
89 189 100
90 189 100
91 189 100
91 189 2450
92 189 100
92 189 2450
93 189 100
93 189 2450
94 189 100
94 189 2450
95 189 100
95 189 2450
96 189 100
96 189 2450
97 189 100
97 189 2450
98 189 100
98 189 2450
99 189 100
99 189 2450
100 189 100
100 189 2450
101 189 100
101 189 2450
102 189 100
102 189 2450
103 189 100
103 189 2450
104 189 100
104 189 2450
105 189 100
105 189 2450
106 189 100
106 189 2450
107 189 100
107 189 2450
108 189 100
108 189 2450
109 189 100
109 189 2450
110 189 100
110 189 2450
111 189 100
111 189 2450
112 189 100
112 189 2450
113 189 100
113 189 2450
114 189 100
114 189 2450
115 189 100
115 189 2450
116 189 100
116 189 2450
117 189 100
117 189 2450
118 189 100
118 189 2450
119 189 100
119 189 2450
120 189 100
120 189 2450
121 189 100
121 189 2450
122 189 100
122 189 2450
123 189 100
123 189 2450
124 189 100
124 189 2450
125 189 100
125 189 2450
126 189 100
126 189 2450
127 189 100
127 189 2450
128 189 100
128 189 2450
129 189 100
129 189 2450
130 189 100
130 189 2450
131 189 100
131 189 2450
132 189 100
132 189 2450
133 189 100
133 189 2450
134 189 100
134 189 2450
135 189 100
135 189 2450
136 189 100
136 189 2450
137 189 100
138 189 100
139 189 100
140 189 100
141 189 100
142 189 100
143 189 100
144 189 100
144 189 2450
145 189 100
145 189 2450
146 189 100
146 189 2450
147 189 100
147 189 2450
148 189 100
148 189 2450
149 189 100
149 189 2450
150 189 100
150 189 2450
151 189 100
151 189 2450
152 189 100
152 189 2450
153 189 100
153 189 2450
154 189 100
154 189 2450
155 189 100
155 189 2450
156 189 100
156 189 2450
157 189 100
157 189 2450
158 189 100
158 189 2450
159 189 100
159 189 2450
160 189 100
160 189 2450
161 189 100
161 189 2450
162 189 100
162 189 2450
163 189 100
163 189 2450
164 189 100
164 189 2450
165 189 100
165 189 2450
166 189 100
166 189 2450
167 189 100
167 189 2450
168 189 100
168 189 2450
169 189 100
169 189 2450
170 189 100
170 189 2450
171 189 100
171 189 2450
172 189 100
172 189 2450
173 189 100
173 189 2450
174 189 100
174 189 2450
174 189 1225
175 189 100
175 189 2450
175 189 1225
176 189 100
176 189 2450
176 189 1225
177 189 100
177 189 2450
177 189 1225
178 189 100
178 189 2450
178 189 1225
179 189 100
179 189 2450
179 189 1225
180 189 100
180 189 2450
180 189 1225
181 189 100
181 189 2450
181 189 1225
182 189 100
182 189 2450
182 189 1225
183 189 100
183 189 2450
183 189 1225
184 189 100
184 189 2450
185 189 100
185 189 2450
186 189 100
186 189 2450
187 189 100
187 189 2450
188 189 100
188 189 2450
189 189 100
189 189 2450
190 189 100
190 189 2450
191 189 100
191 189 2450
192 189 100
192 189 2450
193 189 100
193 189 2450
194 189 100
194 189 2450
195 189 100
195 189 2450
30 116 100
30 116 2450
31 116 100
31 116 2450
32 116 100
32 116 2450
33 116 100
33 116 2450
34 116 100
34 116 2450
35 116 100
36 116 100
37 116 100
38 116 100
39 116 100
40 116 100
41 116 100
42 116 100
43 116 100
44 116 100
45 116 100
46 116 100
47 116 100
48 116 100
49 116 100
50 116 100
51 116 100
52 116 100
53 116 100
54 116 100
55 116 100
56 116 100
57 116 100
58 116 100
59 116 100
60 116 100
61 116 100
62 116 100
63 116 100
64 116 100
65 116 100
66 116 100
67 116 100
68 116 100
69 116 100
70 116 100
71 116 100
72 116 100
73 116 100
74 116 100
75 116 100
76 116 100
77 116 100
78 116 100
79 116 100
80 116 100
81 116 100
82 116 100
83 116 100
84 116 100
85 116 100
86 116 100
87 116 100
88 116 100
89 116 100
90 116 100
91 116 100
92 116 100
93 116 100
93 116 2450
94 116 100
94 116 2450
95 116 100
95 116 2450
96 116 100
96 116 2450
97 116 100
97 116 2450
98 116 100
98 116 2450
99 116 100
99 116 2450
100 116 100
100 116 2450
101 116 100
101 116 2450
102 116 100
102 116 2450
103 116 100
103 116 2450
104 116 100
104 116 2450
105 116 100
105 116 2450
106 116 100
106 116 2450
107 116 100
107 116 2450
108 116 100
108 116 2450
109 116 100
109 116 2450
110 116 100
110 116 2450
111 116 100
111 116 2450
112 116 100
112 116 2450
113 116 100
113 116 2450
114 116 100
114 116 2450
115 116 100
115 116 2450
116 116 100
116 116 2450
117 116 100
117 116 2450
118 116 100
118 116 2450
119 116 100
119 116 2450
120 116 100
120 116 2450
121 116 100
121 116 2450
122 116 100
122 116 2450
123 116 100
123 116 2450
124 116 100
124 116 2450
125 116 100
125 116 2450
126 116 100
126 116 2450
127 116 100
127 116 2450
128 116 100
128 116 2450
129 116 100
129 116 2450
130 116 100
130 116 2450
131 116 100
131 116 2450
132 116 100
132 116 2450
133 116 100
133 116 2450
134 116 100
134 116 2450
135 116 100
135 116 2450
136 116 100
136 116 2450
137 116 100
137 116 2450
137 116 1225
138 116 100
138 116 2450
138 116 1225
139 116 100
139 116 2450
139 116 1225
140 116 100
140 116 2450
140 116 1225
141 116 100
141 116 2450
141 116 1225
142 116 100
142 116 2450
142 116 1225
143 116 100
143 116 2450
143 116 1225
144 116 100
144 116 2450
145 116 100
145 116 2450
146 116 100
146 116 2450
147 116 100
147 116 2450
148 116 100
148 116 2450
149 116 100
149 116 2450
150 116 100
150 116 2450
150 116 1225
151 116 100
151 116 2450
151 116 1225
152 116 100
152 116 2450
152 116 1225
153 116 100
153 116 2450
153 116 1225
154 116 100
154 116 2450
154 116 1225
155 116 100
155 116 2450
155 116 1225
156 116 100
156 116 2450
156 116 1225
157 116 100
157 116 2450
157 116 1225
158 116 100
158 116 2450
158 116 1225
159 116 100
159 116 2450
159 116 1225
160 116 100
160 116 2450
160 116 1225
161 116 100
161 116 2450
161 116 1225
162 116 100
162 116 2450
162 116 1225
163 116 100
163 116 2450
163 116 1225
164 116 100
164 116 2450
164 116 1225
165 116 100
165 116 2450
165 116 1225
166 116 100
166 116 2450
167 116 100
167 116 2450
168 116 100
168 116 2450
169 116 100
169 116 2450
170 116 100
170 116 2450
171 116 100
171 116 2450
172 116 100
172 116 2450
173 116 100
173 116 2450
174 116 100
174 116 2450
175 116 100
175 116 2450
176 116 100
176 116 2450
177 116 100
177 116 2450
178 116 100
178 116 2450
179 116 100
179 116 2450
180 116 100
180 116 2450
181 116 100
181 116 2450
182 116 100
182 116 2450
183 116 100
183 116 2450
184 116 100
185 116 100
186 116 100
187 116 100
188 116 100
189 116 100
190 116 100
191 116 100
192 116 100
193 116 100
194 116 100
195 116 100
71 67 100
72 67 100
73 67 100
74 67 100
75 67 100
76 67 100
77 67 100
78 67 100
79 67 100
80 67 100
81 67 100
82 67 100
83 67 100
84 67 100
85 67 100
86 67 100
87 67 100
88 67 100
89 67 100
90 67 100
91 67 100
92 67 100
93 67 100
94 67 100
95 67 100
96 67 100
97 67 100
98 67 100
99 67 100
100 67 100
101 67 100
102 67 100
103 67 100
104 67 100
105 67 100
106 67 100
107 67 100
108 67 100
108 67 2450
109 67 100
109 67 2450
110 67 100
110 67 2450
111 67 100
111 67 2450
112 67 100
112 67 2450
113 67 100
113 67 2450
114 67 100
114 67 2450
115 67 100
115 67 2450
116 67 100
116 67 2450
117 67 100
117 67 2450
118 67 100
118 67 2450
119 67 100
119 67 2450
120 67 100
120 67 2450
121 67 100
121 67 2450
122 67 100
122 67 2450
123 67 100
123 67 2450
124 67 100
124 67 2450
125 67 100
125 67 2450
126 67 100
126 67 2450
127 67 100
127 67 2450
128 67 100
128 67 2450
129 67 100
129 67 2450
130 67 100
130 67 2450
131 67 100
131 67 2450
132 67 100
132 67 2450
133 67 100
133 67 2450
134 67 100
134 67 2450
135 67 100
135 67 2450
136 67 100
137 67 100
138 67 100
139 67 100
140 67 100
141 67 100
142 67 100
143 67 100
144 67 100
145 67 100
146 67 100
147 67 100
148 67 100
149 67 100
150 67 100
151 67 100
152 67 100
153 67 100
154 67 100
155 67 100
156 67 100
157 67 100
158 67 100
159 67 100
160 67 100
161 67 100
162 67 100
163 67 100
164 67 100
165 67 100
166 67 100
167 67 100
168 67 100
169 67 100
170 67 100
171 67 100
172 67 100
173 67 100
174 67 100
175 67 100
176 67 100
177 67 100
178 67 100
179 67 100
180 67 100
181 67 100
182 67 100
183 67 100
184 67 100
184 67 2450
185 67 100
185 67 2450
186 67 100
186 67 2450
187 67 100
187 67 2450
188 67 100
188 67 2450
189 67 100
189 67 2450
190 67 100
190 67 2450
191 67 100
191 67 2450
192 67 100
192 67 2450
193 67 100
193 67 2450
194 67 100
194 67 2450
195 67 100
195 67 2450
127 52 100
128 52 100
129 52 100
130 52 100
131 52 100
132 52 100
133 52 100
134 52 100
135 52 100
136 52 100
137 52 100
138 52 100
139 52 100
140 52 100
141 52 100
142 52 100
143 52 100
144 52 100
145 52 100
146 52 100
147 52 100
148 52 100
149 52 100
150 52 100
151 52 100
152 52 100
153 52 100
154 52 100
155 52 100
156 52 100
157 52 100
158 52 100
159 52 100
160 52 100
161 52 100
162 52 100
163 52 100
164 52 100
165 52 100
165 52 2450
166 52 100
166 52 2450
167 52 100
167 52 2450
168 52 100
168 52 2450
169 52 100
169 52 2450
170 52 100
170 52 2450
171 52 100
171 52 2450
172 52 100
172 52 2450
173 52 100
173 52 2450
174 52 100
174 52 2450
175 52 100
175 52 2450
176 52 100
176 52 2450
177 52 100
177 52 2450
178 52 100
178 52 2450
179 52 100
179 52 2450
180 52 100
180 52 2450
181 52 100
181 52 2450
182 52 100
182 52 2450
183 52 100
183 52 2450
184 52 100
184 52 2450
185 52 100
185 52 2450
186 52 100
186 52 2450
187 52 100
187 52 2450
188 52 100
188 52 2450
189 52 100
189 52 2450
190 52 100
190 52 2450
191 52 100
191 52 2450
192 52 100
192 52 2450
193 52 100
193 52 2450
194 52 100
194 52 2450
195 52 100
195 52 2450
30 49 100
31 49 100
32 49 100
33 49 100
34 49 100
35 49 100
36 49 100
37 49 100
38 49 100
39 49 100
40 49 100
41 49 100
42 49 100
43 49 100
44 49 100
45 49 100
46 49 100
47 49 100
47 49 2450
48 49 100
48 49 2450
49 49 100
49 49 2450
50 49 100
50 49 2450
51 49 100
51 49 2450
52 49 100
52 49 2450
53 49 100
53 49 2450
54 49 100
54 49 2450
55 49 100
55 49 2450
56 49 100
56 49 2450
57 49 100
57 49 2450
58 49 100
58 49 2450
59 49 100
59 49 2450
60 49 100
60 49 2450
61 49 100
61 49 2450
62 49 100
62 49 2450
63 49 100
63 49 2450
64 49 100
65 49 100
66 49 100
67 49 100
68 49 100
69 49 100
70 49 100
71 49 100
72 49 100
73 49 100
74 49 100
75 49 100
76 49 100
77 49 100
78 49 100
79 49 100
80 49 100
81 49 100
82 49 100
83 49 100
84 49 100
85 49 100
86 49 100
87 49 100
88 49 100
89 49 100
90 49 100
91 49 100
92 49 100
93 49 100
94 49 100
95 49 100
96 49 100
97 49 100
98 49 100
99 49 100
100 49 100
101 49 100
102 49 100
103 49 100
104 49 100
105 49 100
106 49 100
107 49 100
108 49 100
109 49 100
110 49 100
111 49 100
112 49 100
113 49 100
114 49 100
115 49 100
116 49 100
117 49 100
118 49 100
119 49 100
120 49 100
121 49 100
122 49 100
123 49 100
124 49 100
125 49 100
126 49 100
127 49 100
128 49 100
129 49 100
130 49 100
131 49 100
132 49 100
133 49 100
134 49 100
135 49 100
136 49 100
137 49 100
138 49 100
139 49 100
140 49 100
141 49 100
142 49 100
143 49 100
144 49 100
145 49 100
146 49 100
147 49 100
148 49 100
149 49 100
150 49 100
151 49 100
152 49 100
153 49 100
154 49 100
155 49 100
156 49 100
157 49 100
158 49 100
159 49 100
160 49 100
161 49 100
162 49 100
162 49 2450
163 49 100
163 49 2450
164 49 100
164 49 2450
165 49 100
165 49 2450
166 49 100
166 49 2450
167 49 100
167 49 2450
168 49 100
168 49 2450
169 49 100
169 49 2450
170 49 100
170 49 2450
171 49 100
171 49 2450
172 49 100
172 49 2450
173 49 100
173 49 2450
174 49 100
174 49 2450
175 49 100
175 49 2450
176 49 100
176 49 2450
177 49 100
177 49 2450
178 49 100
178 49 2450
179 49 100
179 49 2450
180 49 100
180 49 2450
181 49 100
181 49 2450
182 49 100
182 49 2450
183 49 100
183 49 2450
184 49 100
184 49 2450
185 49 100
185 49 2450
186 49 100
186 49 2450
187 49 100
187 49 2450
188 49 100
188 49 2450
189 49 100
189 49 2450
190 49 100
190 49 2450
191 49 100
191 49 2450
192 49 100
192 49 2450
193 49 100
193 49 2450
194 49 100
194 49 2450
195 49 100
195 49 2450
199 2 100
199 2 2450
198 2 100
198 2 2450
197 2 100
197 2 2450
