136 151 100
137 151 100
138 151 100
139 151 100
140 151 100
141 151 100
142 151 100
143 151 100
144 151 100
145 151 100
146 151 100
147 151 100
148 151 100
149 151 100
150 151 100
151 151 100
152 151 100
153 151 100
153 151 2450
154 151 100
154 151 2450
155 151 100
155 151 2450
156 151 100
156 151 2450
157 151 100
157 151 2450
158 151 100
158 151 2450
159 151 100
159 151 2450
160 151 100
160 151 2450
161 151 100
161 151 2450
162 151 100
162 151 2450
163 151 100
163 151 2450
164 151 100
164 151 2450
165 151 100
165 151 2450
166 151 100
166 151 2450
167 151 100
167 151 2450
168 151 100
168 151 2450
169 151 100
169 151 2450
170 151 100
170 151 2450
171 151 100
171 151 2450
172 151 100
172 151 2450
173 151 100
173 151 2450
174 151 100
174 151 2450
174 150 100
174 150 2450
174 149 100
174 149 2450
174 148 100
174 148 2450
174 147 100
174 147 2450
174 146 100
174 146 2450
174 145 100
174 145 2450
174 144 100
174 144 2450
174 143 100
174 143 2450
174 142 100
174 142 2450
174 141 100
174 141 2450
174 140 100
174 140 2450
174 139 100
174 139 2450
174 138 100
174 138 2450
174 137 100
174 137 2450
174 136 100
174 136 2450
174 135 100
174 135 2450
174 134 100
174 134 2450
174 133 100
174 133 2450
174 132 100
174 132 2450
174 131 100
174 131 2450
174 130 100
174 130 2450
174 129 100
174 128 100
174 127 100
174 126 100
174 125 100
174 124 100
174 123 100
174 122 100
174 121 100
174 120 100
174 119 100
174 118 100
174 117 100
99 96 100
100 96 100
101 96 100
102 96 100
103 96 100
104 96 100
105 96 100
106 96 100
107 96 100
107 96 2450
108 96 100
108 96 2450
109 96 100
109 96 2450
110 96 100
110 96 2450
111 96 100
111 96 2450
112 96 100
112 96 2450
113 96 100
113 96 2450
114 96 100
114 96 2450
115 96 100
115 96 2450
116 96 100
116 96 2450
117 96 100
117 96 2450
118 96 100
118 96 2450
119 96 100
119 96 2450
120 96 100
120 96 2450
121 96 100
121 96 2450
122 96 100
122 96 2450
123 96 100
123 96 2450
124 96 100
124 96 2450
125 96 100
125 96 2450
126 96 100
126 96 2450
127 96 100
127 96 2450
127 96 1225
128 96 100
128 96 2450
128 96 1225
129 96 100
129 96 2450
129 96 1225
130 96 100
130 96 2450
130 96 1225
131 96 100
131 96 2450
131 96 1225
132 96 100
132 96 2450
132 96 1225
133 96 100
133 96 2450
133 96 1225
134 96 100
134 96 2450
134 96 1225
135 96 100
135 96 2450
135 96 1225
136 96 100
136 96 2450
136 96 1225
137 96 100
137 96 2450
138 96 100
138 96 2450
139 96 100
139 96 2450
140 96 100
140 96 2450
141 96 100
141 96 2450
142 96 100
142 96 2450
143 96 100
143 96 2450
144 96 100
144 96 2450
145 96 100
145 96 2450
146 96 100
146 96 2450
147 96 100
147 96 2450
148 96 100
148 96 2450
149 96 100
149 96 2450
150 96 100
150 96 2450
151 96 100
151 96 2450
152 96 100
152 96 2450
153 96 100
153 96 2450
154 96 100
154 96 2450
155 96 100
155 96 2450
156 96 100
156 96 2450
157 96 100
157 96 2450
158 96 100
158 96 2450
159 96 100
159 96 2450
160 96 100
160 96 2450
161 96 100
161 96 2450
162 96 100
162 96 2450
163 96 100
163 96 2450
164 96 100
164 96 2450
165 96 100
165 96 2450
166 96 100
166 96 2450
167 96 100
167 96 2450
168 96 100
168 96 2450
169 96 100
169 96 2450
170 96 100
170 96 2450
171 96 100
171 96 2450
172 96 100
172 96 2450
173 96 100
173 96 2450
174 96 100
174 96 2450
174 97 100
174 97 2450
174 98 100
174 98 2450
174 99 100
174 99 2450
174 100 100
174 100 2450
174 101 100
174 101 2450
174 102 100
174 103 100
174 104 100
174 105 100
174 106 100
174 107 100
174 108 100
174 109 100
174 110 100
174 111 100
174 112 100
174 113 100
174 114 100
174 115 100
174 116 100
163 38 100
164 38 100
165 38 100
166 38 100
167 38 100
167 38 2450
168 38 100
168 38 2450
169 38 100
169 38 2450
170 38 100
170 38 2450
171 38 100
171 38 2450
172 38 100
172 38 2450
173 38 100
173 38 2450
174 38 100
174 38 2450
174 39 100
174 39 2450
174 40 100
174 40 2450
174 41 100
174 41 2450
174 42 100
174 42 2450
174 43 100
174 43 2450
174 44 100
174 44 2450
174 45 100
174 45 2450
174 46 100
174 46 2450
174 47 100
174 47 2450
174 48 100
174 48 2450
174 49 100
174 49 2450
174 50 100
174 50 2450
174 51 100
174 51 2450
174 52 100
174 52 2450
174 53 100
174 53 2450
174 54 100
174 54 2450
174 55 100
174 55 2450
174 56 100
174 56 2450
174 57 100
174 57 2450
174 58 100
174 59 100
174 60 100
174 61 100
174 62 100
174 63 100
174 63 2450
174 64 100
174 64 2450
174 65 100
174 65 2450
174 66 100
174 66 2450
174 67 100
174 67 2450
174 68 100
174 68 2450
174 69 100
174 69 2450
174 70 100
174 70 2450
174 71 100
174 71 2450
174 72 100
174 72 2450
174 73 100
174 73 2450
174 74 100
174 74 2450
174 75 100
174 75 2450
174 76 100
174 76 2450
174 77 100
174 77 2450
174 78 100
174 78 2450
174 79 100
174 79 2450
174 80 100
174 80 2450
174 81 100
174 81 2450
174 82 100
174 82 2450
174 83 100
174 83 2450
174 84 100
174 84 2450
174 85 100
174 85 2450
174 86 100
174 86 2450
174 87 100
174 87 2450
174 88 100
174 88 2450
174 89 100
174 89 2450
174 90 100
174 90 2450
174 91 100
174 91 2450
174 92 100
174 92 2450
174 93 100
174 93 2450
174 94 100
174 94 2450
174 95 100
174 95 2450
78 188 100
79 188 100
80 188 100
81 188 100
82 188 100
83 188 100
84 188 100
85 188 100
86 188 100
87 188 100
88 188 100
89 188 100
90 188 100
91 188 100
91 188 2450
92 188 100
92 188 2450
93 188 100
93 188 2450
94 188 100
94 188 2450
95 188 100
95 188 2450
96 188 100
96 188 2450
97 188 100
97 188 2450
98 188 100
98 188 2450
99 188 100
99 188 2450
100 188 100
100 188 2450
101 188 100
101 188 2450
102 188 100
102 188 2450
103 188 100
103 188 2450
104 188 100
104 188 2450
105 188 100
105 188 2450
106 188 100
106 188 2450
107 188 100
107 188 2450
108 188 100
108 188 2450
109 188 100
109 188 2450
110 188 100
110 188 2450
111 188 100
111 188 2450
112 188 100
112 188 2450
113 188 100
113 188 2450
114 188 100
114 188 2450
115 188 100
115 188 2450
116 188 100
116 188 2450
117 188 100
117 188 2450
118 188 100
118 188 2450
119 188 100
119 188 2450
120 188 100
120 188 2450
121 188 100
121 188 2450
122 188 100
122 188 2450
123 188 100
123 188 2450
124 188 100
124 188 2450
125 188 100
125 188 2450
126 188 100
126 188 2450
127 188 100
127 188 2450
128 188 100
128 188 2450
129 188 100
129 188 2450
130 188 100
130 188 2450
131 188 100
131 188 2450
132 188 100
132 188 2450
133 188 100
134 188 100
135 188 100
136 188 100
137 188 100
138 188 100
139 188 100
140 188 100
141 188 100
142 188 100
143 188 100
144 188 100
145 188 100
146 188 100
147 188 100
148 188 100
149 188 100
150 188 100
151 188 100
151 188 2450
152 188 100
152 188 2450
153 188 100
153 188 2450
154 188 100
154 188 2450
155 188 100
155 188 2450
156 188 100
156 188 2450
157 188 100
157 188 2450
158 188 100
158 188 2450
159 188 100
159 188 2450
160 188 100
160 188 2450
161 188 100
161 188 2450
162 188 100
162 188 2450
163 188 100
163 188 2450
164 188 100
164 188 2450
165 188 100
165 188 2450
166 188 100
166 188 2450
167 188 100
167 188 2450
168 188 100
168 188 2450
169 188 100
169 188 2450
170 188 100
170 188 2450
171 188 100
171 188 2450
172 188 100
172 188 2450
173 188 100
173 188 2450
174 188 100
174 188 2450
174 187 100
174 187 2450
174 186 100
174 186 2450
174 185 100
174 185 2450
174 184 100
174 184 2450
174 183 100
174 183 2450
174 182 100
174 182 2450
174 181 100
174 181 2450
174 180 100
174 180 2450
174 180 1225
174 179 100
174 179 2450
174 179 1225
174 178 100
174 178 2450
174 178 1225
174 177 100
174 177 2450
174 177 1225
174 176 100
174 176 2450
174 176 1225
174 175 100
174 175 2450
174 175 1225
174 174 100
174 174 2450
174 174 1225
174 173 100
174 173 2450
174 173 1225
174 172 100
174 172 2450
174 171 100
174 171 2450
174 170 100
174 170 2450
174 169 100
174 169 2450
174 168 100
174 168 2450
174 167 100
174 167 2450
174 166 100
174 166 2450
174 165 100
174 165 2450
174 164 100
174 164 2450
174 163 100
174 163 2450
174 162 100
174 162 2450
174 161 100
174 161 2450
174 160 100
174 160 2450
174 159 100
174 159 2450
174 158 100
174 158 2450
174 157 100
174 157 2450
174 156 100
174 156 2450
174 155 100
174 155 2450
174 154 100
174 154 2450
174 153 100
174 153 2450
174 152 100
174 152 2450
