41 67 100
42 67 100
43 67 100
44 67 100
45 67 100
46 67 100
47 67 100
48 67 100
49 67 100
49 67 2450
50 67 100
50 67 2450
51 67 100
51 67 2450
52 67 100
52 67 2450
53 67 100
53 67 2450
54 67 100
54 67 2450
55 67 100
55 67 2450
56 67 100
56 67 2450
57 67 100
57 67 2450
58 67 100
58 67 2450
59 67 100
59 67 2450
60 67 100
60 67 2450
61 67 100
61 67 2450
62 67 100
62 67 2450
63 67 100
63 67 2450
64 67 100
64 67 2450
65 67 100
65 67 2450
66 67 100
66 67 2450
67 67 100
67 67 2450
68 67 100
68 67 2450
69 67 100
69 67 2450
70 67 100
70 67 2450
71 67 100
71 67 2450
72 67 100
72 67 2450
73 67 100
73 67 2450
74 67 100
74 67 2450
75 67 100
75 67 2450
76 67 100
76 67 2450
77 67 100
77 67 2450
78 67 100
78 67 2450
79 67 100
79 67 2450
80 67 100
80 67 2450
81 67 100
81 67 2450
82 67 100
82 67 2450
83 67 100
83 67 2450
84 67 100
84 67 2450
85 67 100
85 67 2450
86 67 100
86 67 2450
87 67 100
87 67 2450
88 67 100
88 67 2450
89 67 100
89 67 2450
90 67 100
90 67 2450
91 67 100
91 67 2450
92 67 100
92 67 2450
93 67 100
93 67 2450
94 67 100
94 67 2450
95 67 100
95 67 2450
96 67 100
96 67 2450
97 67 100
97 67 2450
98 67 100
98 67 2450
99 67 100
99 67 2450
100 67 100
101 67 100
102 67 100
103 67 100
104 67 100
105 67 100
106 67 100
107 67 100
108 67 100
109 67 100
110 67 100
111 67 100
112 67 100
113 67 100
114 67 100
115 67 100
116 67 100
117 67 100
118 67 100
119 67 100
120 67 100
121 67 100
122 67 100
123 67 100
124 67 100
125 67 100
126 67 100
127 67 100
128 67 100
129 67 100
130 67 100
131 67 100
132 67 100
133 67 100
134 67 100
135 67 100
136 67 100
136 67 2450
137 67 100
137 67 2450
138 67 100
138 67 2450
139 67 100
139 67 2450
140 67 100
140 67 2450
141 67 100
141 67 2450
142 67 100
142 67 2450
143 67 100
143 67 2450
144 67 100
144 67 2450
145 67 100
145 67 2450
146 67 100
146 67 2450
147 67 100
147 67 2450
148 67 100
148 67 2450
149 67 100
149 67 2450
150 67 100
150 67 2450
151 67 100
151 67 2450
152 67 100
152 67 2450
153 67 100
153 67 2450
154 67 100
154 67 2450
155 67 100
155 67 2450
156 67 100
156 67 2450
157 67 100
157 67 2450
158 67 100
158 67 2450
159 67 100
159 67 2450
160 67 100
160 67 2450
161 67 100
161 67 2450
162 67 100
162 67 2450
163 67 100
163 67 2450
164 67 100
164 67 2450
165 67 100
165 67 2450
166 67 100
166 67 2450
167 67 100
167 67 2450
168 67 100
168 67 2450
169 67 100
169 67 2450
170 67 100
170 67 2450
171 67 100
171 67 2450
172 67 100
172 67 2450
173 67 100
173 67 2450
174 67 100
174 67 2450
175 67 100
175 67 2450
176 67 100
176 67 2450
177 67 100
177 67 2450
178 67 100
178 67 2450
178 66 100
178 66 2450
178 65 100
178 65 2450
178 64 100
178 64 2450
178 63 100
178 63 2450
178 62 100
178 62 2450
178 61 100
178 61 2450
178 60 100
178 60 2450
178 59 100
178 59 2450
178 58 100
178 58 2450
178 57 100
178 57 2450
178 56 100
178 56 2450
178 55 100
178 55 2450
178 54 100
178 54 2450
178 53 100
178 53 2450
178 52 100
178 52 2450
178 51 100
178 51 2450
178 50 100
178 50 2450
178 49 100
178 49 2450
178 48 100
178 47 100
20 144 100
21 144 100
22 144 100
23 144 100
24 144 100
25 144 100
26 144 100
27 144 100
28 144 100
29 144 100
30 144 100
31 144 100
32 144 100
32 144 2450
33 144 100
33 144 2450
34 144 100
34 144 2450
35 144 100
35 144 2450
36 144 100
36 144 2450
37 144 100
37 144 2450
38 144 100
39 144 100
40 144 100
41 144 100
42 144 100
43 144 100
44 144 100
45 144 100
46 144 100
47 144 100
48 144 100
49 144 100
50 144 100
51 144 100
52 144 100
53 144 100
54 144 100
55 144 100
56 144 100
57 144 100
58 144 100
59 144 100
60 144 100
61 144 100
62 144 100
62 144 2450
63 144 100
63 144 2450
64 144 100
64 144 2450
65 144 100
65 144 2450
66 144 100
66 144 2450
67 144 100
67 144 2450
68 144 100
68 144 2450
69 144 100
69 144 2450
70 144 100
70 144 2450
71 144 100
71 144 2450
72 144 100
72 144 2450
73 144 100
73 144 2450
74 144 100
74 144 2450
75 144 100
75 144 2450
76 144 100
76 144 2450
77 144 100
77 144 2450
78 144 100
78 144 2450
79 144 100
79 144 2450
80 144 100
80 144 2450
81 144 100
81 144 2450
82 144 100
82 144 2450
83 144 100
83 144 2450
84 144 100
84 144 2450
85 144 100
85 144 2450
86 144 100
86 144 2450
87 144 100
87 144 2450
88 144 100
88 144 2450
89 144 100
89 144 2450
90 144 100
90 144 2450
91 144 100
91 144 2450
92 144 100
92 144 2450
93 144 100
93 144 2450
94 144 100
94 144 2450
95 144 100
95 144 2450
96 144 100
96 144 2450
97 144 100
97 144 2450
98 144 100
98 144 2450
99 144 100
99 144 2450
100 144 100
100 144 2450
101 144 100
101 144 2450
102 144 100
102 144 2450
103 144 100
103 144 2450
104 144 100
104 144 2450
105 144 100
105 144 2450
106 144 100
106 144 2450
107 144 100
107 144 2450
108 144 100
108 144 2450
109 144 100
109 144 2450
110 144 100
110 144 2450
111 144 100
111 144 2450
112 144 100
113 144 100
114 144 100
115 144 100
116 144 100
117 144 100
118 144 100
119 144 100
120 144 100
121 144 100
122 144 100
123 144 100
124 144 100
124 144 2450
125 144 100
125 144 2450
126 144 100
126 144 2450
127 144 100
127 144 2450
128 144 100
128 144 2450
129 144 100
129 144 2450
130 144 100
130 144 2450
131 144 100
131 144 2450
132 144 100
132 144 2450
133 144 100
133 144 2450
134 144 100
134 144 2450
135 144 100
135 144 2450
136 144 100
136 144 2450
137 144 100
137 144 2450
138 144 100
138 144 2450
138 144 1225
139 144 100
139 144 2450
139 144 1225
140 144 100
140 144 2450
140 144 1225
141 144 100
141 144 2450
141 144 1225
142 144 100
142 144 2450
142 144 1225
142 144 612
143 144 100
143 144 2450
143 144 1225
143 144 612
144 144 100
144 144 2450
144 144 1225
144 144 612
145 144 100
145 144 2450
145 144 1225
146 144 100
146 144 2450
146 144 1225
147 144 100
147 144 2450
147 144 1225
148 144 100
148 144 2450
148 144 1225
149 144 100
149 144 2450
149 144 1225
150 144 100
150 144 2450
150 144 1225
151 144 100
151 144 2450
151 144 1225
152 144 100
152 144 2450
152 144 1225
153 144 100
153 144 2450
153 144 1225
154 144 100
154 144 2450
154 144 1225
155 144 100
155 144 2450
155 144 1225
156 144 100
156 144 2450
157 144 100
157 144 2450
158 144 100
158 144 2450
159 144 100
159 144 2450
160 144 100
160 144 2450
161 144 100
161 144 2450
162 144 100
162 144 2450
163 144 100
163 144 2450
164 144 100
164 144 2450
165 144 100
165 144 2450
166 144 100
166 144 2450
167 144 100
167 144 2450
168 144 100
169 144 100
170 144 100
171 144 100
172 144 100
173 144 100
174 144 100
175 144 100
176 144 100
177 144 100
178 144 100
178 143 100
178 142 100
178 141 100
178 140 100
178 139 100
178 138 100
178 137 100
178 136 100
178 135 100
178 134 100
178 133 100
178 132 100
178 131 100
178 130 100
178 129 100
178 128 100
178 127 100
178 126 100
178 125 100
178 124 100
178 123 100
178 122 100
178 121 100
178 120 100
178 119 100
178 118 100
178 117 100
178 116 100
178 115 100
178 114 100
178 113 100
178 112 100
178 111 100
178 110 100
178 109 100
178 108 100
178 107 100
178 106 100
178 105 100
178 104 100
178 103 100
178 102 100
178 101 100
178 101 2450
178 100 100
178 100 2450
178 99 100
178 99 2450
178 98 100
178 98 2450
178 97 100
178 97 2450
178 96 100
178 96 2450
178 95 100
178 95 2450
178 94 100
178 94 2450
178 93 100
178 93 2450
178 92 100
178 92 2450
178 91 100
178 91 2450
178 90 100
178 90 2450
178 89 100
178 89 2450
178 88 100
178 88 2450
178 87 100
178 87 2450
178 86 100
178 86 2450
178 85 100
178 85 2450
178 84 100
178 83 100
178 82 100
178 81 100
178 80 100
178 79 100
178 78 100
178 77 100
178 76 100
178 75 100
178 74 100
178 73 100
178 73 2450
178 72 100
178 72 2450
178 71 100
178 71 2450
178 70 100
178 70 2450
178 69 100
178 69 2450
178 68 100
178 68 2450
107 62 100
108 62 100
109 62 100
110 62 100
111 62 100
112 62 100
113 62 100
114 62 100
115 62 100
116 62 100
117 62 100
118 62 100
119 62 100
120 62 100
121 62 100
122 62 100
123 62 100
124 62 100
125 62 100
126 62 100
127 62 100
128 62 100
129 62 100
129 62 2450
130 62 100
130 62 2450
131 62 100
131 62 2450
132 62 100
132 62 2450
133 62 100
133 62 2450
134 62 100
134 62 2450
135 62 100
135 62 2450
136 62 100
136 62 2450
137 62 100
137 62 2450
138 62 100
138 62 2450
139 62 100
139 62 2450
140 62 100
140 62 2450
141 62 100
141 62 2450
142 62 100
142 62 2450
143 62 100
143 62 2450
144 62 100
144 62 2450
145 62 100
145 62 2450
146 62 100
146 62 2450
147 62 100
147 62 2450
148 62 100
148 62 2450
149 62 100
149 62 2450
150 62 100
150 62 2450
151 62 100
151 62 2450
152 62 100
152 62 2450
153 62 100
153 62 2450
154 62 100
154 62 2450
155 62 100
155 62 2450
156 62 100
156 62 2450
157 62 100
157 62 2450
158 62 100
158 62 2450
159 62 100
159 62 2450
160 62 100
160 62 2450
161 62 100
161 62 2450
162 62 100
162 62 2450
163 62 100
163 62 2450
164 62 100
164 62 2450
165 62 100
165 62 2450
166 62 100
166 62 2450
167 62 100
167 62 2450
168 62 100
168 62 2450
169 62 100
169 62 2450
170 62 100
170 62 2450
171 62 100
171 62 2450
172 62 100
172 62 2450
173 62 100
173 62 2450
174 62 100
174 62 2450
175 62 100
175 62 2450
176 62 100
176 62 2450
177 62 100
177 62 2450
