169 187 100
168 187 100
167 187 100
166 187 100
165 187 100
164 187 100
163 187 100
162 187 100
161 187 100
160 187 100
159 187 100
158 187 100
157 187 100
156 187 100
155 187 100
154 187 100
153 187 100
152 187 100
151 187 100
150 187 100
150 187 2450
149 187 100
149 187 2450
148 187 100
148 187 2450
147 187 100
147 187 2450
146 187 100
146 187 2450
145 187 100
145 187 2450
144 187 100
144 187 2450
143 187 100
143 187 2450
142 187 100
142 187 2450
141 187 100
141 187 2450
140 187 100
140 187 2450
139 187 100
139 187 2450
138 187 100
138 187 2450
138 187 1225
137 187 100
137 187 2450
137 187 1225
136 187 100
136 187 2450
136 187 1225
136 187 612
135 187 100
135 187 2450
135 187 1225
135 187 612
134 187 100
134 187 2450
134 187 1225
134 187 612
133 187 100
133 187 2450
133 187 1225
133 187 612
132 187 100
132 187 2450
132 187 1225
132 187 612
131 187 100
131 187 2450
131 187 1225
131 187 612
130 187 100
130 187 2450
130 187 1225
129 187 100
129 187 2450
129 187 1225
128 187 100
128 187 2450
128 187 1225
127 187 100
127 187 2450
127 187 1225
126 187 100
126 187 2450
125 187 100
125 187 2450
124 187 100
124 187 2450
123 187 100
123 187 2450
122 187 100
122 187 2450
121 187 100
121 187 2450
120 187 100
120 187 2450
119 187 100
119 187 2450
118 187 100
118 187 2450
117 187 100
117 187 2450
116 187 100
116 187 2450
115 187 100
115 187 2450
114 187 100
114 187 2450
113 187 100
113 187 2450
112 187 100
112 187 2450
111 187 100
111 187 2450
110 187 100
110 187 2450
109 187 100
108 187 100
107 187 100
106 187 100
105 187 100
104 187 100
103 187 100
102 187 100
101 187 100
100 187 100
100 187 2450
99 187 100
99 187 2450
98 187 100
98 187 2450
97 187 100
97 187 2450
96 187 100
96 187 2450
95 187 100
95 187 2450
94 187 100
94 187 2450
93 187 100
93 187 2450
92 187 100
92 187 2450
91 187 100
91 187 2450
90 187 100
90 187 2450
89 187 100
89 187 2450
88 187 100
88 187 2450
87 187 100
87 187 2450
86 187 100
86 187 2450
85 187 100
85 187 2450
84 187 100
84 187 2450
83 187 100
83 187 2450
82 187 100
82 187 2450
81 187 100
81 187 2450
80 187 100
79 187 100
78 187 100
77 187 100
76 187 100
75 187 100
74 187 100
73 187 100
72 187 100
71 187 100
70 187 100
69 187 100
68 187 100
67 187 100
66 187 100
65 187 100
64 187 100
63 187 100
63 187 2450
62 187 100
62 187 2450
61 187 100
61 187 2450
60 187 100
60 187 2450
59 187 100
59 187 2450
58 187 100
58 187 2450
57 187 100
57 187 2450
56 187 100
56 187 2450
55 187 100
55 187 2450
54 187 100
54 187 2450
53 187 100
53 187 2450
52 187 100
52 187 2450
51 187 100
51 187 2450
50 187 100
50 187 2450
49 187 100
49 187 2450
48 187 100
48 187 2450
47 187 100
47 187 2450
46 187 100
46 187 2450
45 187 100
45 187 2450
44 187 100
44 187 2450
43 187 100
42 187 100
41 187 100
40 187 100
39 187 100
38 187 100
37 187 100
36 187 100
35 187 100
34 187 100
33 187 100
32 187 100
31 187 100
30 187 100
29 187 100
28 187 100
27 187 100
26 187 100
25 187 100
24 187 100
23 187 100
22 187 100
21 187 100
20 187 100
19 187 100
18 187 100
17 187 100
16 187 100
15 187 100
14 187 100
14 187 2450
13 187 100
13 187 2450
12 187 100
12 187 2450
11 187 100
11 187 2450
10 187 100
10 187 2450
9 187 100
9 187 2450
8 187 100
8 187 2450
7 187 100
7 187 2450
6 187 100
6 187 2450
5 187 100
5 187 2450
4 187 100
4 187 2450
3 187 100
3 187 2450
2 187 100
2 187 2450
1 187 100
1 187 2450
1 186 100
1 186 2450
1 185 100
1 185 2450
1 184 100
1 184 2450
1 183 100
1 183 2450
1 182 100
1 182 2450
1 181 100
1 181 2450
1 180 100
1 180 2450
1 179 100
1 179 2450
1 178 100
1 178 2450
1 177 100
1 177 2450
1 176 100
1 176 2450
1 175 100
1 175 2450
1 174 100
1 174 2450
1 173 100
1 173 2450
1 172 100
1 172 2450
1 171 100
1 171 2450
1 170 100
1 170 2450
1 169 100
1 169 2450
1 168 100
1 168 2450
1 167 100
1 167 2450
1 166 100
1 166 2450
1 165 100
1 165 2450
1 164 100
1 164 2450
1 163 100
1 162 100
1 161 100
1 160 100
1 159 100
1 158 100
1 157 100
1 156 100
1 155 100
1 154 100
1 153 100
1 152 100
1 151 100
1 150 100
1 149 100
1 148 100
1 147 100
1 146 100
1 145 100
1 144 100
1 143 100
1 142 100
1 141 100
1 140 100
1 139 100
1 138 100
1 137 100
1 136 100
1 135 100
1 134 100
1 133 100
1 132 100
1 131 100
1 130 100
1 129 100
1 128 100
1 127 100
1 126 100
1 125 100
1 124 100
1 123 100
1 122 100
1 121 100
1 120 100
1 119 100
1 118 100
1 117 100
1 116 100
1 115 100
1 114 100
1 113 100
1 113 2450
1 112 100
1 112 2450
1 111 100
1 111 2450
1 110 100
1 110 2450
1 109 100
1 109 2450
1 108 100
1 108 2450
1 107 100
1 107 2450
1 106 100
1 106 2450
1 105 100
1 105 2450
1 104 100
1 104 2450
1 104 1225
1 103 100
1 103 2450
1 103 1225
1 102 100
1 102 2450
1 102 1225
1 101 100
1 101 2450
1 101 1225
1 100 100
1 100 2450
1 100 1225
1 99 100
1 99 2450
1 99 1225
1 98 100
1 98 2450
1 97 100
1 97 2450
1 96 100
1 96 2450
1 95 100
1 95 2450
1 94 100
1 94 2450
1 93 100
1 93 2450
1 92 100
1 92 2450
1 91 100
1 91 2450
1 90 100
1 90 2450
1 89 100
1 89 2450
1 88 100
1 88 2450
1 87 100
1 87 2450
1 86 100
1 86 2450
1 85 100
1 85 2450
1 84 100
1 84 2450
1 83 100
1 83 2450
1 82 100
1 82 2450
1 81 100
1 81 2450
1 80 100
1 80 2450
1 79 100
1 79 2450
1 78 100
1 77 100
1 76 100
1 75 100
1 75 2450
1 74 100
1 74 2450
1 73 100
1 73 2450
1 72 100
1 72 2450
1 71 100
1 71 2450
1 70 100
1 70 2450
1 69 100
1 69 2450
1 68 100
1 68 2450
1 67 100
1 66 100
1 65 100
1 64 100
1 63 100
1 62 100
1 61 100
1 60 100
1 59 100
1 58 100
1 57 100
1 56 100
1 55 100
1 55 2450
1 54 100
1 54 2450
1 53 100
1 52 100
1 51 100
1 50 100
1 49 100
1 48 100
1 47 100
1 46 100
1 45 100
104 118 100
103 118 100
102 118 100
101 118 100
100 118 100
99 118 100
98 118 100
97 118 100
96 118 100
95 118 100
94 118 100
93 118 100
92 118 100
91 118 100
90 118 100
89 118 100
88 118 100
87 118 100
86 118 100
85 118 100
84 118 100
83 118 100
82 118 100
82 118 2450
81 118 100
81 118 2450
80 118 100
80 118 2450
79 118 100
79 118 2450
78 118 100
78 118 2450
77 118 100
77 118 2450
76 118 100
76 118 2450
75 118 100
75 118 2450
74 118 100
74 118 2450
73 118 100
73 118 2450
72 118 100
72 118 2450
71 118 100
71 118 2450
70 118 100
70 118 2450
69 118 100
69 118 2450
68 118 100
68 118 2450
67 118 100
67 118 2450
66 118 100
66 118 2450
65 118 100
65 118 2450
64 118 100
64 118 2450
63 118 100
63 118 2450
62 118 100
62 118 2450
61 118 100
61 118 2450
60 118 100
60 118 2450
59 118 100
59 118 2450
58 118 100
58 118 2450
57 118 100
56 118 100
55 118 100
54 118 100
53 118 100
52 118 100
51 118 100
50 118 100
49 118 100
48 118 100
47 118 100
46 118 100
46 118 2450
45 118 100
45 118 2450
44 118 100
44 118 2450
43 118 100
43 118 2450
42 118 100
42 118 2450
41 118 100
41 118 2450
40 118 100
40 118 2450
39 118 100
39 118 2450
38 118 100
38 118 2450
37 118 100
37 118 2450
36 118 100
36 118 2450
35 118 100
35 118 2450
34 118 100
34 118 2450
34 118 1225
33 118 100
33 118 2450
33 118 1225
32 118 100
32 118 2450
32 118 1225
31 118 100
31 118 2450
31 118 1225
30 118 100
30 118 2450
30 118 1225
29 118 100
29 118 2450
29 118 1225
28 118 100
28 118 2450
28 118 1225
27 118 100
27 118 2450
27 118 1225
26 118 100
26 118 2450
26 118 1225
25 118 100
25 118 2450
25 118 1225
24 118 100
24 118 2450
24 118 1225
23 118 100
23 118 2450
23 118 1225
22 118 100
22 118 2450
21 118 100
21 118 2450
20 118 100
20 118 2450
19 118 100
19 118 2450
18 118 100
18 118 2450
17 118 100
17 118 2450
16 118 100
16 118 2450
15 118 100
15 118 2450
14 118 100
14 118 2450
13 118 100
13 118 2450
12 118 100
12 118 2450
11 118 100
11 118 2450
10 118 100
9 118 100
8 118 100
7 118 100
6 118 100
5 118 100
4 118 100
3 118 100
2 118 100
199 12 100
198 12 100
197 12 100
196 12 100
195 12 100
194 12 100
193 12 100
192 12 100
191 12 100
190 12 100
190 12 2450
189 12 100
189 12 2450
188 12 100
188 12 2450
187 12 100
187 12 2450
186 12 100
186 12 2450
185 12 100
185 12 2450
184 12 100
184 12 2450
183 12 100
183 12 2450
182 12 100
182 12 2450
181 12 100
181 12 2450
180 12 100
180 12 2450
179 12 100
179 12 2450
178 12 100
178 12 2450
177 12 100
177 12 2450
176 12 100
176 12 2450
175 12 100
175 12 2450
174 12 100
174 12 2450
173 12 100
173 12 2450
172 12 100
172 12 2450
171 12 100
171 12 2450
170 12 100
170 12 2450
169 12 100
169 12 2450
168 12 100
168 12 2450
167 12 100
167 12 2450
166 12 100
165 12 100
164 12 100
163 12 100
162 12 100
161 12 100
160 12 100
159 12 100
158 12 100
157 12 100
156 12 100
155 12 100
154 12 100
153 12 100
152 12 100
151 12 100
150 12 100
149 12 100
149 12 2450
148 12 100
148 12 2450
147 12 100
147 12 2450
146 12 100
146 12 2450
145 12 100
145 12 2450
144 12 100
144 12 2450
143 12 100
143 12 2450
142 12 100
142 12 2450
141 12 100
141 12 2450
140 12 100
140 12 2450
139 12 100
139 12 2450
138 12 100
138 12 2450
137 12 100
137 12 2450
136 12 100
136 12 2450
135 12 100
135 12 2450
134 12 100
134 12 2450
133 12 100
132 12 100
131 12 100
130 12 100
129 12 100
128 12 100
127 12 100
126 12 100
125 12 100
124 12 100
123 12 100
122 12 100
121 12 100
120 12 100
119 12 100
118 12 100
117 12 100
116 12 100
115 12 100
114 12 100
113 12 100
112 12 100
111 12 100
111 12 2450
110 12 100
110 12 2450
109 12 100
109 12 2450
108 12 100
108 12 2450
107 12 100
107 12 2450
106 12 100
106 12 2450
105 12 100
105 12 2450
104 12 100
104 12 2450
103 12 100
103 12 2450
102 12 100
102 12 2450
101 12 100
101 12 2450
100 12 100
100 12 2450
99 12 100
99 12 2450
98 12 100
98 12 2450
97 12 100
97 12 2450
96 12 100
96 12 2450
95 12 100
95 12 2450
94 12 100
94 12 2450
93 12 100
93 12 2450
92 12 100
92 12 2450
91 12 100
91 12 2450
90 12 100
90 12 2450
89 12 100
89 12 2450
88 12 100
88 12 2450
87 12 100
87 12 2450
86 12 100
86 12 2450
85 12 100
85 12 2450
84 12 100
84 12 2450
83 12 100
83 12 2450
82 12 100
82 12 2450
81 12 100
81 12 2450
80 12 100
80 12 2450
79 12 100
78 12 100
77 12 100
76 12 100
75 12 100
74 12 100
73 12 100
72 12 100
71 12 100
70 12 100
69 12 100
68 12 100
67 12 100
66 12 100
65 12 100
64 12 100
64 12 2450
63 12 100
63 12 2450
62 12 100
62 12 2450
61 12 100
61 12 2450
60 12 100
60 12 2450
59 12 100
59 12 2450
58 12 100
58 12 2450
57 12 100
57 12 2450
56 12 100
56 12 2450
55 12 100
55 12 2450
54 12 100
54 12 2450
53 12 100
53 12 2450
52 12 100
52 12 2450
51 12 100
51 12 2450
50 12 100
50 12 2450
49 12 100
49 12 2450
48 12 100
48 12 2450
47 12 100
47 12 2450
46 12 100
46 12 2450
45 12 100
45 12 2450
44 12 100
44 12 2450
43 12 100
43 12 2450
42 12 100
42 12 2450
41 12 100
40 12 100
39 12 100
38 12 100
37 12 100
36 12 100
35 12 100
34 12 100
33 12 100
32 12 100
31 12 100
30 12 100
29 12 100
28 12 100
27 12 100
26 12 100
25 12 100
24 12 100
23 12 100
22 12 100
21 12 100
20 12 100
19 12 100
18 12 100
17 12 100
16 12 100
15 12 100
14 12 100
14 12 2450
13 12 100
13 12 2450
12 12 100
12 12 2450
11 12 100
11 12 2450
10 12 100
10 12 2450
9 12 100
9 12 2450
8 12 100
8 12 2450
7 12 100
7 12 2450
6 12 100
6 12 2450
5 12 100
5 12 2450
4 12 100
4 12 2450
3 12 100
3 12 2450
2 12 100
2 12 2450
1 12 100
1 12 2450
1 12 1225
1 13 100
1 13 2450
1 13 1225
1 14 100
1 14 2450
1 14 1225
1 15 100
1 15 2450
1 15 1225
1 16 100
1 16 2450
1 17 100
1 17 2450
1 18 100
1 18 2450
1 19 100
1 19 2450
1 20 100
1 20 2450
1 21 100
1 21 2450
1 22 100
1 22 2450
1 23 100
1 23 2450
1 24 100
1 24 2450
1 25 100
1 25 2450
1 26 100
1 26 2450
1 27 100
1 27 2450
1 28 100
1 28 2450
1 29 100
1 29 2450
1 30 100
1 30 2450
1 31 100
1 31 2450
1 32 100
1 33 100
1 34 100
1 35 100
1 36 100
1 37 100
1 38 100
1 39 100
1 40 100
1 41 100
1 42 100
1 43 100
1 44 100
