15 74 100
16 74 100
17 74 100
18 74 100
19 74 100
20 74 100
21 74 100
22 74 100
23 74 100
24 74 100
25 74 100
26 74 100
27 74 100
28 74 100
28 74 2450
29 74 100
29 74 2450
30 74 100
30 74 2450
31 74 100
31 74 2450
31 75 100
31 75 2450
31 76 100
31 76 2450
31 77 100
31 77 2450
31 78 100
31 78 2450
31 79 100
31 79 2450
31 80 100
31 80 2450
31 81 100
31 81 2450
31 82 100
31 82 2450
31 83 100
31 83 2450
31 84 100
31 84 2450
31 85 100
31 85 2450
31 86 100
31 86 2450
31 87 100
31 87 2450
31 88 100
31 88 2450
31 89 100
31 89 2450
31 90 100
31 90 2450
31 91 100
31 91 2450
31 92 100
31 93 100
31 94 100
31 95 100
31 96 100
31 97 100
31 98 100
31 99 100
31 100 100
31 101 100
31 102 100
31 103 100
31 104 100
31 105 100
31 106 100
31 107 100
31 108 100
31 109 100
31 110 100
58 67 100
57 67 100
56 67 100
55 67 100
54 67 100
53 67 100
52 67 100
51 67 100
50 67 100
49 67 100
48 67 100
47 67 100
47 67 2450
46 67 100
46 67 2450
45 67 100
45 67 2450
44 67 100
44 67 2450
43 67 100
43 67 2450
42 67 100
42 67 2450
41 67 100
41 67 2450
40 67 100
40 67 2450
39 67 100
39 67 2450
38 67 100
38 67 2450
37 67 100
37 67 2450
36 67 100
36 67 2450
35 67 100
35 67 2450
34 67 100
33 67 100
33 67 2450
32 67 100
32 67 2450
31 67 100
31 67 2450
31 68 100
31 68 2450
31 69 100
31 70 100
31 71 100
31 72 100
31 72 2450
31 73 100
31 73 2450
135 82 100
134 82 100
133 82 100
132 82 100
131 82 100
130 82 100
129 82 100
128 82 100
127 82 100
126 82 100
125 82 100
124 82 100
123 82 100
122 82 100
121 82 100
120 82 100
119 82 100
118 82 100
117 82 100
116 82 100
115 82 100
114 82 100
113 82 100
112 82 100
111 82 100
110 82 100
109 82 100
108 82 100
107 82 100
106 82 100
105 82 100
104 82 100
103 82 100
102 82 100
101 82 100
100 82 100
99 82 100
99 82 2450
98 82 100
98 82 2450
97 82 100
97 82 2450
96 82 100
96 82 2450
95 82 100
95 82 2450
94 82 100
94 82 2450
93 82 100
93 82 2450
92 82 100
92 82 2450
91 82 100
91 82 2450
90 82 100
90 82 2450
89 82 100
88 82 100
87 82 100
86 82 100
85 82 100
84 82 100
84 82 2450
83 82 100
83 82 2450
82 82 100
82 82 2450
81 82 100
81 82 2450
80 82 100
80 82 2450
79 82 100
79 82 2450
78 82 100
78 82 2450
77 82 100
77 82 2450
76 82 100
76 82 2450
75 82 100
75 82 2450
74 82 100
74 82 2450
73 82 100
73 82 2450
72 82 100
72 82 2450
72 82 1225
71 82 100
71 82 2450
71 82 1225
70 82 100
70 82 2450
70 82 1225
69 82 100
69 82 2450
69 82 1225
68 82 100
68 82 2450
68 82 1225
67 82 100
67 82 2450
67 82 1225
66 82 100
66 82 2450
65 82 100
65 82 2450
64 82 100
64 82 2450
63 82 100
63 82 2450
62 82 100
62 82 2450
61 82 100
61 82 2450
60 82 100
60 82 2450
59 82 100
59 82 2450
58 82 100
58 82 2450
57 82 100
57 82 2450
56 82 100
56 82 2450
55 82 100
55 82 2450
54 82 100
54 82 2450
53 82 100
53 82 2450
52 82 100
52 82 2450
51 82 100
51 82 2450
50 82 100
50 82 2450
49 82 100
49 82 2450
48 82 100
48 82 2450
47 82 100
47 82 2450
46 82 100
46 82 2450
45 82 100
45 82 2450
44 82 100
44 82 2450
43 82 100
43 82 2450
42 82 100
42 82 2450
41 82 100
41 82 2450
40 82 100
40 82 2450
39 82 100
39 82 2450
38 82 100
38 82 2450
37 82 100
37 82 2450
36 82 100
36 82 2450
35 82 100
35 82 2450
34 82 100
34 82 2450
33 82 100
33 82 2450
32 82 100
32 82 2450
169 165 100
168 165 100
167 165 100
166 165 100
165 165 100
165 165 2450
164 165 100
164 165 2450
163 165 100
163 165 2450
162 165 100
162 165 2450
161 165 100
161 165 2450
160 165 100
160 165 2450
159 165 100
159 165 2450
158 165 100
158 165 2450
157 165 100
157 165 2450
156 165 100
156 165 2450
155 165 100
155 165 2450
154 165 100
154 165 2450
153 165 100
153 165 2450
152 165 100
152 165 2450
151 165 100
151 165 2450
150 165 100
150 165 2450
149 165 100
149 165 2450
148 165 100
148 165 2450
147 165 100
147 165 2450
146 165 100
146 165 2450
145 165 100
145 165 2450
144 165 100
144 165 2450
143 165 100
143 165 2450
142 165 100
142 165 2450
141 165 100
141 165 2450
140 165 100
140 165 2450
139 165 100
138 165 100
137 165 100
136 165 100
135 165 100
134 165 100
133 165 100
132 165 100
131 165 100
130 165 100
129 165 100
128 165 100
127 165 100
126 165 100
125 165 100
124 165 100
123 165 100
122 165 100
121 165 100
120 165 100
119 165 100
118 165 100
117 165 100
116 165 100
115 165 100
114 165 100
113 165 100
112 165 100
111 165 100
110 165 100
109 165 100
108 165 100
108 165 2450
107 165 100
107 165 2450
106 165 100
106 165 2450
105 165 100
105 165 2450
104 165 100
104 165 2450
103 165 100
102 165 100
101 165 100
100 165 100
99 165 100
98 165 100
97 165 100
96 165 100
95 165 100
94 165 100
94 165 2450
93 165 100
93 165 2450
92 165 100
92 165 2450
91 165 100
91 165 2450
90 165 100
90 165 2450
89 165 100
89 165 2450
88 165 100
88 165 2450
87 165 100
87 165 2450
86 165 100
86 165 2450
85 165 100
85 165 2450
84 165 100
84 165 2450
83 165 100
83 165 2450
82 165 100
82 165 2450
81 165 100
81 165 2450
80 165 100
80 165 2450
80 165 1225
79 165 100
79 165 2450
79 165 1225
78 165 100
78 165 2450
78 165 1225
77 165 100
77 165 2450
77 165 1225
76 165 100
76 165 2450
76 165 1225
75 165 100
75 165 2450
75 165 1225
74 165 100
74 165 2450
74 165 1225
73 165 100
73 165 2450
73 165 1225
72 165 100
72 165 2450
72 165 1225
71 165 100
71 165 2450
71 165 1225
70 165 100
70 165 2450
69 165 100
69 165 2450
68 165 100
68 165 2450
67 165 100
67 165 2450
66 165 100
66 165 2450
65 165 100
65 165 2450
64 165 100
64 165 2450
63 165 100
63 165 2450
62 165 100
62 165 2450
61 165 100
61 165 2450
60 165 100
60 165 2450
59 165 100
59 165 2450
58 165 100
58 165 2450
57 165 100
57 165 2450
56 165 100
56 165 2450
55 165 100
55 165 2450
54 165 100
54 165 2450
53 165 100
53 165 2450
52 165 100
52 165 2450
51 165 100
51 165 2450
50 165 100
50 165 2450
49 165 100
49 165 2450
48 165 100
48 165 2450
47 165 100
47 165 2450
46 165 100
46 165 2450
45 165 100
45 165 2450
44 165 100
44 165 2450
43 165 100
43 165 2450
42 165 100
42 165 2450
41 165 100
41 165 2450
40 165 100
40 165 2450
39 165 100
39 165 2450
38 165 100
38 165 2450
37 165 100
37 165 2450
36 165 100
36 165 2450
36 165 1225
35 165 100
35 165 2450
35 165 1225
34 165 100
34 165 2450
34 165 1225
33 165 100
33 165 2450
33 165 1225
33 165 612
32 165 100
32 165 2450
32 165 1225
32 165 612
31 165 100
31 165 2450
31 165 1225
31 165 612
31 164 100
31 164 2450
31 164 1225
31 164 612
31 163 100
31 163 2450
31 163 1225
31 163 612
31 162 100
31 162 2450
31 162 1225
31 162 612
31 161 100
31 161 2450
31 161 1225
31 161 612
31 160 100
31 160 2450
31 160 1225
31 159 100
31 159 2450
31 159 1225
31 158 100
31 158 2450
31 158 1225
31 157 100
31 157 2450
31 157 1225
31 156 100
31 156 2450
31 156 1225
31 155 100
31 155 2450
31 155 1225
31 154 100
31 154 2450
31 154 1225
31 153 100
31 153 2450
31 152 100
31 152 2450
31 151 100
31 151 2450
31 150 100
31 150 2450
31 149 100
31 149 2450
31 148 100
31 148 2450
31 147 100
31 147 2450
31 146 100
31 146 2450
31 145 100
31 145 2450
31 144 100
31 144 2450
31 143 100
31 143 2450
31 142 100
31 142 2450
31 141 100
31 141 2450
31 140 100
31 140 2450
31 139 100
31 139 2450
31 138 100
31 138 2450
31 137 100
31 137 2450
31 136 100
31 136 2450
31 135 100
31 135 2450
31 134 100
31 133 100
31 132 100
31 131 100
31 130 100
31 129 100
31 128 100
31 127 100
31 126 100
31 125 100
31 124 100
31 123 100
31 122 100
31 121 100
31 120 100
31 119 100
31 118 100
31 117 100
31 116 100
31 115 100
31 114 100
31 113 100
31 112 100
31 111 100
81 45 100
80 45 100
79 45 100
78 45 100
77 45 100
76 45 100
75 45 100
74 45 100
73 45 100
72 45 100
71 45 100
70 45 100
69 45 100
68 45 100
67 45 100
66 45 100
65 45 100
64 45 100
64 45 2450
63 45 100
63 45 2450
62 45 100
62 45 2450
61 45 100
61 45 2450
60 45 100
60 45 2450
59 45 100
59 45 2450
58 45 100
58 45 2450
57 45 100
57 45 2450
56 45 100
56 45 2450
55 45 100
55 45 2450
54 45 100
54 45 2450
53 45 100
53 45 2450
52 45 100
52 45 2450
51 45 100
51 45 2450
50 45 100
50 45 2450
49 45 100
49 45 2450
48 45 100
48 45 2450
47 45 100
47 45 2450
46 45 100
46 45 2450
45 45 100
45 45 2450
44 45 100
44 45 2450
43 45 100
43 45 2450
42 45 100
42 45 2450
41 45 100
41 45 2450
40 45 100
40 45 2450
39 45 100
39 45 2450
38 45 100
38 45 2450
37 45 100
37 45 2450
36 45 100
36 45 2450
35 45 100
35 45 2450
34 45 100
34 45 2450
33 45 100
33 45 2450
32 45 100
32 45 2450
31 45 100
31 45 2450
31 46 100
31 46 2450
31 47 100
31 47 2450
31 48 100
31 48 2450
31 49 100
31 49 2450
31 50 100
31 50 2450
31 51 100
31 51 2450
31 52 100
31 52 2450
31 53 100
31 53 2450
31 54 100
31 54 2450
31 55 100
31 55 2450
31 56 100
31 56 2450
31 57 100
31 57 2450
31 58 100
31 58 2450
31 59 100
31 59 2450
31 60 100
31 60 2450
31 61 100
31 61 2450
31 62 100
31 62 2450
31 63 100
31 63 2450
31 64 100
31 64 2450
31 65 100
31 65 2450
31 66 100
31 66 2450
165 114 100
164 114 100
163 114 100
162 114 100
161 114 100
160 114 100
159 114 100
158 114 100
157 114 100
156 114 100
155 114 100
154 114 100
153 114 100
152 114 100
151 114 100
150 114 100
149 114 100
148 114 100
147 114 100
146 114 100
145 114 100
144 114 100
143 114 100
142 114 100
141 114 100
141 114 2450
140 114 100
140 114 2450
139 114 100
138 114 100
137 114 100
136 114 100
136 114 2450
135 114 100
135 114 2450
134 114 100
134 114 2450
133 114 100
133 114 2450
132 114 100
132 114 2450
131 114 100
131 114 2450
130 114 100
130 114 2450
129 114 100
129 114 2450
128 114 100
128 114 2450
127 114 100
127 114 2450
126 114 100
126 114 2450
125 114 100
125 114 2450
124 114 100
124 114 2450
123 114 100
123 114 2450
122 114 100
122 114 2450
121 114 100
121 114 2450
120 114 100
120 114 2450
119 114 100
119 114 2450
118 114 100
118 114 2450
117 114 100
117 114 2450
116 114 100
116 114 2450
115 114 100
115 114 2450
114 114 100
114 114 2450
113 114 100
113 114 2450
112 114 100
112 114 2450
111 114 100
111 114 2450
110 114 100
110 114 2450
109 114 100
109 114 2450
108 114 100
108 114 2450
107 114 100
107 114 2450
106 114 100
106 114 2450
105 114 100
105 114 2450
104 114 100
104 114 2450
103 114 100
103 114 2450
102 114 100
102 114 2450
101 114 100
101 114 2450
100 114 100
100 114 2450
99 114 100
99 114 2450
98 114 100
98 114 2450
97 114 100
97 114 2450
96 114 100
96 114 2450
95 114 100
95 114 2450
94 114 100
94 114 2450
93 114 100
93 114 2450
92 114 100
92 114 2450
91 114 100
91 114 2450
90 114 100
90 114 2450
89 114 100
89 114 2450
88 114 100
88 114 2450
87 114 100
87 114 2450
86 114 100
86 114 2450
85 114 100
85 114 2450
84 114 100
84 114 2450
83 114 100
83 114 2450
82 114 100
82 114 2450
81 114 100
81 114 2450
80 114 100
80 114 2450
79 114 100
79 114 2450
78 114 100
78 114 2450
77 114 100
77 114 2450
76 114 100
76 114 2450
75 114 100
75 114 2450
74 114 100
74 114 2450
73 114 100
73 114 2450
72 114 100
72 114 2450
72 114 1225
71 114 100
71 114 2450
71 114 1225
70 114 100
70 114 2450
70 114 1225
69 114 100
69 114 2450
69 114 1225
68 114 100
68 114 2450
68 114 1225
67 114 100
67 114 2450
67 114 1225
66 114 100
66 114 2450
66 114 1225
65 114 100
65 114 2450
65 114 1225
64 114 100
64 114 2450
64 114 1225
63 114 100
63 114 2450
63 114 1225
62 114 100
62 114 2450
62 114 1225
61 114 100
61 114 2450
60 114 100
60 114 2450
59 114 100
59 114 2450
58 114 100
58 114 2450
57 114 100
57 114 2450
56 114 100
56 114 2450
55 114 100
55 114 2450
54 114 100
54 114 2450
53 114 100
53 114 2450
52 114 100
52 114 2450
51 114 100
51 114 2450
50 114 100
50 114 2450
49 114 100
48 114 100
47 114 100
46 114 100
45 114 100
44 114 100
43 114 100
42 114 100
41 114 100
40 114 100
39 114 100
38 114 100
37 114 100
36 114 100
35 114 100
34 114 100
33 114 100
32 114 100
136 31 100
135 31 100
134 31 100
133 31 100
132 31 100
131 31 100
130 31 100
129 31 100
128 31 100
127 31 100
126 31 100
125 31 100
124 31 100
123 31 100
122 31 100
121 31 100
120 31 100
119 31 100
118 31 100
117 31 100
116 31 100
115 31 100
114 31 100
113 31 100
112 31 100
111 31 100
110 31 100
109 31 100
108 31 100
107 31 100
106 31 100
105 31 100
104 31 100
103 31 100
102 31 100
101 31 100
100 31 100
99 31 100
99 31 2450
98 31 100
98 31 2450
97 31 100
97 31 2450
96 31 100
96 31 2450
95 31 100
95 31 2450
94 31 100
94 31 2450
93 31 100
93 31 2450
92 31 100
92 31 2450
91 31 100
91 31 2450
90 31 100
90 31 2450
89 31 100
89 31 2450
88 31 100
88 31 2450
87 31 100
87 31 2450
86 31 100
86 31 2450
85 31 100
85 31 2450
84 31 100
84 31 2450
83 31 100
83 31 2450
82 31 100
82 31 2450
81 31 100
81 31 2450
80 31 100
80 31 2450
79 31 100
79 31 2450
78 31 100
78 31 2450
77 31 100
77 31 2450
76 31 100
76 31 2450
75 31 100
75 31 2450
74 31 100
73 31 100
72 31 100
71 31 100
70 31 100
69 31 100
68 31 100
68 31 2450
67 31 100
67 31 2450
66 31 100
66 31 2450
65 31 100
65 31 2450
64 31 100
64 31 2450
63 31 100
63 31 2450
62 31 100
62 31 2450
61 31 100
60 31 100
59 31 100
58 31 100
57 31 100
56 31 100
55 31 100
54 31 100
53 31 100
52 31 100
51 31 100
50 31 100
49 31 100
48 31 100
47 31 100
46 31 100
45 31 100
44 31 100
43 31 100
42 31 100
41 31 100
40 31 100
39 31 100
38 31 100
37 31 100
36 31 100
35 31 100
34 31 100
33 31 100
32 31 100
31 31 100
31 32 100
31 33 100
31 34 100
31 35 100
31 36 100
31 36 2450
31 37 100
31 37 2450
31 38 100
31 38 2450
31 39 100
31 39 2450
31 40 100
31 40 2450
31 41 100
31 41 2450
31 42 100
31 42 2450
31 43 100
31 43 2450
31 44 100
31 44 2450
55 198 100
54 198 100
53 198 100
52 198 100
51 198 100
50 198 100
49 198 100
48 198 100
47 198 100
46 198 100
45 198 100
44 198 100
43 198 100
42 198 100
41 198 100
40 198 100
39 198 100
38 198 100
37 198 100
36 198 100
35 198 100
34 198 100
33 198 100
32 198 100
31 198 100
31 197 100
31 196 100
31 195 100
31 194 100
31 193 100
31 192 100
31 191 100
31 190 100
31 189 100
31 188 100
31 187 100
31 187 2450
31 186 100
31 186 2450
31 185 100
31 185 2450
31 184 100
31 184 2450
31 183 100
31 183 2450
31 182 100
31 182 2450
31 181 100
31 181 2450
31 180 100
31 180 2450
31 179 100
31 179 2450
31 178 100
31 178 2450
31 177 100
31 177 2450
31 176 100
31 176 2450
31 175 100
31 175 2450
31 175 1225
31 174 100
31 174 2450
31 174 1225
31 173 100
31 173 2450
31 173 1225
31 172 100
31 172 2450
31 172 1225
31 171 100
31 171 2450
31 171 1225
31 171 612
31 170 100
31 170 2450
31 170 1225
31 170 612
31 169 100
31 169 2450
31 169 1225
31 169 612
31 168 100
31 168 2450
31 168 1225
31 168 612
31 167 100
31 167 2450
31 167 1225
31 167 612
31 166 100
31 166 2450
31 166 1225
31 166 612
