198 66 100
197 66 100
196 66 100
195 66 100
194 66 100
193 66 100
192 66 100
191 66 100
190 66 100
189 66 100
188 66 100
187 66 100
186 66 100
186 66 2450
185 66 100
185 66 2450
184 66 100
184 66 2450
183 66 100
183 66 2450
182 66 100
182 66 2450
181 66 100
181 66 2450
180 66 100
180 66 2450
179 66 100
179 66 2450
178 66 100
178 66 2450
177 66 100
177 66 2450
176 66 100
176 66 2450
175 66 100
175 66 2450
174 66 100
173 66 100
172 66 100
171 66 100
170 66 100
169 66 100
168 66 100
167 66 100
166 66 100
165 66 100
164 66 100
163 66 100
162 66 100
161 66 100
160 66 100
159 66 100
158 66 100
157 66 100
156 66 100
155 66 100
154 66 100
153 66 100
152 66 100
151 66 100
151 66 2450
150 66 100
150 66 2450
149 66 100
149 66 2450
148 66 100
148 66 2450
147 66 100
147 66 2450
146 66 100
146 66 2450
145 66 100
145 66 2450
144 66 100
144 66 2450
143 66 100
143 66 2450
142 66 100
142 66 2450
141 66 100
141 66 2450
140 66 100
140 66 2450
139 66 100
139 66 2450
138 66 100
138 66 2450
137 66 100
137 66 2450
136 66 100
136 66 2450
135 66 100
135 66 2450
134 66 100
134 66 2450
133 66 100
133 66 2450
132 66 100
132 66 2450
131 66 100
131 66 2450
130 66 100
130 66 2450
129 66 100
129 66 2450
128 66 100
128 66 2450
127 66 100
127 66 2450
126 66 100
126 66 2450
125 66 100
125 66 2450
124 66 100
124 66 2450
123 66 100
123 66 2450
122 66 100
122 66 2450
121 66 100
121 66 2450
120 66 100
120 66 2450
119 66 100
119 66 2450
118 66 100
118 66 2450
118 66 1225
117 66 100
117 66 2450
117 66 1225
116 66 100
116 66 2450
116 66 1225
115 66 100
115 66 2450
115 66 1225
114 66 100
114 66 2450
114 66 1225
113 66 100
113 66 2450
113 66 1225
112 66 100
112 66 2450
112 66 1225
111 66 100
111 66 2450
111 66 1225
110 66 100
110 66 2450
110 66 1225
109 66 100
109 66 2450
109 66 1225
108 66 100
108 66 2450
108 66 1225
107 66 100
107 66 2450
107 66 1225
106 66 100
106 66 2450
106 66 1225
105 66 100
105 66 2450
105 66 1225
105 67 100
105 67 2450
105 67 1225
105 68 100
105 68 2450
105 68 1225
105 69 100
105 69 2450
105 70 100
105 70 2450
105 71 100
105 71 2450
105 72 100
105 72 2450
105 73 100
105 73 2450
105 74 100
105 74 2450
105 75 100
105 75 2450
105 76 100
105 76 2450
105 77 100
105 77 2450
105 78 100
105 78 2450
105 79 100
105 79 2450
105 80 100
105 80 2450
105 81 100
105 81 2450
9 79 100
10 79 100
10 79 2450
11 79 100
11 79 2450
12 79 100
12 79 2450
13 79 100
13 79 2450
14 79 100
14 79 2450
15 79 100
15 79 2450
16 79 100
16 79 2450
17 79 100
17 79 2450
18 79 100
18 79 2450
19 79 100
19 79 2450
20 79 100
20 79 2450
21 79 100
21 79 2450
22 79 100
22 79 2450
23 79 100
23 79 2450
24 79 100
24 79 2450
25 79 100
25 79 2450
26 79 100
26 79 2450
27 79 100
27 79 2450
28 79 100
28 79 2450
29 79 100
29 79 2450
29 79 1225
30 79 100
30 79 2450
30 79 1225
31 79 100
31 79 2450
31 79 1225
32 79 100
32 79 2450
32 79 1225
33 79 100
33 79 2450
33 79 1225
34 79 100
34 79 2450
34 79 1225
35 79 100
35 79 2450
35 79 1225
36 79 100
36 79 2450
36 79 1225
37 79 100
37 79 2450
37 79 1225
38 79 100
38 79 2450
38 79 1225
39 79 100
39 79 2450
39 79 1225
40 79 100
40 79 2450
40 79 1225
41 79 100
41 79 2450
42 79 100
42 79 2450
43 79 100
43 79 2450
44 79 100
44 79 2450
45 79 100
45 79 2450
46 79 100
46 79 2450
47 79 100
47 79 2450
48 79 100
48 79 2450
49 79 100
49 79 2450
50 79 100
50 79 2450
51 79 100
51 79 2450
52 79 100
52 79 2450
53 79 100
53 79 2450
54 79 100
54 79 2450
55 79 100
55 79 2450
56 79 100
56 79 2450
57 79 100
57 79 2450
58 79 100
58 79 2450
59 79 100
59 79 2450
60 79 100
60 79 2450
61 79 100
61 79 2450
62 79 100
62 79 2450
63 79 100
63 79 2450
64 79 100
64 79 2450
65 79 100
65 79 2450
66 79 100
66 79 2450
67 79 100
67 79 2450
68 79 100
68 79 2450
69 79 100
69 79 2450
70 79 100
70 79 2450
71 79 100
71 79 2450
72 79 100
72 79 2450
73 79 100
73 79 2450
74 79 100
74 79 2450
75 79 100
75 79 2450
76 79 100
76 79 2450
77 79 100
77 79 2450
78 79 100
78 79 2450
79 79 100
79 79 2450
80 79 100
80 79 2450
81 79 100
81 79 2450
82 79 100
82 79 2450
83 79 100
83 79 2450
84 79 100
84 79 2450
85 79 100
85 79 2450
86 79 100
86 79 2450
87 79 100
88 79 100
89 79 100
90 79 100
91 79 100
92 79 100
93 79 100
93 79 2450
94 79 100
94 79 2450
95 79 100
95 79 2450
96 79 100
96 79 2450
97 79 100
97 79 2450
98 79 100
98 79 2450
99 79 100
99 79 2450
100 79 100
100 79 2450
101 79 100
101 79 2450
102 79 100
102 79 2450
103 79 100
103 79 2450
104 79 100
104 79 2450
53 197 100
54 197 100
55 197 100
56 197 100
57 197 100
58 197 100
59 197 100
60 197 100
61 197 100
62 197 100
63 197 100
64 197 100
65 197 100
66 197 100
67 197 100
68 197 100
69 197 100
70 197 100
71 197 100
72 197 100
72 197 2450
73 197 100
73 197 2450
74 197 100
74 197 2450
75 197 100
75 197 2450
76 197 100
76 197 2450
77 197 100
77 197 2450
78 197 100
78 197 2450
79 197 100
79 197 2450
80 197 100
80 197 2450
81 197 100
81 197 2450
82 197 100
82 197 2450
83 197 100
83 197 2450
84 197 100
84 197 2450
85 197 100
85 197 2450
86 197 100
86 197 2450
87 197 100
87 197 2450
88 197 100
88 197 2450
89 197 100
89 197 2450
90 197 100
90 197 2450
91 197 100
91 197 2450
92 197 100
92 197 2450
93 197 100
93 197 2450
94 197 100
94 197 2450
95 197 100
95 197 2450
96 197 100
96 197 2450
97 197 100
97 197 2450
98 197 100
98 197 2450
99 197 100
99 197 2450
100 197 100
100 197 2450
101 197 100
101 197 2450
102 197 100
102 197 2450
103 197 100
103 197 2450
104 197 100
104 197 2450
105 197 100
105 197 2450
105 196 100
105 196 2450
105 195 100
105 195 2450
105 194 100
105 194 2450
105 193 100
105 193 2450
105 192 100
105 192 2450
105 191 100
105 191 2450
105 190 100
105 190 2450
105 189 100
105 189 2450
105 188 100
105 188 2450
105 187 100
105 187 2450
105 186 100
105 186 2450
105 185 100
105 185 2450
105 184 100
105 184 2450
105 183 100
105 183 2450
105 182 100
105 182 2450
105 181 100
105 181 2450
105 180 100
105 180 2450
105 179 100
105 179 2450
105 178 100
105 178 2450
105 177 100
105 177 2450
105 176 100
105 176 2450
105 175 100
105 175 2450
105 174 100
105 174 2450
105 173 100
105 173 2450
105 172 100
105 172 2450
105 171 100
105 171 2450
105 170 100
105 170 2450
105 169 100
105 169 2450
105 168 100
105 168 2450
105 167 100
105 167 2450
105 166 100
105 166 2450
105 165 100
105 165 2450
105 164 100
105 164 2450
105 163 100
105 163 2450
105 162 100
105 162 2450
105 161 100
105 161 2450
105 160 100
105 160 2450
105 159 100
105 159 2450
105 158 100
105 158 2450
105 157 100
105 157 2450
105 156 100
105 156 2450
105 155 100
105 155 2450
105 154 100
105 154 2450
105 153 100
105 153 2450
105 152 100
105 152 2450
105 151 100
105 151 2450
105 150 100
105 149 100
105 148 100
105 147 100
105 146 100
105 145 100
105 144 100
105 143 100
105 142 100
105 141 100
105 140 100
105 139 100
105 138 100
105 137 100
105 136 100
105 135 100
105 134 100
105 133 100
105 132 100
105 131 100
105 130 100
105 129 100
105 128 100
105 127 100
105 126 100
105 125 100
105 124 100
105 123 100
105 122 100
105 121 100
105 120 100
105 119 100
105 118 100
105 117 100
105 116 100
105 115 100
105 114 100
105 113 100
105 112 100
105 111 100
105 110 100
105 109 100
105 108 100
105 107 100
105 106 100
105 105 100
105 104 100
105 103 100
105 102 100
105 101 100
105 100 100
105 99 100
105 98 100
105 97 100
105 96 100
105 95 100
105 95 2450
105 94 100
105 94 2450
105 93 100
105 93 2450
105 92 100
105 92 2450
105 91 100
105 91 2450
105 90 100
105 90 2450
105 89 100
105 89 2450
105 88 100
105 88 2450
105 87 100
105 87 2450
105 86 100
105 86 2450
105 85 100
105 85 2450
105 84 100
105 84 2450
105 83 100
105 83 2450
105 82 100
105 82 2450
160 186 100
159 186 100
158 186 100
157 186 100
156 186 100
155 186 100
155 186 2450
154 186 100
154 186 2450
153 186 100
153 186 2450
152 186 100
152 186 2450
151 186 100
151 186 2450
150 186 100
150 186 2450
149 186 100
149 186 2450
148 186 100
148 186 2450
147 186 100
147 186 2450
146 186 100
146 186 2450
145 186 100
145 186 2450
144 186 100
144 186 2450
143 186 100
143 186 2450
142 186 100
142 186 2450
141 186 100
141 186 2450
140 186 100
140 186 2450
139 186 100
139 186 2450
138 186 100
138 186 2450
137 186 100
137 186 2450
136 186 100
136 186 2450
135 186 100
135 186 2450
134 186 100
134 186 2450
133 186 100
133 186 2450
132 186 100
132 186 2450
131 186 100
131 186 2450
130 186 100
129 186 100
128 186 100
127 186 100
126 186 100
125 186 100
124 186 100
123 186 100
122 186 100
121 186 100
120 186 100
119 186 100
118 186 100
117 186 100
117 186 2450
116 186 100
116 186 2450
115 186 100
115 186 2450
114 186 100
114 186 2450
113 186 100
113 186 2450
112 186 100
112 186 2450
111 186 100
111 186 2450
110 186 100
110 186 2450
109 186 100
109 186 2450
108 186 100
108 186 2450
107 186 100
107 186 2450
106 186 100
106 186 2450
171 117 100
170 117 100
169 117 100
168 117 100
167 117 100
166 117 100
165 117 100
164 117 100
163 117 100
163 117 2450
162 117 100
162 117 2450
161 117 100
161 117 2450
160 117 100
160 117 2450
159 117 100
159 117 2450
158 117 100
158 117 2450
157 117 100
157 117 2450
156 117 100
156 117 2450
155 117 100
155 117 2450
154 117 100
154 117 2450
153 117 100
153 117 2450
152 117 100
152 117 2450
151 117 100
151 117 2450
150 117 100
150 117 2450
150 117 1225
149 117 100
149 117 2450
149 117 1225
148 117 100
148 117 2450
148 117 1225
147 117 100
147 117 2450
147 117 1225
146 117 100
146 117 2450
146 117 1225
146 117 612
145 117 100
145 117 2450
145 117 1225
145 117 612
144 117 100
144 117 2450
144 117 1225
144 117 612
143 117 100
143 117 2450
143 117 1225
143 117 612
142 117 100
142 117 2450
142 117 1225
142 117 612
141 117 100
141 117 2450
141 117 1225
141 117 612
140 117 100
140 117 2450
140 117 1225
140 117 612
139 117 100
139 117 2450
139 117 1225
139 117 612
138 117 100
138 117 2450
138 117 1225
138 117 612
137 117 100
137 117 2450
137 117 1225
137 117 612
136 117 100
136 117 2450
136 117 1225
136 117 612
135 117 100
135 117 2450
135 117 1225
134 117 100
134 117 2450
134 117 1225
133 117 100
133 117 2450
133 117 1225
132 117 100
132 117 2450
131 117 100
131 117 2450
130 117 100
130 117 2450
129 117 100
129 117 2450
128 117 100
128 117 2450
127 117 100
127 117 2450
126 117 100
126 117 2450
125 117 100
125 117 2450
124 117 100
124 117 2450
123 117 100
123 117 2450
122 117 100
122 117 2450
121 117 100
120 117 100
119 117 100
118 117 100
117 117 100
116 117 100
115 117 100
114 117 100
113 117 100
112 117 100
111 117 100
110 117 100
109 117 100
108 117 100
107 117 100
106 117 100
123 30 100
122 30 100
121 30 100
120 30 100
119 30 100
118 30 100
117 30 100
117 30 2450
116 30 100
116 30 2450
115 30 100
115 30 2450
114 30 100
114 30 2450
113 30 100
113 30 2450
112 30 100
112 30 2450
111 30 100
111 30 2450
110 30 100
110 30 2450
109 30 100
109 30 2450
108 30 100
108 30 2450
107 30 100
107 30 2450
106 30 100
106 30 2450
105 30 100
105 30 2450
105 31 100
105 31 2450
105 32 100
105 32 2450
105 33 100
105 33 2450
105 34 100
105 34 2450
105 35 100
105 35 2450
105 36 100
105 36 2450
105 37 100
105 37 2450
105 38 100
105 38 2450
105 39 100
105 39 2450
105 40 100
105 40 2450
105 41 100
105 41 2450
105 42 100
105 42 2450
105 43 100
105 43 2450
105 44 100
105 44 2450
105 44 1225
105 45 100
105 45 2450
105 45 1225
105 46 100
105 46 2450
105 46 1225
105 47 100
105 47 2450
105 47 1225
105 48 100
105 48 2450
105 48 1225
105 49 100
105 49 2450
105 49 1225
105 49 612
105 50 100
105 50 2450
105 50 1225
105 50 612
105 51 100
105 51 2450
105 51 1225
105 51 612
105 52 100
105 52 2450
105 52 1225
105 52 612
105 53 100
105 53 2450
105 53 1225
105 53 612
105 54 100
105 54 2450
105 54 1225
105 54 612
105 55 100
105 55 2450
105 55 1225
105 55 612
105 56 100
105 56 2450
105 56 1225
105 56 612
105 57 100
105 57 2450
105 57 1225
105 57 612
105 58 100
105 58 2450
105 58 1225
105 58 612
105 59 100
105 59 2450
105 59 1225
105 59 612
105 60 100
105 60 2450
105 60 1225
105 60 612
105 61 100
105 61 2450
105 61 1225
105 62 100
105 62 2450
105 62 1225
105 63 100
105 63 2450
105 63 1225
105 64 100
105 64 2450
105 64 1225
105 65 100
105 65 2450
105 65 1225
161 53 100
160 53 100
159 53 100
158 53 100
157 53 100
156 53 100
155 53 100
154 53 100
153 53 100
152 53 100
151 53 100
150 53 100
149 53 100
148 53 100
147 53 100
147 53 2450
146 53 100
146 53 2450
145 53 100
145 53 2450
144 53 100
144 53 2450
143 53 100
143 53 2450
142 53 100
142 53 2450
141 53 100
141 53 2450
140 53 100
140 53 2450
139 53 100
139 53 2450
138 53 100
138 53 2450
137 53 100
137 53 2450
136 53 100
136 53 2450
135 53 100
135 53 2450
134 53 100
134 53 2450
133 53 100
133 53 2450
132 53 100
132 53 2450
131 53 100
131 53 2450
130 53 100
130 53 2450
129 53 100
129 53 2450
128 53 100
128 53 2450
127 53 100
127 53 2450
126 53 100
126 53 2450
125 53 100
125 53 2450
124 53 100
124 53 2450
123 53 100
123 53 2450
122 53 100
122 53 2450
122 53 1225
121 53 100
121 53 2450
121 53 1225
120 53 100
120 53 2450
120 53 1225
119 53 100
119 53 2450
119 53 1225
118 53 100
118 53 2450
118 53 1225
117 53 100
117 53 2450
117 53 1225
116 53 100
116 53 2450
116 53 1225
115 53 100
115 53 2450
115 53 1225
114 53 100
114 53 2450
114 53 1225
113 53 100
113 53 2450
113 53 1225
112 53 100
112 53 2450
112 53 1225
112 53 612
111 53 100
111 53 2450
111 53 1225
111 53 612
110 53 100
110 53 2450
110 53 1225
110 53 612
109 53 100
109 53 2450
109 53 1225
109 53 612
108 53 100
108 53 2450
108 53 1225
108 53 612
107 53 100
107 53 2450
107 53 1225
107 53 612
106 53 100
106 53 2450
106 53 1225
106 53 612
104 137 100
