114 101 100
115 101 100
116 101 100
116 101 2450
117 101 100
117 101 2450
118 101 100
118 101 2450
119 101 100
119 101 2450
120 101 100
120 101 2450
121 101 100
121 101 2450
122 101 100
122 101 2450
123 101 100
123 101 2450
124 101 100
124 101 2450
125 101 100
125 101 2450
126 101 100
126 101 2450
127 101 100
127 101 2450
128 101 100
128 101 2450
129 101 100
129 101 2450
130 101 100
130 101 2450
131 101 100
132 101 100
133 101 100
134 101 100
135 101 100
136 101 100
137 101 100
138 101 100
139 101 100
140 101 100
141 101 100
142 101 100
143 101 100
144 101 100
145 101 100
146 101 100
147 101 100
148 101 100
149 101 100
150 101 100
151 101 100
152 101 100
153 101 100
154 101 100
155 101 100
156 101 100
157 101 100
158 101 100
159 101 100
160 101 100
161 101 100
162 101 100
163 101 100
164 101 100
165 101 100
166 101 100
167 101 100
168 101 100
168 100 100
168 99 100
168 99 2450
168 98 100
168 98 2450
168 97 100
168 97 2450
168 96 100
168 95 100
168 94 100
168 93 100
168 92 100
168 91 100
168 90 100
168 89 100
168 88 100
168 87 100
168 86 100
168 85 100
168 84 100
168 83 100
168 82 100
168 81 100
168 80 100
168 79 100
168 78 100
168 77 100
168 76 100
168 75 100
168 74 100
63 66 100
64 66 100
65 66 100
66 66 100
67 66 100
68 66 100
69 66 100
70 66 100
71 66 100
72 66 100
73 66 100
74 66 100
75 66 100
76 66 100
77 66 100
78 66 100
79 66 100
80 66 100
81 66 100
82 66 100
83 66 100
84 66 100
85 66 100
86 66 100
87 66 100
88 66 100
89 66 100
90 66 100
91 66 100
92 66 100
93 66 100
94 66 100
95 66 100
96 66 100
97 66 100
98 66 100
99 66 100
100 66 100
101 66 100
101 66 2450
102 66 100
102 66 2450
103 66 100
103 66 2450
104 66 100
104 66 2450
105 66 100
105 66 2450
106 66 100
106 66 2450
107 66 100
108 66 100
109 66 100
110 66 100
111 66 100
112 66 100
113 66 100
114 66 100
115 66 100
116 66 100
117 66 100
118 66 100
119 66 100
120 66 100
121 66 100
122 66 100
123 66 100
124 66 100
125 66 100
126 66 100
127 66 100
128 66 100
129 66 100
130 66 100
131 66 100
132 66 100
133 66 100
134 66 100
135 66 100
136 66 100
137 66 100
138 66 100
139 66 100
140 66 100
141 66 100
142 66 100
143 66 100
144 66 100
145 66 100
146 66 100
147 66 100
148 66 100
149 66 100
150 66 100
151 66 100
152 66 100
153 66 100
154 66 100
155 66 100
156 66 100
157 66 100
158 66 100
159 66 100
160 66 100
161 66 100
162 66 100
163 66 100
164 66 100
165 66 100
166 66 100
167 66 100
168 66 100
168 67 100
168 68 100
168 69 100
168 70 100
168 71 100
168 72 100
168 73 100
90 171 100
91 171 100
92 171 100
93 171 100
94 171 100
95 171 100
96 171 100
97 171 100
97 171 2450
98 171 100
98 171 2450
99 171 100
99 171 2450
100 171 100
100 171 2450
101 171 100
101 171 2450
102 171 100
102 171 2450
103 171 100
103 171 2450
104 171 100
104 171 2450
105 171 100
105 171 2450
106 171 100
106 171 2450
107 171 100
107 171 2450
108 171 100
108 171 2450
109 171 100
109 171 2450
110 171 100
110 171 2450
111 171 100
111 171 2450
112 171 100
112 171 2450
113 171 100
113 171 2450
114 171 100
114 171 2450
115 171 100
115 171 2450
116 171 100
116 171 2450
117 171 100
117 171 2450
118 171 100
118 171 2450
119 171 100
119 171 2450
120 171 100
120 171 2450
121 171 100
121 171 2450
122 171 100
122 171 2450
123 171 100
123 171 2450
124 171 100
124 171 2450
125 171 100
125 171 2450
126 171 100
126 171 2450
127 171 100
127 171 2450
128 171 100
128 171 2450
129 171 100
129 171 2450
130 171 100
130 171 2450
131 171 100
131 171 2450
132 171 100
132 171 2450
133 171 100
133 171 2450
134 171 100
134 171 2450
135 171 100
135 171 2450
136 171 100
136 171 2450
137 171 100
138 171 100
139 171 100
140 171 100
141 171 100
142 171 100
143 171 100
144 171 100
145 171 100
146 171 100
147 171 100
148 171 100
149 171 100
150 171 100
151 171 100
152 171 100
153 171 100
154 171 100
155 171 100
156 171 100
157 171 100
158 171 100
159 171 100
160 171 100
161 171 100
162 171 100
163 171 100
164 171 100
165 171 100
165 171 2450
166 171 100
166 171 2450
167 171 100
167 171 2450
168 171 100
168 171 2450
168 170 100
168 170 2450
168 169 100
168 169 2450
168 168 100
168 168 2450
168 167 100
168 167 2450
168 166 100
168 166 2450
168 165 100
168 165 2450
168 164 100
168 164 2450
168 163 100
168 163 2450
168 162 100
168 161 100
168 160 100
168 160 2450
168 159 100
168 159 2450
168 158 100
168 158 2450
168 157 100
168 157 2450
168 156 100
168 155 100
168 154 100
168 153 100
168 152 100
168 151 100
168 150 100
168 149 100
168 148 100
168 147 100
168 146 100
168 145 100
168 144 100
168 143 100
168 143 2450
168 142 100
168 142 2450
168 141 100
168 141 2450
168 140 100
168 140 2450
168 139 100
168 139 2450
168 138 100
168 138 2450
168 137 100
168 137 2450
168 136 100
168 136 2450
168 135 100
168 135 2450
168 134 100
168 134 2450
168 133 100
168 132 100
168 131 100
168 130 100
168 129 100
168 129 2450
168 128 100
168 128 2450
168 127 100
168 127 2450
168 126 100
168 126 2450
168 125 100
168 125 2450
168 124 100
168 124 2450
168 123 100
168 123 2450
168 122 100
168 122 2450
168 121 100
168 121 2450
168 120 100
168 120 2450
168 119 100
168 119 2450
168 118 100
168 118 2450
168 117 100
168 117 2450
168 116 100
168 116 2450
168 115 100
168 115 2450
168 114 100
168 114 2450
168 113 100
168 113 2450
168 112 100
168 112 2450
168 111 100
168 111 2450
168 110 100
168 110 2450
168 109 100
168 108 100
168 107 100
168 106 100
168 105 100
168 104 100
168 103 100
168 102 100
198 26 100
197 26 100
196 26 100
195 26 100
194 26 100
193 26 100
192 26 100
191 26 100
190 26 100
189 26 100
188 26 100
187 26 100
186 26 100
185 26 100
184 26 100
183 26 100
182 26 100
181 26 100
180 26 100
179 26 100
178 26 100
177 26 100
176 26 100
175 26 100
174 26 100
173 26 100
172 26 100
171 26 100
170 26 100
169 26 100
168 26 100
168 27 100
168 28 100
168 29 100
168 30 100
168 31 100
168 32 100
168 33 100
168 34 100
168 35 100
168 36 100
168 37 100
168 38 100
168 39 100
168 40 100
168 41 100
168 42 100
168 43 100
168 44 100
168 45 100
168 46 100
168 47 100
168 48 100
168 49 100
168 50 100
168 51 100
168 52 100
168 53 100
168 54 100
168 55 100
168 56 100
168 57 100
168 58 100
168 59 100
168 60 100
168 61 100
168 62 100
168 63 100
168 64 100
168 65 100
