69 0 100
70 0 100
71 0 100
72 0 100
73 0 100
74 0 100
75 0 100
76 0 100
77 0 100
78 0 100
78 1 100
78 2 100
78 3 100
78 4 100
78 5 100
78 6 100
78 7 100
78 8 100
78 9 100
78 10 100
78 10 2450
78 11 100
78 11 2450
78 12 100
78 12 2450
78 13 100
78 13 2450
78 14 100
78 14 2450
78 15 100
78 15 2450
78 16 100
78 16 2450
78 17 100
78 17 2450
78 18 100
78 18 2450
78 19 100
78 19 2450
78 20 100
78 20 2450
78 21 100
78 21 2450
78 22 100
78 22 2450
78 23 100
78 23 2450
78 24 100
78 24 2450
78 24 1225
78 25 100
78 25 2450
78 25 1225
78 26 100
78 26 2450
78 26 1225
78 27 100
78 27 2450
78 27 1225
78 28 100
78 28 2450
78 28 1225
78 29 100
78 29 2450
78 29 1225
78 30 100
78 30 2450
78 30 1225
78 31 100
78 31 2450
78 31 1225
78 32 100
78 32 2450
78 32 1225
78 33 100
78 33 2450
78 33 1225
78 34 100
78 34 2450
78 35 100
78 35 2450
78 36 100
78 36 2450
78 37 100
78 37 2450
78 38 100
78 38 2450
78 39 100
78 39 2450
78 40 100
78 40 2450
78 41 100
78 41 2450
78 42 100
78 42 2450
78 43 100
78 43 2450
78 44 100
78 44 2450
78 45 100
78 46 100
78 47 100
78 48 100
78 49 100
78 50 100
78 51 100
78 52 100
78 53 100
78 54 100
78 55 100
78 56 100
78 57 100
78 58 100
78 59 100
78 60 100
78 61 100
78 62 100
78 63 100
78 64 100
78 65 100
78 66 100
78 67 100
78 68 100
78 69 100
78 70 100
78 71 100
78 72 100
78 73 100
78 74 100
78 75 100
78 76 100
78 77 100
78 78 100
78 79 100
78 80 100
78 81 100
78 82 100
78 82 2450
78 83 100
78 83 2450
78 84 100
78 84 2450
78 85 100
78 85 2450
78 86 100
78 86 2450
78 87 100
78 87 2450
78 88 100
78 88 2450
78 89 100
78 89 2450
78 90 100
78 90 2450
78 91 100
78 91 2450
78 92 100
78 92 2450
78 93 100
78 93 2450
78 94 100
78 94 2450
78 95 100
78 95 2450
78 96 100
78 96 2450
78 97 100
78 97 2450
78 98 100
78 98 2450
78 99 100
78 99 2450
78 100 100
78 101 100
78 102 100
78 103 100
78 104 100
78 105 100
78 106 100
78 107 100
78 108 100
78 109 100
78 110 100
96 72 100
95 72 100
94 72 100
93 72 100
92 72 100
91 72 100
90 72 100
89 72 100
88 72 100
87 72 100
86 72 100
85 72 100
84 72 100
83 72 100
82 72 100
81 72 100
80 72 100
79 72 100
176 73 100
176 73 2450
175 73 100
175 73 2450
174 73 100
174 73 2450
173 73 100
173 73 2450
172 73 100
172 73 2450
171 73 100
171 73 2450
170 73 100
170 73 2450
169 73 100
169 73 2450
168 73 100
168 73 2450
168 73 1225
167 73 100
167 73 2450
167 73 1225
166 73 100
166 73 2450
166 73 1225
165 73 100
165 73 2450
165 73 1225
165 73 612
164 73 100
164 73 2450
164 73 1225
164 73 612
163 73 100
163 73 2450
163 73 1225
163 73 612
162 73 100
162 73 2450
162 73 1225
162 73 612
162 73 306
161 73 100
161 73 2450
161 73 1225
161 73 612
161 73 306
160 73 100
160 73 2450
160 73 1225
160 73 612
160 73 306
159 73 100
159 73 2450
159 73 1225
159 73 612
159 73 306
158 73 100
158 73 2450
158 73 1225
158 73 612
158 73 306
157 73 100
157 73 2450
157 73 1225
157 73 612
157 73 306
156 73 100
156 73 2450
156 73 1225
156 73 612
156 73 306
155 73 100
155 73 2450
155 73 1225
155 73 612
154 73 100
154 73 2450
154 73 1225
154 73 612
153 73 100
153 73 2450
153 73 1225
153 73 612
152 73 100
152 73 2450
152 73 1225
152 73 612
151 73 100
151 73 2450
151 73 1225
151 73 612
150 73 100
150 73 2450
150 73 1225
149 73 100
149 73 2450
149 73 1225
148 73 100
148 73 2450
148 73 1225
147 73 100
147 73 2450
147 73 1225
146 73 100
146 73 2450
145 73 100
145 73 2450
144 73 100
144 73 2450
143 73 100
143 73 2450
142 73 100
142 73 2450
141 73 100
141 73 2450
140 73 100
140 73 2450
139 73 100
139 73 2450
138 73 100
138 73 2450
137 73 100
137 73 2450
136 73 100
136 73 2450
135 73 100
135 73 2450
134 73 100
134 73 2450
133 73 100
133 73 2450
132 73 100
132 73 2450
131 73 100
131 73 2450
130 73 100
130 73 2450
129 73 100
129 73 2450
128 73 100
128 73 2450
127 73 100
127 73 2450
126 73 100
126 73 2450
125 73 100
124 73 100
123 73 100
122 73 100
121 73 100
120 73 100
119 73 100
119 73 2450
118 73 100
118 73 2450
117 73 100
117 73 2450
116 73 100
116 73 2450
115 73 100
115 73 2450
114 73 100
114 73 2450
113 73 100
113 73 2450
112 73 100
111 73 100
110 73 100
109 73 100
108 73 100
107 73 100
106 73 100
105 73 100
104 73 100
103 73 100
102 73 100
101 73 100
100 73 100
99 73 100
98 73 100
97 73 100
96 73 100
95 73 100
94 73 100
93 73 100
92 73 100
91 73 100
90 73 100
89 73 100
88 73 100
87 73 100
86 73 100
85 73 100
84 73 100
83 73 100
82 73 100
81 73 100
80 73 100
79 73 100
42 160 100
43 160 100
44 160 100
45 160 100
46 160 100
47 160 100
48 160 100
49 160 100
50 160 100
51 160 100
52 160 100
53 160 100
54 160 100
55 160 100
56 160 100
57 160 100
58 160 100
59 160 100
60 160 100
61 160 100
62 160 100
63 160 100
64 160 100
65 160 100
65 160 2450
66 160 100
66 160 2450
67 160 100
67 160 2450
68 160 100
68 160 2450
69 160 100
69 160 2450
70 160 100
70 160 2450
71 160 100
71 160 2450
72 160 100
72 160 2450
73 160 100
73 160 2450
73 160 1225
74 160 100
74 160 2450
74 160 1225
75 160 100
75 160 2450
75 160 1225
76 160 100
76 160 2450
76 160 1225
77 160 100
77 160 2450
77 160 1225
78 160 100
78 160 2450
78 160 1225
78 159 100
78 159 2450
78 159 1225
78 158 100
78 158 2450
78 158 1225
78 157 100
78 157 2450
78 156 100
78 156 2450
78 155 100
78 155 2450
78 154 100
78 154 2450
78 153 100
78 153 2450
78 152 100
78 152 2450
78 151 100
78 151 2450
78 150 100
78 150 2450
78 149 100
78 149 2450
78 148 100
78 148 2450
78 147 100
78 147 2450
78 146 100
78 146 2450
78 145 100
78 145 2450
78 144 100
78 143 100
78 142 100
78 141 100
78 140 100
78 139 100
78 138 100
78 137 100
78 136 100
78 135 100
78 134 100
78 133 100
78 132 100
78 131 100
78 130 100
78 130 2450
78 129 100
78 129 2450
78 128 100
78 128 2450
78 127 100
78 127 2450
78 126 100
78 126 2450
78 125 100
78 125 2450
78 124 100
78 124 2450
78 123 100
78 123 2450
78 122 100
78 122 2450
78 121 100
78 121 2450
78 120 100
78 120 2450
78 119 100
78 119 2450
78 118 100
78 118 2450
78 117 100
78 117 2450
78 116 100
78 116 2450
78 115 100
78 114 100
78 113 100
78 112 100
78 111 100
121 59 100
120 59 100
119 59 100
118 59 100
117 59 100
116 59 100
115 59 100
114 59 100
113 59 100
112 59 100
111 59 100
110 59 100
109 59 100
108 59 100
107 59 100
106 59 100
105 59 100
104 59 100
103 59 100
102 59 100
101 59 100
100 59 100
99 59 100
98 59 100
97 59 100
96 59 100
95 59 100
94 59 100
93 59 100
92 59 100
91 59 100
90 59 100
89 59 100
88 59 100
87 59 100
86 59 100
85 59 100
84 59 100
83 59 100
82 59 100
81 59 100
80 59 100
79 59 100
152 153 100
152 153 2450
151 153 100
151 153 2450
150 153 100
150 153 2450
149 153 100
149 153 2450
148 153 100
148 153 2450
147 153 100
147 153 2450
146 153 100
146 153 2450
145 153 100
145 153 2450
144 153 100
144 153 2450
143 153 100
143 153 2450
142 153 100
142 153 2450
141 153 100
141 153 2450
140 153 100
140 153 2450
139 153 100
139 153 2450
138 153 100
138 153 2450
137 153 100
137 153 2450
136 153 100
135 153 100
134 153 100
133 153 100
132 153 100
131 153 100
130 153 100
129 153 100
128 153 100
127 153 100
126 153 100
125 153 100
124 153 100
123 153 100
122 153 100
121 153 100
120 153 100
119 153 100
118 153 100
117 153 100
116 153 100
115 153 100
114 153 100
113 153 100
112 153 100
111 153 100
110 153 100
109 153 100
108 153 100
107 153 100
106 153 100
105 153 100
105 153 2450
104 153 100
104 153 2450
103 153 100
103 153 2450
102 153 100
102 153 2450
101 153 100
101 153 2450
100 153 100
100 153 2450
99 153 100
99 153 2450
98 153 100
98 153 2450
97 153 100
97 153 2450
96 153 100
96 153 2450
95 153 100
95 153 2450
95 153 1225
94 153 100
94 153 2450
94 153 1225
93 153 100
93 153 2450
93 153 1225
92 153 100
92 153 2450
92 153 1225
91 153 100
91 153 2450
91 153 1225
90 153 100
90 153 2450
90 153 1225
89 153 100
89 153 2450
89 153 1225
88 153 100
88 153 2450
88 153 1225
87 153 100
87 153 2450
87 153 1225
86 153 100
86 153 2450
86 153 1225
85 153 100
85 153 2450
85 153 1225
84 153 100
84 153 2450
84 153 1225
83 153 100
83 153 2450
83 153 1225
82 153 100
82 153 2450
81 153 100
81 153 2450
80 153 100
80 153 2450
79 153 100
79 153 2450
13 126 100
14 126 100
15 126 100
16 126 100
17 126 100
18 126 100
19 126 100
20 126 100
21 126 100
22 126 100
23 126 100
24 126 100
25 126 100
26 126 100
27 126 100
28 126 100
29 126 100
30 126 100
31 126 100
32 126 100
33 126 100
33 126 2450
34 126 100
34 126 2450
35 126 100
35 126 2450
36 126 100
36 126 2450
37 126 100
37 126 2450
38 126 100
38 126 2450
39 126 100
39 126 2450
40 126 100
40 126 2450
41 126 100
41 126 2450
42 126 100
42 126 2450
43 126 100
43 126 2450
44 126 100
44 126 2450
45 126 100
45 126 2450
46 126 100
46 126 2450
47 126 100
47 126 2450
48 126 100
48 126 2450
49 126 100
49 126 2450
50 126 100
50 126 2450
51 126 100
51 126 2450
52 126 100
52 126 2450
53 126 100
53 126 2450
54 126 100
54 126 2450
55 126 100
55 126 2450
56 126 100
56 126 2450
57 126 100
57 126 2450
58 126 100
58 126 2450
59 126 100
59 126 2450
60 126 100
60 126 2450
61 126 100
61 126 2450
62 126 100
62 126 2450
63 126 100
63 126 2450
64 126 100
64 126 2450
65 126 100
65 126 2450
66 126 100
66 126 2450
67 126 100
67 126 2450
68 126 100
68 126 2450
69 126 100
69 126 2450
70 126 100
70 126 2450
71 126 100
71 126 2450
72 126 100
72 126 2450
73 126 100
73 126 2450
74 126 100
74 126 2450
75 126 100
75 126 2450
76 126 100
76 126 2450
77 126 100
77 126 2450
150 27 100
149 27 100
148 27 100
147 27 100
146 27 100
145 27 100
144 27 100
143 27 100
142 27 100
141 27 100
140 27 100
139 27 100
138 27 100
137 27 100
136 27 100
135 27 100
134 27 100
133 27 100
132 27 100
131 27 100
130 27 100
129 27 100
128 27 100
127 27 100
126 27 100
125 27 100
124 27 100
123 27 100
122 27 100
121 27 100
120 27 100
119 27 100
118 27 100
117 27 100
116 27 100
115 27 100
114 27 100
113 27 100
112 27 100
112 27 2450
111 27 100
111 27 2450
110 27 100
110 27 2450
109 27 100
109 27 2450
108 27 100
108 27 2450
107 27 100
107 27 2450
106 27 100
106 27 2450
105 27 100
105 27 2450
104 27 100
104 27 2450
103 27 100
103 27 2450
102 27 100
102 27 2450
101 27 100
101 27 2450
100 27 100
100 27 2450
99 27 100
99 27 2450
98 27 100
98 27 2450
97 27 100
97 27 2450
96 27 100
96 27 2450
96 27 1225
95 27 100
95 27 2450
95 27 1225
94 27 100
94 27 2450
94 27 1225
93 27 100
93 27 2450
93 27 1225
92 27 100
92 27 2450
92 27 1225
91 27 100
91 27 2450
91 27 1225
91 27 612
90 27 100
90 27 2450
90 27 1225
90 27 612
89 27 100
89 27 2450
89 27 1225
89 27 612
88 27 100
88 27 2450
88 27 1225
88 27 612
87 27 100
87 27 2450
87 27 1225
87 27 612
86 27 100
86 27 2450
86 27 1225
86 27 612
86 27 306
85 27 100
85 27 2450
85 27 1225
85 27 612
84 27 100
84 27 2450
84 27 1225
84 27 612
83 27 100
83 27 2450
83 27 1225
83 27 612
82 27 100
82 27 2450
82 27 1225
82 27 612
81 27 100
81 27 2450
81 27 1225
81 27 612
80 27 100
80 27 2450
80 27 1225
79 27 100
79 27 2450
79 27 1225
146 101 100
145 101 100
144 101 100
143 101 100
142 101 100
141 101 100
140 101 100
139 101 100
138 101 100
137 101 100
136 101 100
135 101 100
134 101 100
133 101 100
132 101 100
131 101 100
130 101 100
129 101 100
128 101 100
127 101 100
127 101 2450
126 101 100
126 101 2450
125 101 100
125 101 2450
124 101 100
124 101 2450
123 101 100
123 101 2450
122 101 100
122 101 2450
121 101 100
121 101 2450
120 101 100
120 101 2450
119 101 100
119 101 2450
118 101 100
118 101 2450
117 101 100
117 101 2450
116 101 100
116 101 2450
115 101 100
115 101 2450
114 101 100
114 101 2450
113 101 100
113 101 2450
112 101 100
112 101 2450
111 101 100
111 101 2450
110 101 100
109 101 100
108 101 100
107 101 100
106 101 100
105 101 100
104 101 100
103 101 100
102 101 100
101 101 100
100 101 100
99 101 100
98 101 100
97 101 100
96 101 100
95 101 100
94 101 100
93 101 100
92 101 100
91 101 100
90 101 100
89 101 100
88 101 100
87 101 100
86 101 100
85 101 100
84 101 100
83 101 100
82 101 100
81 101 100
80 101 100
79 101 100
