69 43 100
70 43 100
71 43 100
72 43 100
73 43 100
74 43 100
75 43 100
76 43 100
77 43 100
78 43 100
79 43 100
80 43 100
81 43 100
82 43 100
83 43 100
84 43 100
85 43 100
86 43 100
87 43 100
88 43 100
89 43 100
90 43 100
91 43 100
92 43 100
92 43 2450
93 43 100
93 43 2450
94 43 100
94 43 2450
95 43 100
95 43 2450
96 43 100
96 43 2450
97 43 100
97 43 2450
98 43 100
98 43 2450
99 43 100
99 43 2450
100 43 100
100 43 2450
101 43 100
101 43 2450
102 43 100
102 43 2450
103 43 100
103 43 2450
104 43 100
104 43 2450
105 43 100
105 43 2450
106 43 100
106 43 2450
107 43 100
107 43 2450
108 43 100
108 43 2450
109 43 100
109 43 2450
110 43 100
111 43 100
112 43 100
113 43 100
114 43 100
115 43 100
116 43 100
116 43 2450
117 43 100
117 43 2450
118 43 100
118 43 2450
119 43 100
119 43 2450
120 43 100
120 43 2450
121 43 100
121 43 2450
122 43 100
122 43 2450
123 43 100
123 43 2450
124 43 100
124 43 2450
125 43 100
125 43 2450
126 43 100
126 43 2450
127 43 100
127 43 2450
128 43 100
128 43 2450
129 43 100
129 43 2450
130 43 100
130 43 2450
131 43 100
131 43 2450
132 43 100
132 43 2450
133 43 100
133 43 2450
134 43 100
134 43 2450
134 43 1225
135 43 100
135 43 2450
135 43 1225
136 43 100
136 43 2450
136 43 1225
137 43 100
137 43 2450
137 43 1225
138 43 100
138 43 2450
138 43 1225
139 43 100
139 43 2450
139 43 1225
140 43 100
140 43 2450
140 43 1225
141 43 100
141 43 2450
141 43 1225
142 43 100
142 43 2450
142 43 1225
143 43 100
143 43 2450
144 43 100
144 43 2450
145 43 100
145 43 2450
146 43 100
146 43 2450
147 43 100
147 43 2450
148 43 100
148 43 2450
149 43 100
149 43 2450
150 43 100
150 43 2450
151 43 100
151 43 2450
152 43 100
152 43 2450
153 43 100
153 43 2450
154 43 100
154 43 2450
155 43 100
155 43 2450
156 43 100
156 43 2450
157 43 100
157 43 2450
158 43 100
158 43 2450
159 43 100
159 43 2450
160 43 100
160 43 2450
161 43 100
161 43 2450
162 43 100
162 43 2450
163 43 100
163 43 2450
164 43 100
164 43 2450
164 44 100
164 44 2450
164 45 100
164 46 100
164 47 100
164 48 100
164 49 100
164 50 100
164 51 100
164 52 100
164 53 100
164 54 100
164 55 100
164 56 100
164 57 100
164 58 100
164 58 2450
164 59 100
164 59 2450
164 60 100
164 60 2450
164 61 100
164 61 2450
164 62 100
164 62 2450
164 63 100
164 63 2450
164 64 100
164 64 2450
164 65 100
164 65 2450
164 66 100
164 66 2450
164 67 100
164 67 2450
164 68 100
164 68 2450
164 69 100
164 69 2450
164 69 1225
164 70 100
164 70 2450
164 70 1225
164 71 100
164 71 2450
164 71 1225
164 72 100
164 72 2450
164 72 1225
164 73 100
164 73 2450
164 73 1225
164 74 100
164 74 2450
164 74 1225
164 75 100
164 75 2450
164 75 1225
164 76 100
164 76 2450
164 77 100
164 77 2450
164 78 100
164 78 2450
164 79 100
164 79 2450
164 80 100
164 80 2450
164 81 100
164 81 2450
164 82 100
164 82 2450
164 83 100
164 83 2450
164 84 100
164 84 2450
164 85 100
164 85 2450
164 86 100
164 86 2450
164 87 100
164 87 2450
164 88 100
164 88 2450
164 89 100
164 89 2450
164 90 100
164 90 2450
164 91 100
164 91 2450
164 92 100
164 92 2450
164 93 100
164 93 2450
164 94 100
164 95 100
164 96 100
164 97 100
164 98 100
164 99 100
164 100 100
164 101 100
164 102 100
164 103 100
164 104 100
164 105 100
164 106 100
164 107 100
164 108 100
164 109 100
164 110 100
164 111 100
164 112 100
164 113 100
164 114 100
164 115 100
164 116 100
164 117 100
78 180 100
79 180 100
80 180 100
81 180 100
82 180 100
83 180 100
84 180 100
85 180 100
86 180 100
87 180 100
88 180 100
89 180 100
90 180 100
91 180 100
92 180 100
93 180 100
94 180 100
95 180 100
96 180 100
96 180 2450
97 180 100
97 180 2450
98 180 100
98 180 2450
99 180 100
99 180 2450
100 180 100
100 180 2450
101 180 100
101 180 2450
102 180 100
102 180 2450
103 180 100
103 180 2450
104 180 100
104 180 2450
105 180 100
106 180 100
107 180 100
108 180 100
109 180 100
110 180 100
110 180 2450
111 180 100
111 180 2450
112 180 100
112 180 2450
113 180 100
113 180 2450
114 180 100
114 180 2450
115 180 100
115 180 2450
116 180 100
116 180 2450
117 180 100
117 180 2450
118 180 100
118 180 2450
119 180 100
119 180 2450
120 180 100
120 180 2450
121 180 100
121 180 2450
122 180 100
122 180 2450
123 180 100
123 180 2450
124 180 100
124 180 2450
125 180 100
125 180 2450
126 180 100
126 180 2450
127 180 100
127 180 2450
128 180 100
128 180 2450
129 180 100
129 180 2450
130 180 100
130 180 2450
130 180 1225
131 180 100
131 180 2450
131 180 1225
132 180 100
132 180 2450
132 180 1225
133 180 100
133 180 2450
133 180 1225
134 180 100
134 180 2450
134 180 1225
135 180 100
135 180 2450
136 180 100
136 180 2450
137 180 100
137 180 2450
138 180 100
138 180 2450
139 180 100
139 180 2450
140 180 100
140 180 2450
141 180 100
141 180 2450
142 180 100
142 180 2450
143 180 100
143 180 2450
144 180 100
144 180 2450
145 180 100
145 180 2450
146 180 100
146 180 2450
147 180 100
147 180 2450
148 180 100
148 180 2450
149 180 100
149 180 2450
150 180 100
150 180 2450
151 180 100
151 180 2450
152 180 100
153 180 100
154 180 100
155 180 100
156 180 100
157 180 100
158 180 100
159 180 100
160 180 100
161 180 100
162 180 100
163 180 100
164 180 100
164 179 100
164 178 100
164 177 100
164 176 100
164 175 100
164 174 100
164 173 100
164 172 100
164 171 100
164 170 100
164 169 100
164 168 100
164 167 100
164 166 100
164 165 100
164 164 100
164 163 100
164 162 100
164 161 100
164 160 100
164 159 100
164 158 100
164 158 2450
164 157 100
164 157 2450
164 156 100
164 156 2450
164 155 100
164 155 2450
164 154 100
164 154 2450
164 153 100
164 153 2450
164 152 100
164 152 2450
164 151 100
164 151 2450
164 150 100
164 150 2450
164 149 100
164 149 2450
164 148 100
164 148 2450
164 147 100
164 147 2450
164 146 100
164 145 100
164 144 100
164 143 100
164 142 100
164 141 100
164 140 100
164 139 100
164 138 100
164 137 100
164 136 100
164 135 100
164 134 100
164 133 100
164 132 100
164 131 100
164 130 100
164 129 100
164 128 100
164 127 100
164 126 100
164 125 100
164 124 100
164 123 100
164 122 100
164 121 100
164 120 100
164 119 100
164 118 100
