104 123 100
103 123 100
102 123 100
101 123 100
100 123 100
99 123 100
98 123 100
97 123 100
96 123 100
95 123 100
95 123 2450
94 123 100
94 123 2450
93 123 100
93 123 2450
92 123 100
92 123 2450
91 123 100
91 123 2450
90 123 100
90 123 2450
89 123 100
89 123 2450
88 123 100
88 123 2450
87 123 100
87 123 2450
86 123 100
86 123 2450
85 123 100
85 123 2450
84 123 100
84 123 2450
83 123 100
83 123 2450
82 123 100
82 123 2450
81 123 100
81 123 2450
80 123 100
80 123 2450
79 123 100
79 123 2450
79 123 1225
78 123 100
78 123 2450
78 123 1225
77 123 100
77 123 2450
77 123 1225
76 123 100
76 123 2450
76 123 1225
75 123 100
75 123 2450
75 123 1225
74 123 100
74 123 2450
74 123 1225
73 123 100
73 123 2450
73 123 1225
72 123 100
72 123 2450
72 123 1225
71 123 100
71 123 2450
71 123 1225
70 123 100
70 123 2450
70 123 1225
69 123 100
69 123 2450
68 123 100
68 123 2450
67 123 100
67 123 2450
66 123 100
66 123 2450
65 123 100
65 123 2450
64 123 100
64 123 2450
63 123 100
63 123 2450
62 123 100
62 123 2450
61 123 100
61 123 2450
60 123 100
60 123 2450
59 123 100
59 123 2450
58 123 100
58 123 2450
57 123 100
57 123 2450
56 123 100
56 123 2450
55 123 100
55 123 2450
54 123 100
53 123 100
52 123 100
51 123 100
50 123 100
49 123 100
48 123 100
47 123 100
46 123 100
45 123 100
44 123 100
43 123 100
42 123 100
41 123 100
40 123 100
39 123 100
38 123 100
38 122 100
38 121 100
38 120 100
38 119 100
38 118 100
38 117 100
38 116 100
38 115 100
38 114 100
38 113 100
38 112 100
38 112 2450
38 111 100
38 111 2450
38 110 100
38 110 2450
38 109 100
38 109 2450
38 108 100
38 108 2450
38 107 100
38 107 2450
38 106 100
38 106 2450
38 105 100
38 105 2450
38 104 100
38 104 2450
38 103 100
38 103 2450
38 102 100
38 102 2450
38 101 100
38 101 2450
38 100 100
38 100 2450
38 99 100
38 99 2450
38 98 100
38 98 2450
38 97 100
38 97 2450
38 96 100
38 96 2450
38 95 100
38 95 2450
38 94 100
38 94 2450
38 93 100
38 93 2450
38 92 100
38 92 2450
38 91 100
38 91 2450
38 90 100
38 90 2450
38 89 100
38 89 2450
38 88 100
38 88 2450
38 87 100
38 87 2450
38 86 100
38 86 2450
38 85 100
38 84 100
38 83 100
38 82 100
38 81 100
38 80 100
38 79 100
38 78 100
38 77 100
38 76 100
38 75 100
38 74 100
38 73 100
38 72 100
38 71 100
38 70 100
38 69 100
38 68 100
38 67 100
38 66 100
38 65 100
38 64 100
38 63 100
38 62 100
38 61 100
38 60 100
38 59 100
38 58 100
38 57 100
38 56 100
38 55 100
38 54 100
38 53 100
38 52 100
38 51 100
38 50 100
38 49 100
38 48 100
38 47 100
38 46 100
38 45 100
38 44 100
5 187 100
6 187 100
7 187 100
8 187 100
9 187 100
10 187 100
11 187 100
12 187 100
13 187 100
14 187 100
15 187 100
16 187 100
17 187 100
18 187 100
19 187 100
20 187 100
21 187 100
22 187 100
23 187 100
24 187 100
25 187 100
26 187 100
27 187 100
28 187 100
29 187 100
30 187 100
31 187 100
32 187 100
33 187 100
34 187 100
35 187 100
36 187 100
37 187 100
38 187 100
38 186 100
38 185 100
38 184 100
38 183 100
38 182 100
38 181 100
38 180 100
38 179 100
38 178 100
38 177 100
38 176 100
38 175 100
38 174 100
38 173 100
38 172 100
38 171 100
38 170 100
38 169 100
38 168 100
38 167 100
38 166 100
38 165 100
38 164 100
38 163 100
38 162 100
38 161 100
38 160 100
38 159 100
38 158 100
38 157 100
38 156 100
38 155 100
38 155 2450
38 154 100
38 154 2450
38 153 100
38 153 2450
38 152 100
38 152 2450
38 151 100
38 151 2450
38 150 100
38 150 2450
38 149 100
38 149 2450
38 148 100
38 148 2450
38 147 100
38 147 2450
38 146 100
38 146 2450
38 145 100
38 145 2450
38 144 100
38 144 2450
38 143 100
38 143 2450
38 142 100
38 142 2450
38 141 100
38 141 2450
38 140 100
38 140 2450
38 139 100
38 139 2450
38 138 100
38 138 2450
38 137 100
38 137 2450
38 136 100
38 136 2450
38 135 100
38 135 2450
38 134 100
38 134 2450
38 133 100
38 133 2450
38 132 100
38 132 2450
38 131 100
38 131 2450
38 130 100
38 129 100
38 128 100
38 127 100
38 126 100
38 125 100
38 124 100
184 62 100
183 62 100
182 62 100
181 62 100
180 62 100
179 62 100
178 62 100
177 62 100
176 62 100
175 62 100
174 62 100
173 62 100
172 62 100
171 62 100
170 62 100
169 62 100
168 62 100
167 62 100
166 62 100
165 62 100
164 62 100
163 62 100
162 62 100
161 62 100
160 62 100
159 62 100
158 62 100
158 62 2450
157 62 100
157 62 2450
156 62 100
156 62 2450
155 62 100
155 62 2450
154 62 100
154 62 2450
153 62 100
153 62 2450
152 62 100
152 62 2450
151 62 100
151 62 2450
150 62 100
150 62 2450
149 62 100
149 62 2450
148 62 100
148 62 2450
147 62 100
147 62 2450
146 62 100
146 62 2450
145 62 100
145 62 2450
144 62 100
144 62 2450
143 62 100
143 62 2450
142 62 100
142 62 2450
141 62 100
141 62 2450
140 62 100
140 62 2450
139 62 100
139 62 2450
138 62 100
138 62 2450
137 62 100
137 62 2450
136 62 100
136 62 2450
135 62 100
135 62 2450
134 62 100
134 62 2450
133 62 100
133 62 2450
132 62 100
132 62 2450
131 62 100
131 62 2450
130 62 100
130 62 2450
129 62 100
129 62 2450
128 62 100
128 62 2450
127 62 100
127 62 2450
126 62 100
126 62 2450
125 62 100
125 62 2450
124 62 100
124 62 2450
123 62 100
123 62 2450
122 62 100
122 62 2450
121 62 100
121 62 2450
120 62 100
120 62 2450
119 62 100
119 62 2450
118 62 100
118 62 2450
117 62 100
117 62 2450
116 62 100
116 62 2450
115 62 100
115 62 2450
114 62 100
114 62 2450
113 62 100
113 62 2450
112 62 100
112 62 2450
111 62 100
111 62 2450
110 62 100
110 62 2450
109 62 100
109 62 2450
108 62 100
108 62 2450
107 62 100
107 62 2450
106 62 100
105 62 100
104 62 100
103 62 100
102 62 100
101 62 100
100 62 100
99 62 100
98 62 100
97 62 100
96 62 100
95 62 100
94 62 100
93 62 100
92 62 100
91 62 100
90 62 100
89 62 100
88 62 100
88 62 2450
87 62 100
87 62 2450
86 62 100
86 62 2450
85 62 100
85 62 2450
84 62 100
84 62 2450
83 62 100
83 62 2450
82 62 100
82 62 2450
81 62 100
81 62 2450
80 62 100
80 62 2450
79 62 100
79 62 2450
78 62 100
78 62 2450
77 62 100
77 62 2450
76 62 100
76 62 2450
75 62 100
75 62 2450
74 62 100
74 62 2450
74 62 1225
73 62 100
73 62 2450
73 62 1225
72 62 100
72 62 2450
72 62 1225
71 62 100
71 62 2450
71 62 1225
70 62 100
70 62 2450
70 62 1225
69 62 100
69 62 2450
69 62 1225
68 62 100
68 62 2450
68 62 1225
67 62 100
67 62 2450
67 62 1225
66 62 100
66 62 2450
66 62 1225
65 62 100
65 62 2450
65 62 1225
64 62 100
64 62 2450
64 62 1225
63 62 100
63 62 2450
62 62 100
62 62 2450
61 62 100
61 62 2450
60 62 100
60 62 2450
59 62 100
59 62 2450
58 62 100
58 62 2450
57 62 100
57 62 2450
56 62 100
56 62 2450
55 62 100
55 62 2450
54 62 100
54 62 2450
53 62 100
53 62 2450
52 62 100
52 62 2450
51 62 100
51 62 2450
50 62 100
50 62 2450
49 62 100
49 62 2450
48 62 100
48 62 2450
47 62 100
47 62 2450
46 62 100
46 62 2450
45 62 100
45 62 2450
44 62 100
43 62 100
42 62 100
41 62 100
40 62 100
39 62 100
178 146 100
177 146 100
176 146 100
175 146 100
174 146 100
173 146 100
172 146 100
171 146 100
170 146 100
169 146 100
168 146 100
167 146 100
166 146 100
165 146 100
164 146 100
163 146 100
162 146 100
162 146 2450
161 146 100
161 146 2450
160 146 100
160 146 2450
159 146 100
159 146 2450
158 146 100
158 146 2450
157 146 100
157 146 2450
156 146 100
156 146 2450
155 146 100
155 146 2450
154 146 100
154 146 2450
153 146 100
153 146 2450
152 146 100
152 146 2450
151 146 100
151 146 2450
150 146 100
150 146 2450
149 146 100
149 146 2450
148 146 100
148 146 2450
147 146 100
147 146 2450
146 146 100
146 146 2450
145 146 100
145 146 2450
144 146 100
144 146 2450
143 146 100
143 146 2450
142 146 100
142 146 2450
141 146 100
141 146 2450
140 146 100
140 146 2450
139 146 100
139 146 2450
138 146 100
138 146 2450
137 146 100
137 146 2450
136 146 100
136 146 2450
135 146 100
135 146 2450
134 146 100
134 146 2450
133 146 100
133 146 2450
132 146 100
132 146 2450
131 146 100
131 146 2450
130 146 100
130 146 2450
129 146 100
129 146 2450
128 146 100
128 146 2450
127 146 100
127 146 2450
126 146 100
126 146 2450
125 146 100
125 146 2450
124 146 100
124 146 2450
123 146 100
123 146 2450
122 146 100
122 146 2450
121 146 100
121 146 2450
120 146 100
120 146 2450
119 146 100
118 146 100
117 146 100
116 146 100
115 146 100
114 146 100
113 146 100
112 146 100
111 146 100
110 146 100
109 146 100
108 146 100
107 146 100
106 146 100
105 146 100
104 146 100
103 146 100
102 146 100
101 146 100
100 146 100
99 146 100
98 146 100
97 146 100
96 146 100
95 146 100
94 146 100
93 146 100
92 146 100
91 146 100
90 146 100
89 146 100
88 146 100
87 146 100
86 146 100
85 146 100
84 146 100
83 146 100
82 146 100
81 146 100
80 146 100
79 146 100
78 146 100
78 146 2450
77 146 100
77 146 2450
76 146 100
76 146 2450
75 146 100
75 146 2450
74 146 100
74 146 2450
73 146 100
73 146 2450
72 146 100
72 146 2450
71 146 100
71 146 2450
70 146 100
70 146 2450
70 146 1225
69 146 100
69 146 2450
69 146 1225
68 146 100
68 146 2450
68 146 1225
67 146 100
67 146 2450
67 146 1225
66 146 100
66 146 2450
66 146 1225
65 146 100
65 146 2450
65 146 1225
64 146 100
64 146 2450
64 146 1225
63 146 100
63 146 2450
63 146 1225
63 146 612
62 146 100
62 146 2450
62 146 1225
62 146 612
61 146 100
61 146 2450
61 146 1225
60 146 100
60 146 2450
60 146 1225
59 146 100
59 146 2450
59 146 1225
58 146 100
58 146 2450
58 146 1225
57 146 100
57 146 2450
57 146 1225
56 146 100
56 146 2450
56 146 1225
55 146 100
55 146 2450
55 146 1225
54 146 100
54 146 2450
54 146 1225
53 146 100
53 146 2450
53 146 1225
52 146 100
52 146 2450
52 146 1225
51 146 100
51 146 2450
51 146 1225
50 146 100
50 146 2450
50 146 1225
49 146 100
49 146 2450
48 146 100
48 146 2450
47 146 100
47 146 2450
46 146 100
46 146 2450
45 146 100
45 146 2450
44 146 100
44 146 2450
43 146 100
43 146 2450
42 146 100
42 146 2450
41 146 100
41 146 2450
40 146 100
40 146 2450
39 146 100
39 146 2450
