42 152 100
43 152 100
44 152 100
45 152 100
46 152 100
47 152 100
48 152 100
49 152 100
50 152 100
51 152 100
52 152 100
53 152 100
54 152 100
55 152 100
56 152 100
57 152 100
58 152 100
59 152 100
60 152 100
60 152 2450
61 152 100
61 152 2450
62 152 100
62 152 2450
63 152 100
63 152 2450
64 152 100
64 152 2450
65 152 100
65 152 2450
66 152 100
66 152 2450
67 152 100
67 152 2450
68 152 100
68 152 2450
69 152 100
69 152 2450
70 152 100
70 152 2450
71 152 100
71 152 2450
72 152 100
72 152 2450
73 152 100
73 152 2450
74 152 100
74 152 2450
75 152 100
76 152 100
77 152 100
78 152 100
79 152 100
80 152 100
81 152 100
82 152 100
83 152 100
84 152 100
85 152 100
86 152 100
87 152 100
88 152 100
89 152 100
90 152 100
91 152 100
92 152 100
93 152 100
94 152 100
95 152 100
96 152 100
97 152 100
98 152 100
99 152 100
100 152 100
101 152 100
102 152 100
103 152 100
104 152 100
105 152 100
106 152 100
107 152 100
108 152 100
109 152 100
110 152 100
111 152 100
112 152 100
113 152 100
114 152 100
115 152 100
116 152 100
117 152 100
118 152 100
118 152 2450
119 152 100
119 152 2450
120 152 100
120 152 2450
121 152 100
121 152 2450
122 152 100
122 152 2450
123 152 100
123 152 2450
124 152 100
124 152 2450
125 152 100
125 152 2450
126 152 100
126 152 2450
127 152 100
127 152 2450
128 152 100
129 152 100
130 152 100
131 152 100
132 152 100
133 152 100
134 152 100
135 152 100
136 152 100
137 152 100
138 152 100
139 152 100
140 152 100
141 152 100
142 152 100
143 152 100
144 152 100
145 152 100
146 152 100
147 152 100
148 152 100
149 152 100
150 152 100
151 152 100
152 152 100
153 152 100
154 152 100
155 152 100
156 152 100
157 152 100
158 152 100
159 152 100
160 152 100
161 152 100
162 152 100
163 152 100
164 152 100
165 152 100
166 152 100
167 152 100
168 152 100
169 152 100
170 152 100
171 152 100
172 152 100
172 151 100
172 150 100
172 149 100
172 148 100
172 147 100
172 146 100
172 145 100
172 144 100
172 143 100
172 142 100
172 141 100
172 140 100
172 139 100
172 138 100
172 137 100
172 136 100
172 135 100
172 134 100
172 133 100
172 132 100
172 131 100
172 130 100
172 129 100
172 128 100
172 127 100
172 126 100
172 125 100
172 124 100
172 123 100
172 122 100
172 121 100
172 121 2450
172 120 100
172 120 2450
172 119 100
172 119 2450
172 118 100
172 118 2450
172 117 100
172 117 2450
172 116 100
172 116 2450
172 115 100
172 115 2450
172 114 100
172 114 2450
172 113 100
172 113 2450
172 112 100
172 112 2450
172 111 100
172 111 2450
172 110 100
172 110 2450
172 109 100
172 109 2450
172 108 100
172 108 2450
172 107 100
172 107 2450
172 106 100
172 106 2450
172 105 100
172 105 2450
172 104 100
172 104 2450
172 103 100
172 103 2450
172 102 100
172 102 2450
172 101 100
172 101 2450
172 100 100
172 100 2450
172 99 100
172 99 2450
172 98 100
172 98 2450
172 97 100
172 97 2450
172 96 100
172 96 2450
172 95 100
172 95 2450
172 94 100
172 94 2450
172 93 100
172 93 2450
172 92 100
172 92 2450
172 91 100
172 91 2450
172 90 100
172 90 2450
172 89 100
172 89 2450
172 88 100
172 88 2450
172 87 100
172 87 2450
172 86 100
172 86 2450
172 85 100
172 85 2450
172 84 100
172 84 2450
172 83 100
172 83 2450
172 82 100
172 82 2450
172 81 100
172 81 2450
172 80 100
172 80 2450
172 79 100
172 79 2450
172 78 100
172 78 2450
172 77 100
172 77 2450
172 76 100
172 76 2450
172 75 100
172 75 2450
172 74 100
172 74 2450
172 73 100
172 72 100
172 71 100
172 70 100
172 69 100
172 68 100
172 67 100
172 66 100
172 65 100
172 64 100
172 63 100
172 62 100
172 61 100
172 60 100
172 59 100
172 58 100
172 57 100
172 56 100
172 55 100
172 54 100
172 53 100
172 52 100
172 51 100
172 50 100
172 49 100
172 48 100
172 47 100
172 46 100
172 46 2450
172 45 100
172 45 2450
172 44 100
172 44 2450
172 43 100
172 43 2450
172 42 100
172 42 2450
172 41 100
172 41 2450
172 40 100
172 40 2450
172 39 100
172 39 2450
172 38 100
172 38 2450
172 37 100
172 37 2450
172 36 100
172 36 2450
172 35 100
172 35 2450
172 34 100
172 34 2450
172 33 100
172 33 2450
172 32 100
172 32 2450
172 31 100
172 31 2450
172 30 100
172 30 2450
172 29 100
172 29 2450
172 28 100
172 27 100
172 26 100
172 25 100
172 24 100
172 23 100
172 22 100
172 21 100
172 20 100
172 19 100
172 18 100
172 17 100
172 16 100
172 15 100
172 14 100
172 13 100
172 12 100
172 11 100
172 10 100
172 9 100
172 8 100
172 7 100
172 6 100
172 5 100
172 4 100
172 3 100
172 2 100
150 87 100
151 87 100
152 87 100
153 87 100
154 87 100
155 87 100
156 87 100
157 87 100
158 87 100
159 87 100
160 87 100
161 87 100
162 87 100
163 87 100
164 87 100
165 87 100
166 87 100
166 87 2450
167 87 100
167 87 2450
168 87 100
168 87 2450
169 87 100
169 87 2450
170 87 100
170 87 2450
171 87 100
171 87 2450
70 107 100
71 107 100
72 107 100
73 107 100
74 107 100
75 107 100
76 107 100
77 107 100
78 107 100
79 107 100
80 107 100
81 107 100
82 107 100
83 107 100
84 107 100
85 107 100
86 107 100
87 107 100
88 107 100
89 107 100
90 107 100
91 107 100
92 107 100
93 107 100
94 107 100
95 107 100
96 107 100
97 107 100
98 107 100
99 107 100
100 107 100
101 107 100
102 107 100
103 107 100
104 107 100
105 107 100
106 107 100
107 107 100
108 107 100
109 107 100
110 107 100
111 107 100
112 107 100
113 107 100
114 107 100
115 107 100
116 107 100
117 107 100
118 107 100
119 107 100
120 107 100
121 107 100
122 107 100
123 107 100
124 107 100
125 107 100
126 107 100
127 107 100
128 107 100
129 107 100
130 107 100
131 107 100
132 107 100
133 107 100
134 107 100
135 107 100
136 107 100
137 107 100
138 107 100
139 107 100
140 107 100
141 107 100
142 107 100
143 107 100
144 107 100
145 107 100
146 107 100
147 107 100
148 107 100
149 107 100
150 107 100
151 107 100
152 107 100
153 107 100
154 107 100
155 107 100
156 107 100
157 107 100
158 107 100
158 107 2450
159 107 100
159 107 2450
160 107 100
160 107 2450
161 107 100
161 107 2450
162 107 100
162 107 2450
163 107 100
163 107 2450
164 107 100
164 107 2450
165 107 100
165 107 2450
166 107 100
166 107 2450
167 107 100
167 107 2450
168 107 100
168 107 2450
169 107 100
169 107 2450
170 107 100
170 107 2450
171 107 100
171 107 2450
102 54 100
102 54 2450
103 54 100
103 54 2450
104 54 100
104 54 2450
105 54 100
105 54 2450
106 54 100
106 54 2450
107 54 100
107 54 2450
108 54 100
108 54 2450
109 54 100
109 54 2450
110 54 100
110 54 2450
111 54 100
111 54 2450
112 54 100
112 54 2450
113 54 100
113 54 2450
114 54 100
114 54 2450
115 54 100
115 54 2450
116 54 100
116 54 2450
117 54 100
117 54 2450
118 54 100
118 54 2450
119 54 100
119 54 2450
120 54 100
120 54 2450
121 54 100
121 54 2450
122 54 100
122 54 2450
123 54 100
123 54 2450
124 54 100
124 54 2450
125 54 100
125 54 2450
126 54 100
126 54 2450
127 54 100
127 54 2450
128 54 100
128 54 2450
129 54 100
129 54 2450
130 54 100
130 54 2450
131 54 100
131 54 2450
132 54 100
132 54 2450
133 54 100
133 54 2450
134 54 100
134 54 2450
135 54 100
136 54 100
137 54 100
138 54 100
139 54 100
140 54 100
141 54 100
142 54 100
143 54 100
144 54 100
145 54 100
146 54 100
147 54 100
148 54 100
149 54 100
150 54 100
151 54 100
152 54 100
153 54 100
154 54 100
155 54 100
156 54 100
157 54 100
158 54 100
159 54 100
160 54 100
161 54 100
162 54 100
163 54 100
164 54 100
165 54 100
166 54 100
167 54 100
168 54 100
169 54 100
170 54 100
171 54 100
107 98 100
108 98 100
109 98 100
110 98 100
111 98 100
112 98 100
113 98 100
114 98 100
115 98 100
116 98 100
117 98 100
118 98 100
119 98 100
120 98 100
121 98 100
122 98 100
123 98 100
124 98 100
125 98 100
126 98 100
127 98 100
128 98 100
129 98 100
130 98 100
131 98 100
132 98 100
133 98 100
134 98 100
135 98 100
136 98 100
137 98 100
138 98 100
139 98 100
140 98 100
141 98 100
142 98 100
143 98 100
144 98 100
145 98 100
146 98 100
147 98 100
148 98 100
149 98 100
150 98 100
151 98 100
152 98 100
153 98 100
154 98 100
155 98 100
156 98 100
157 98 100
158 98 100
158 98 2450
159 98 100
159 98 2450
160 98 100
160 98 2450
161 98 100
161 98 2450
162 98 100
162 98 2450
163 98 100
163 98 2450
164 98 100
164 98 2450
165 98 100
165 98 2450
166 98 100
166 98 2450
167 98 100
167 98 2450
168 98 100
168 98 2450
169 98 100
169 98 2450
170 98 100
170 98 2450
171 98 100
171 98 2450
32 10 100
33 10 100
34 10 100
35 10 100
36 10 100
37 10 100
38 10 100
39 10 100
40 10 100
40 10 2450
41 10 100
41 10 2450
42 10 100
42 10 2450
43 10 100
43 10 2450
44 10 100
44 10 2450
45 10 100
45 10 2450
46 10 100
46 10 2450
47 10 100
47 10 2450
48 10 100
48 10 2450
49 10 100
49 10 2450
50 10 100
50 10 2450
51 10 100
51 10 2450
52 10 100
52 10 2450
53 10 100
53 10 2450
54 10 100
54 10 2450
55 10 100
55 10 2450
56 10 100
56 10 2450
57 10 100
57 10 2450
58 10 100
58 10 2450
59 10 100
59 10 2450
60 10 100
60 10 2450
61 10 100
61 10 2450
62 10 100
62 10 2450
63 10 100
63 10 2450
64 10 100
64 10 2450
65 10 100
65 10 2450
66 10 100
66 10 2450
67 10 100
67 10 2450
68 10 100
68 10 2450
69 10 100
69 10 2450
70 10 100
70 10 2450
71 10 100
71 10 2450
72 10 100
72 10 2450
73 10 100
73 10 2450
74 10 100
74 10 2450
75 10 100
75 10 2450
76 10 100
76 10 2450
77 10 100
77 10 2450
78 10 100
78 10 2450
79 10 100
79 10 2450
80 10 100
80 10 2450
81 10 100
81 10 2450
82 10 100
82 10 2450
83 10 100
83 10 2450
84 10 100
84 10 2450
85 10 100
85 10 2450
86 10 100
87 10 100
88 10 100
89 10 100
90 10 100
91 10 100
92 10 100
93 10 100
93 10 2450
94 10 100
94 10 2450
95 10 100
95 10 2450
96 10 100
96 10 2450
97 10 100
97 10 2450
98 10 100
98 10 2450
99 10 100
99 10 2450
100 10 100
100 10 2450
101 10 100
101 10 2450
102 10 100
102 10 2450
103 10 100
103 10 2450
104 10 100
104 10 2450
105 10 100
105 10 2450
106 10 100
106 10 2450
107 10 100
107 10 2450
108 10 100
108 10 2450
109 10 100
109 10 2450
110 10 100
110 10 2450
111 10 100
111 10 2450
112 10 100
112 10 2450
113 10 100
113 10 2450
114 10 100
114 10 2450
115 10 100
115 10 2450
116 10 100
116 10 2450
117 10 100
117 10 2450
118 10 100
118 10 2450
119 10 100
119 10 2450
120 10 100
120 10 2450
121 10 100
121 10 2450
122 10 100
122 10 2450
123 10 100
123 10 2450
124 10 100
124 10 2450
125 10 100
125 10 2450
126 10 100
126 10 2450
127 10 100
127 10 2450
128 10 100
128 10 2450
129 10 100
129 10 2450
130 10 100
130 10 2450
131 10 100
131 10 2450
132 10 100
132 10 2450
133 10 100
133 10 2450
134 10 100
134 10 2450
135 10 100
135 10 2450
136 10 100
136 10 2450
137 10 100
137 10 2450
138 10 100
138 10 2450
139 10 100
140 10 100
141 10 100
142 10 100
143 10 100
144 10 100
145 10 100
146 10 100
147 10 100
148 10 100
149 10 100
150 10 100
151 10 100
152 10 100
153 10 100
154 10 100
155 10 100
156 10 100
157 10 100
158 10 100
159 10 100
160 10 100
161 10 100
162 10 100
163 10 100
164 10 100
165 10 100
166 10 100
167 10 100
168 10 100
169 10 100
170 10 100
171 10 100
14 57 100
15 57 100
16 57 100
17 57 100
18 57 100
19 57 100
20 57 100
21 57 100
22 57 100
23 57 100
24 57 100
25 57 100
26 57 100
27 57 100
28 57 100
28 57 2450
29 57 100
29 57 2450
30 57 100
30 57 2450
31 57 100
31 57 2450
32 57 100
32 57 2450
33 57 100
33 57 2450
34 57 100
34 57 2450
35 57 100
35 57 2450
36 57 100
36 57 2450
37 57 100
37 57 2450
38 57 100
38 57 2450
39 57 100
39 57 2450
40 57 100
40 57 2450
41 57 100
41 57 2450
42 57 100
42 57 2450
43 57 100
43 57 2450
44 57 100
44 57 2450
45 57 100
45 57 2450
46 57 100
46 57 2450
47 57 100
47 57 2450
48 57 100
48 57 2450
49 57 100
49 57 2450
50 57 100
50 57 2450
50 57 1225
51 57 100
51 57 2450
51 57 1225
52 57 100
52 57 2450
52 57 1225
53 57 100
53 57 2450
53 57 1225
54 57 100
54 57 2450
54 57 1225
55 57 100
55 57 2450
55 57 1225
56 57 100
56 57 2450
56 57 1225
57 57 100
57 57 2450
57 57 1225
58 57 100
58 57 2450
58 57 1225
59 57 100
59 57 2450
59 57 1225
60 57 100
60 57 2450
61 57 100
61 57 2450
62 57 100
62 57 2450
63 57 100
63 57 2450
64 57 100
64 57 2450
65 57 100
65 57 2450
66 57 100
66 57 2450
67 57 100
67 57 2450
68 57 100
68 57 2450
69 57 100
69 57 2450
70 57 100
70 57 2450
71 57 100
71 57 2450
72 57 100
72 57 2450
73 57 100
73 57 2450
74 57 100
74 57 2450
75 57 100
75 57 2450
76 57 100
76 57 2450
77 57 100
77 57 2450
78 57 100
78 57 2450
79 57 100
79 57 2450
80 57 100
80 57 2450
81 57 100
81 57 2450
82 57 100
82 57 2450
83 57 100
83 57 2450
84 57 100
84 57 2450
85 57 100
85 57 2450
86 57 100
86 57 2450
87 57 100
87 57 2450
88 57 100
88 57 2450
89 57 100
89 57 2450
90 57 100
90 57 2450
91 57 100
91 57 2450
92 57 100
92 57 2450
93 57 100
93 57 2450
94 57 100
94 57 2450
95 57 100
95 57 2450
96 57 100
96 57 2450
97 57 100
97 57 2450
98 57 100
98 57 2450
99 57 100
99 57 2450
100 57 100
100 57 2450
101 57 100
101 57 2450
102 57 100
102 57 2450
103 57 100
103 57 2450
104 57 100
104 57 2450
105 57 100
105 57 2450
106 57 100
106 57 2450
107 57 100
107 57 2450
108 57 100
108 57 2450
109 57 100
109 57 2450
110 57 100
110 57 2450
111 57 100
111 57 2450
112 57 100
112 57 2450
113 57 100
113 57 2450
114 57 100
114 57 2450
115 57 100
115 57 2450
116 57 100
116 57 2450
117 57 100
117 57 2450
118 57 100
118 57 2450
119 57 100
119 57 2450
120 57 100
120 57 2450
121 57 100
121 57 2450
122 57 100
122 57 2450
123 57 100
123 57 2450
124 57 100
124 57 2450
125 57 100
125 57 2450
126 57 100
126 57 2450
127 57 100
127 57 2450
128 57 100
128 57 2450
129 57 100
129 57 2450
130 57 100
130 57 2450
131 57 100
131 57 2450
132 57 100
132 57 2450
133 57 100
133 57 2450
134 57 100
134 57 2450
135 57 100
135 57 2450
136 57 100
136 57 2450
137 57 100
138 57 100
139 57 100
140 57 100
141 57 100
142 57 100
143 57 100
144 57 100
145 57 100
146 57 100
147 57 100
148 57 100
149 57 100
150 57 100
151 57 100
152 57 100
153 57 100
154 57 100
155 57 100
156 57 100
157 57 100
158 57 100
159 57 100
160 57 100
161 57 100
162 57 100
163 57 100
164 57 100
165 57 100
166 57 100
167 57 100
168 57 100
169 57 100
170 57 100
171 57 100
