198 118 100
197 118 100
196 118 100
195 118 100
194 118 100
193 118 100
192 118 100
191 118 100
190 118 100
189 118 100
188 118 100
187 118 100
186 118 100
185 118 100
184 118 100
183 118 100
182 118 100
181 118 100
180 118 100
179 118 100
178 118 100
177 118 100
176 118 100
175 118 100
174 118 100
173 118 100
172 118 100
171 118 100
170 118 100
169 118 100
168 118 100
167 118 100
166 118 100
165 118 100
164 118 100
163 118 100
162 118 100
161 118 100
160 118 100
159 118 100
158 118 100
157 118 100
156 118 100
155 118 100
154 118 100
153 118 100
152 118 100
151 118 100
150 118 100
149 118 100
148 118 100
147 118 100
146 118 100
145 118 100
144 118 100
143 118 100
142 118 100
141 118 100
140 118 100
139 118 100
138 118 100
137 118 100
136 118 100
135 118 100
134 118 100
133 118 100
132 118 100
131 118 100
130 118 100
129 118 100
128 118 100
128 118 2450
127 118 100
127 118 2450
126 118 100
126 118 2450
125 118 100
125 118 2450
124 118 100
124 118 2450
123 118 100
123 118 2450
122 118 100
122 118 2450
121 118 100
121 118 2450
120 118 100
120 118 2450
119 118 100
119 118 2450
118 118 100
118 118 2450
117 118 100
117 118 2450
116 118 100
116 118 2450
115 118 100
115 118 2450
114 118 100
114 118 2450
113 118 100
113 118 2450
113 118 1225
112 118 100
112 118 2450
112 118 1225
111 118 100
111 118 2450
111 118 1225
110 118 100
110 118 2450
110 118 1225
109 118 100
109 118 2450
109 118 1225
108 118 100
108 118 2450
108 118 1225
107 118 100
107 118 2450
107 118 1225
106 118 100
106 118 2450
106 118 1225
105 118 100
105 118 2450
105 118 1225
104 118 100
104 118 2450
104 118 1225
104 118 612
103 118 100
103 118 2450
103 118 1225
103 118 612
102 118 100
102 118 2450
102 118 1225
102 118 612
101 118 100
101 118 2450
101 118 1225
101 118 612
100 118 100
100 118 2450
100 118 1225
100 118 612
99 118 100
99 118 2450
99 118 1225
99 118 612
98 118 100
98 118 2450
98 118 1225
97 118 100
97 118 2450
97 118 1225
96 118 100
96 118 2450
96 118 1225
95 118 100
95 118 2450
95 118 1225
94 118 100
94 118 2450
94 118 1225
93 118 100
93 118 2450
93 118 1225
92 118 100
92 118 2450
92 118 1225
91 118 100
91 118 2450
91 118 1225
90 118 100
90 118 2450
90 118 1225
89 118 100
89 118 2450
88 118 100
88 118 2450
87 118 100
87 118 2450
86 118 100
86 118 2450
85 118 100
85 118 2450
84 118 100
84 118 2450
83 118 100
83 118 2450
82 118 100
82 118 2450
81 118 100
81 118 2450
80 118 100
80 118 2450
79 118 100
79 118 2450
78 118 100
78 118 2450
77 118 100
77 118 2450
76 118 100
76 118 2450
75 118 100
75 118 2450
74 118 100
74 118 2450
73 118 100
73 118 2450
72 118 100
72 118 2450
71 118 100
71 118 2450
70 118 100
70 118 2450
69 118 100
69 118 2450
68 118 100
68 118 2450
67 118 100
67 118 2450
66 118 100
66 118 2450
65 118 100
65 118 2450
64 118 100
64 118 2450
63 118 100
63 118 2450
62 118 100
62 118 2450
61 118 100
61 118 2450
60 118 100
60 118 2450
59 118 100
59 118 2450
59 117 100
59 117 2450
59 116 100
59 116 2450
59 115 100
59 115 2450
59 114 100
59 114 2450
59 113 100
59 113 2450
59 112 100
59 112 2450
59 111 100
59 111 2450
59 110 100
59 110 2450
59 109 100
59 109 2450
59 108 100
59 108 2450
59 107 100
59 107 2450
59 106 100
59 106 2450
59 105 100
59 105 2450
59 104 100
59 104 2450
59 103 100
59 103 2450
59 102 100
59 102 2450
59 101 100
59 101 2450
59 100 100
59 100 2450
59 99 100
59 99 2450
59 98 100
59 98 2450
59 97 100
59 97 2450
59 96 100
59 96 2450
59 95 100
59 95 2450
59 94 100
59 94 2450
59 93 100
59 92 100
59 91 100
59 90 100
59 89 100
59 88 100
59 87 100
145 176 100
145 176 2450
145 176 1225
144 176 100
144 176 2450
144 176 1225
143 176 100
143 176 2450
142 176 100
142 176 2450
141 176 100
141 176 2450
140 176 100
140 176 2450
139 176 100
139 176 2450
138 176 100
138 176 2450
137 176 100
137 176 2450
136 176 100
136 176 2450
135 176 100
135 176 2450
134 176 100
134 176 2450
133 176 100
133 176 2450
132 176 100
132 176 2450
131 176 100
131 176 2450
130 176 100
130 176 2450
129 176 100
129 176 2450
128 176 100
128 176 2450
127 176 100
127 176 2450
126 176 100
126 176 2450
126 176 1225
125 176 100
125 176 2450
125 176 1225
124 176 100
124 176 2450
124 176 1225
123 176 100
123 176 2450
123 176 1225
122 176 100
122 176 2450
122 176 1225
121 176 100
121 176 2450
121 176 1225
120 176 100
120 176 2450
120 176 1225
120 176 612
119 176 100
119 176 2450
119 176 1225
119 176 612
118 176 100
118 176 2450
118 176 1225
118 176 612
117 176 100
117 176 2450
117 176 1225
117 176 612
116 176 100
116 176 2450
116 176 1225
116 176 612
115 176 100
115 176 2450
115 176 1225
115 176 612
114 176 100
114 176 2450
114 176 1225
114 176 612
113 176 100
113 176 2450
113 176 1225
113 176 612
112 176 100
112 176 2450
112 176 1225
112 176 612
111 176 100
111 176 2450
111 176 1225
111 176 612
110 176 100
110 176 2450
110 176 1225
110 176 612
109 176 100
109 176 2450
109 176 1225
109 176 612
108 176 100
108 176 2450
108 176 1225
108 176 612
107 176 100
107 176 2450
107 176 1225
106 176 100
106 176 2450
106 176 1225
105 176 100
105 176 2450
105 176 1225
104 176 100
104 176 2450
103 176 100
103 176 2450
102 176 100
102 176 2450
101 176 100
101 176 2450
100 176 100
100 176 2450
99 176 100
99 176 2450
98 176 100
98 176 2450
97 176 100
97 176 2450
96 176 100
96 176 2450
95 176 100
95 176 2450
94 176 100
94 176 2450
93 176 100
93 176 2450
92 176 100
92 176 2450
91 176 100
91 176 2450
90 176 100
90 176 2450
89 176 100
89 176 2450
88 176 100
88 176 2450
87 176 100
87 176 2450
86 176 100
86 176 2450
85 176 100
85 176 2450
84 176 100
84 176 2450
83 176 100
83 176 2450
82 176 100
82 176 2450
81 176 100
81 176 2450
80 176 100
80 176 2450
79 176 100
79 176 2450
78 176 100
78 176 2450
77 176 100
77 176 2450
76 176 100
76 176 2450
75 176 100
75 176 2450
74 176 100
74 176 2450
74 176 1225
73 176 100
73 176 2450
73 176 1225
72 176 100
72 176 2450
72 176 1225
71 176 100
71 176 2450
71 176 1225
70 176 100
70 176 2450
70 176 1225
69 176 100
69 176 2450
69 176 1225
68 176 100
68 176 2450
68 176 1225
67 176 100
67 176 2450
67 176 1225
66 176 100
66 176 2450
66 176 1225
66 176 612
65 176 100
65 176 2450
65 176 1225
65 176 612
64 176 100
64 176 2450
64 176 1225
63 176 100
63 176 2450
63 176 1225
62 176 100
62 176 2450
62 176 1225
61 176 100
61 176 2450
61 176 1225
60 176 100
60 176 2450
60 176 1225
59 176 100
59 176 2450
59 176 1225
59 175 100
59 175 2450
59 175 1225
59 174 100
59 174 2450
59 174 1225
59 173 100
59 173 2450
59 173 1225
59 172 100
59 172 2450
59 172 1225
59 171 100
59 171 2450
59 171 1225
59 170 100
59 170 2450
59 170 1225
59 169 100
59 169 2450
59 169 1225
59 168 100
59 168 2450
59 168 1225
59 167 100
59 167 2450
59 167 1225
59 166 100
59 166 2450
59 165 100
59 165 2450
59 164 100
59 164 2450
59 163 100
59 163 2450
59 162 100
59 162 2450
59 161 100
59 161 2450
59 160 100
59 160 2450
59 159 100
59 159 2450
59 158 100
59 158 2450
59 157 100
59 157 2450
59 156 100
59 156 2450
59 155 100
59 155 2450
59 154 100
59 154 2450
59 153 100
59 153 2450
59 152 100
59 152 2450
59 151 100
59 151 2450
59 150 100
59 150 2450
59 149 100
59 149 2450
59 148 100
59 148 2450
59 147 100
59 147 2450
59 147 1225
59 146 100
59 146 2450
59 146 1225
59 145 100
59 145 2450
59 145 1225
59 144 100
59 144 2450
59 144 1225
59 143 100
59 143 2450
59 143 1225
59 142 100
59 142 2450
59 142 1225
59 141 100
59 141 2450
59 141 1225
59 140 100
59 140 2450
59 140 1225
59 139 100
59 139 2450
59 139 1225
59 138 100
59 138 2450
59 138 1225
59 137 100
59 137 2450
59 137 1225
59 136 100
59 136 2450
59 136 1225
59 135 100
59 135 2450
59 134 100
59 134 2450
59 133 100
59 133 2450
59 132 100
59 132 2450
59 131 100
59 131 2450
59 130 100
59 130 2450
59 129 100
59 129 2450
59 128 100
59 128 2450
59 127 100
59 127 2450
59 126 100
59 126 2450
59 125 100
59 125 2450
59 124 100
59 124 2450
59 123 100
59 123 2450
59 122 100
59 122 2450
59 121 100
59 121 2450
59 120 100
59 120 2450
59 119 100
59 119 2450
25 167 100
26 167 100
27 167 100
28 167 100
29 167 100
30 167 100
31 167 100
32 167 100
33 167 100
33 167 2450
34 167 100
34 167 2450
35 167 100
35 167 2450
36 167 100
36 167 2450
37 167 100
37 167 2450
38 167 100
38 167 2450
39 167 100
39 167 2450
40 167 100
40 167 2450
41 167 100
41 167 2450
42 167 100
42 167 2450
43 167 100
43 167 2450
44 167 100
44 167 2450
45 167 100
45 167 2450
46 167 100
46 167 2450
47 167 100
47 167 2450
48 167 100
48 167 2450
49 167 100
49 167 2450
50 167 100
50 167 2450
50 167 1225
51 167 100
51 167 2450
51 167 1225
52 167 100
52 167 2450
52 167 1225
53 167 100
53 167 2450
53 167 1225
54 167 100
54 167 2450
54 167 1225
55 167 100
55 167 2450
55 167 1225
56 167 100
56 167 2450
56 167 1225
57 167 100
57 167 2450
57 167 1225
58 167 100
58 167 2450
58 167 1225
139 86 100
139 86 2450
138 86 100
137 86 100
136 86 100
135 86 100
134 86 100
133 86 100
132 86 100
131 86 100
130 86 100
129 86 100
128 86 100
127 86 100
126 86 100
126 86 2450
125 86 100
125 86 2450
124 86 100
124 86 2450
123 86 100
123 86 2450
122 86 100
122 86 2450
121 86 100
121 86 2450
120 86 100
120 86 2450
119 86 100
119 86 2450
118 86 100
118 86 2450
117 86 100
117 86 2450
116 86 100
116 86 2450
115 86 100
115 86 2450
114 86 100
114 86 2450
113 86 100
113 86 2450
113 86 1225
112 86 100
112 86 2450
112 86 1225
111 86 100
111 86 2450
111 86 1225
110 86 100
110 86 2450
110 86 1225
109 86 100
109 86 2450
109 86 1225
108 86 100
108 86 2450
108 86 1225
107 86 100
107 86 2450
107 86 1225
106 86 100
106 86 2450
106 86 1225
105 86 100
105 86 2450
105 86 1225
104 86 100
104 86 2450
104 86 1225
103 86 100
103 86 2450
103 86 1225
102 86 100
102 86 2450
102 86 1225
101 86 100
101 86 2450
101 86 1225
100 86 100
100 86 2450
99 86 100
99 86 2450
98 86 100
98 86 2450
97 86 100
97 86 2450
96 86 100
96 86 2450
95 86 100
95 86 2450
94 86 100
94 86 2450
93 86 100
93 86 2450
92 86 100
92 86 2450
91 86 100
91 86 2450
90 86 100
90 86 2450
89 86 100
89 86 2450
88 86 100
88 86 2450
87 86 100
87 86 2450
86 86 100
86 86 2450
85 86 100
84 86 100
83 86 100
82 86 100
81 86 100
80 86 100
79 86 100
78 86 100
77 86 100
76 86 100
75 86 100
74 86 100
73 86 100
72 86 100
71 86 100
70 86 100
69 86 100
68 86 100
67 86 100
66 86 100
65 86 100
64 86 100
63 86 100
62 86 100
61 86 100
60 86 100
59 86 100
