77 83 100
78 83 100
79 83 100
80 83 100
81 83 100
82 83 100
83 83 100
84 83 100
85 83 100
86 83 100
86 83 2450
87 83 100
87 83 2450
88 83 100
88 83 2450
89 83 100
89 83 2450
90 83 100
90 83 2450
91 83 100
91 83 2450
92 83 100
92 83 2450
93 83 100
93 83 2450
94 83 100
94 83 2450
95 83 100
95 83 2450
96 83 100
96 83 2450
97 83 100
97 83 2450
98 83 100
98 83 2450
99 83 100
99 83 2450
100 83 100
100 83 2450
101 83 100
101 83 2450
102 83 100
102 83 2450
103 83 100
103 83 2450
104 83 100
104 83 2450
105 83 100
105 83 2450
106 83 100
106 83 2450
107 83 100
107 83 2450
108 83 100
108 83 2450
109 83 100
109 83 2450
110 83 100
110 83 2450
111 83 100
111 83 2450
112 83 100
112 83 2450
113 83 100
113 83 2450
114 83 100
114 83 2450
115 83 100
115 83 2450
116 83 100
116 83 2450
117 83 100
117 83 2450
118 83 100
118 83 2450
119 83 100
119 83 2450
120 83 100
120 83 2450
121 83 100
121 83 2450
122 83 100
122 83 2450
123 83 100
123 83 2450
124 83 100
124 83 2450
125 83 100
125 83 2450
126 83 100
126 83 2450
127 83 100
127 83 2450
128 83 100
128 83 2450
129 83 100
129 83 2450
130 83 100
130 83 2450
131 83 100
131 83 2450
132 83 100
132 83 2450
133 83 100
133 83 2450
134 83 100
134 83 2450
135 83 100
135 83 2450
136 83 100
136 83 2450
137 83 100
137 83 2450
138 83 100
138 83 2450
139 83 100
139 83 2450
140 83 100
140 83 2450
141 83 100
141 83 2450
142 83 100
142 83 2450
143 83 100
143 83 2450
144 83 100
144 83 2450
145 83 100
145 83 2450
146 83 100
146 83 2450
147 83 100
147 83 2450
148 83 100
148 83 2450
149 83 100
149 83 2450
150 83 100
150 83 2450
151 83 100
151 83 2450
152 83 100
152 83 2450
153 83 100
153 83 2450
154 83 100
154 83 2450
155 83 100
155 83 2450
156 83 100
156 83 2450
157 83 100
157 83 2450
158 83 100
158 83 2450
159 83 100
159 83 2450
160 83 100
160 83 2450
161 83 100
161 83 2450
162 83 100
162 83 2450
163 83 100
163 83 2450
164 83 100
164 83 2450
165 83 100
165 83 2450
166 83 100
166 83 2450
167 83 100
167 83 2450
168 83 100
168 83 2450
169 83 100
169 83 2450
170 83 100
170 83 2450
171 83 100
171 83 2450
172 83 100
172 83 2450
173 83 100
173 83 2450
174 83 100
174 83 2450
175 83 100
175 83 2450
176 83 100
176 83 2450
177 83 100
177 83 2450
178 83 100
178 83 2450
179 83 100
179 83 2450
180 83 100
180 83 2450
181 83 100
181 83 2450
182 83 100
183 83 100
183 84 100
183 85 100
183 86 100
183 87 100
183 88 100
183 89 100
183 90 100
183 91 100
183 92 100
183 93 100
183 94 100
183 95 100
183 96 100
183 97 100
183 98 100
183 99 100
183 100 100
183 101 100
125 122 100
125 122 2450
126 122 100
126 122 2450
127 122 100
127 122 2450
128 122 100
128 122 2450
129 122 100
129 122 2450
130 122 100
130 122 2450
131 122 100
131 122 2450
132 122 100
132 122 2450
133 122 100
133 122 2450
134 122 100
134 122 2450
135 122 100
135 122 2450
136 122 100
136 122 2450
137 122 100
137 122 2450
138 122 100
138 122 2450
139 122 100
139 122 2450
140 122 100
140 122 2450
141 122 100
141 122 2450
142 122 100
142 122 2450
143 122 100
143 122 2450
144 122 100
144 122 2450
145 122 100
145 122 2450
146 122 100
146 122 2450
147 122 100
147 122 2450
148 122 100
148 122 2450
149 122 100
149 122 2450
150 122 100
150 122 2450
151 122 100
151 122 2450
152 122 100
152 122 2450
153 122 100
153 122 2450
154 122 100
154 122 2450
155 122 100
155 122 2450
156 122 100
156 122 2450
157 122 100
157 122 2450
158 122 100
158 122 2450
159 122 100
159 122 2450
160 122 100
160 122 2450
161 122 100
161 122 2450
162 122 100
162 122 2450
163 122 100
163 122 2450
164 122 100
164 122 2450
165 122 100
165 122 2450
166 122 100
166 122 2450
166 122 1225
167 122 100
167 122 2450
167 122 1225
168 122 100
168 122 2450
168 122 1225
169 122 100
169 122 2450
169 122 1225
170 122 100
170 122 2450
171 122 100
171 122 2450
172 122 100
172 122 2450
173 122 100
173 122 2450
174 122 100
174 122 2450
175 122 100
175 122 2450
176 122 100
176 122 2450
177 122 100
177 122 2450
178 122 100
178 122 2450
179 122 100
179 122 2450
180 122 100
180 122 2450
181 122 100
181 122 2450
182 122 100
182 122 2450
183 122 100
183 122 2450
183 121 100
183 121 2450
183 120 100
183 120 2450
183 119 100
183 119 2450
183 118 100
183 118 2450
183 117 100
183 117 2450
183 116 100
183 116 2450
183 115 100
183 115 2450
183 114 100
183 114 2450
183 113 100
183 113 2450
183 112 100
183 111 100
183 110 100
183 109 100
183 108 100
183 107 100
183 106 100
183 105 100
183 104 100
183 103 100
183 102 100
108 179 100
109 179 100
110 179 100
110 179 2450
111 179 100
111 179 2450
112 179 100
112 179 2450
113 179 100
113 179 2450
114 179 100
114 179 2450
115 179 100
115 179 2450
116 179 100
116 179 2450
117 179 100
117 179 2450
118 179 100
118 179 2450
119 179 100
119 179 2450
120 179 100
120 179 2450
121 179 100
121 179 2450
122 179 100
122 179 2450
123 179 100
123 179 2450
123 179 1225
124 179 100
124 179 2450
124 179 1225
125 179 100
125 179 2450
125 179 1225
126 179 100
126 179 2450
126 179 1225
127 179 100
127 179 2450
127 179 1225
128 179 100
128 179 2450
128 179 1225
129 179 100
129 179 2450
129 179 1225
130 179 100
130 179 2450
130 179 1225
131 179 100
131 179 2450
131 179 1225
132 179 100
132 179 2450
132 179 1225
133 179 100
133 179 2450
133 179 1225
134 179 100
134 179 2450
134 179 1225
135 179 100
135 179 2450
135 179 1225
136 179 100
136 179 2450
137 179 100
137 179 2450
138 179 100
138 179 2450
139 179 100
139 179 2450
140 179 100
140 179 2450
141 179 100
141 179 2450
142 179 100
142 179 2450
143 179 100
143 179 2450
144 179 100
144 179 2450
145 179 100
146 179 100
147 179 100
148 179 100
149 179 100
150 179 100
151 179 100
152 179 100
153 179 100
154 179 100
155 179 100
156 179 100
157 179 100
158 179 100
159 179 100
160 179 100
161 179 100
162 179 100
162 179 2450
163 179 100
163 179 2450
164 179 100
164 179 2450
165 179 100
165 179 2450
166 179 100
166 179 2450
167 179 100
167 179 2450
168 179 100
168 179 2450
169 179 100
169 179 2450
170 179 100
170 179 2450
171 179 100
171 179 2450
172 179 100
172 179 2450
173 179 100
173 179 2450
174 179 100
174 179 2450
175 179 100
175 179 2450
176 179 100
176 179 2450
177 179 100
177 179 2450
178 179 100
178 179 2450
179 179 100
179 179 2450
180 179 100
180 179 2450
181 179 100
181 179 2450
182 179 100
182 179 2450
183 179 100
183 179 2450
183 178 100
183 178 2450
183 177 100
183 177 2450
183 176 100
183 176 2450
183 175 100
183 175 2450
183 174 100
183 173 100
183 172 100
183 171 100
183 170 100
183 169 100
183 168 100
183 167 100
183 166 100
183 165 100
183 164 100
183 163 100
183 162 100
183 162 2450
183 161 100
183 161 2450
183 160 100
183 160 2450
183 159 100
183 159 2450
183 158 100
183 158 2450
183 157 100
183 157 2450
183 156 100
183 156 2450
183 155 100
183 155 2450
183 154 100
183 154 2450
183 153 100
183 153 2450
183 152 100
183 152 2450
183 151 100
183 151 2450
183 150 100
183 150 2450
183 149 100
183 149 2450
183 148 100
183 148 2450
183 147 100
183 147 2450
183 146 100
183 146 2450
183 145 100
183 145 2450
183 144 100
183 144 2450
183 143 100
183 143 2450
183 143 1225
183 142 100
183 142 2450
183 142 1225
183 141 100
183 141 2450
183 141 1225
183 140 100
183 140 2450
183 140 1225
183 139 100
183 139 2450
183 139 1225
183 138 100
183 138 2450
183 138 1225
183 137 100
183 137 2450
183 137 1225
183 137 612
183 136 100
183 136 2450
183 136 1225
183 136 612
183 135 100
183 135 2450
183 135 1225
183 135 612
183 134 100
183 134 2450
183 134 1225
183 134 612
183 133 100
183 133 2450
183 133 1225
183 133 612
183 132 100
183 132 2450
183 132 1225
183 132 612
183 131 100
183 131 2450
183 131 1225
183 130 100
183 130 2450
183 130 1225
183 129 100
183 129 2450
183 129 1225
183 128 100
183 128 2450
183 127 100
183 127 2450
183 126 100
183 126 2450
183 125 100
183 125 2450
183 124 100
183 124 2450
183 123 100
183 123 2450
11 63 100
11 63 2450
12 63 100
12 63 2450
13 63 100
13 63 2450
14 63 100
14 63 2450
15 63 100
15 63 2450
16 63 100
16 63 2450
17 63 100
17 63 2450
18 63 100
18 63 2450
19 63 100
19 63 2450
20 63 100
20 63 2450
21 63 100
21 63 2450
22 63 100
22 63 2450
23 63 100
23 63 2450
24 63 100
24 63 2450
25 63 100
25 63 2450
25 63 1225
26 63 100
26 63 2450
26 63 1225
27 63 100
27 63 2450
27 63 1225
28 63 100
28 63 2450
28 63 1225
29 63 100
29 63 2450
29 63 1225
30 63 100
30 63 2450
30 63 1225
31 63 100
31 63 2450
31 63 1225
31 63 612
32 63 100
32 63 2450
32 63 1225
32 63 612
33 63 100
33 63 2450
33 63 1225
33 63 612
34 63 100
34 63 2450
34 63 1225
34 63 612
34 63 306
35 63 100
35 63 2450
35 63 1225
35 63 612
35 63 306
36 63 100
36 63 2450
36 63 1225
36 63 612
36 63 306
36 63 153
37 63 100
37 63 2450
37 63 1225
37 63 612
37 63 306
38 63 100
38 63 2450
38 63 1225
38 63 612
38 63 306
39 63 100
39 63 2450
39 63 1225
39 63 612
39 63 306
40 63 100
40 63 2450
40 63 1225
40 63 612
41 63 100
41 63 2450
41 63 1225
41 63 612
42 63 100
42 63 2450
42 63 1225
42 63 612
43 63 100
43 63 2450
43 63 1225
44 63 100
44 63 2450
44 63 1225
45 63 100
45 63 2450
45 63 1225
46 63 100
46 63 2450
46 63 1225
47 63 100
47 63 2450
47 63 1225
48 63 100
48 63 2450
48 63 1225
49 63 100
49 63 2450
49 63 1225
50 63 100
50 63 2450
50 63 1225
51 63 100
51 63 2450
51 63 1225
52 63 100
52 63 2450
52 63 1225
53 63 100
53 63 2450
53 63 1225
54 63 100
54 63 2450
54 63 1225
55 63 100
55 63 2450
55 63 1225
56 63 100
56 63 2450
56 63 1225
57 63 100
57 63 2450
57 63 1225
58 63 100
58 63 2450
58 63 1225
59 63 100
59 63 2450
59 63 1225
60 63 100
60 63 2450
60 63 1225
61 63 100
61 63 2450
61 63 1225
62 63 100
62 63 2450
63 63 100
63 63 2450
64 63 100
64 63 2450
65 63 100
65 63 2450
66 63 100
66 63 2450
67 63 100
67 63 2450
68 63 100
68 63 2450
69 63 100
69 63 2450
70 63 100
70 63 2450
71 63 100
71 63 2450
72 63 100
72 63 2450
73 63 100
73 63 2450
74 63 100
74 63 2450
75 63 100
75 63 2450
75 63 1225
76 63 100
76 63 2450
76 63 1225
77 63 100
77 63 2450
77 63 1225
78 63 100
78 63 2450
78 63 1225
79 63 100
79 63 2450
79 63 1225
80 63 100
80 63 2450
80 63 1225
81 63 100
81 63 2450
81 63 1225
82 63 100
82 63 2450
82 63 1225
83 63 100
83 63 2450
83 63 1225
84 63 100
84 63 2450
84 63 1225
85 63 100
85 63 2450
85 63 1225
86 63 100
86 63 2450
86 63 1225
87 63 100
87 63 2450
87 63 1225
88 63 100
88 63 2450
88 63 1225
89 63 100
89 63 2450
89 63 1225
90 63 100
90 63 2450
90 63 1225
91 63 100
91 63 2450
91 63 1225
92 63 100
92 63 2450
92 63 1225
93 63 100
93 63 2450
93 63 1225
94 63 100
94 63 2450
94 63 1225
95 63 100
95 63 2450
95 63 1225
96 63 100
96 63 2450
96 63 1225
97 63 100
97 63 2450
97 63 1225
98 63 100
98 63 2450
99 63 100
99 63 2450
100 63 100
100 63 2450
101 63 100
101 63 2450
102 63 100
102 63 2450
103 63 100
103 63 2450
104 63 100
104 63 2450
105 63 100
105 63 2450
106 63 100
106 63 2450
107 63 100
107 63 2450
108 63 100
108 63 2450
109 63 100
110 63 100
111 63 100
112 63 100
113 63 100
114 63 100
115 63 100
116 63 100
117 63 100
118 63 100
119 63 100
120 63 100
121 63 100
122 63 100
123 63 100
124 63 100
125 63 100
126 63 100
127 63 100
128 63 100
129 63 100
130 63 100
131 63 100
132 63 100
133 63 100
134 63 100
135 63 100
136 63 100
137 63 100
138 63 100
139 63 100
140 63 100
141 63 100
142 63 100
143 63 100
144 63 100
145 63 100
146 63 100
147 63 100
148 63 100
149 63 100
149 63 2450
150 63 100
150 63 2450
151 63 100
151 63 2450
152 63 100
152 63 2450
153 63 100
153 63 2450
154 63 100
154 63 2450
155 63 100
155 63 2450
156 63 100
156 63 2450
157 63 100
157 63 2450
158 63 100
158 63 2450
159 63 100
159 63 2450
160 63 100
160 63 2450
161 63 100
161 63 2450
162 63 100
162 63 2450
163 63 100
163 63 2450
164 63 100
164 63 2450
165 63 100
165 63 2450
166 63 100
166 63 2450
167 63 100
167 63 2450
168 63 100
168 63 2450
169 63 100
169 63 2450
170 63 100
170 63 2450
171 63 100
171 63 2450
172 63 100
172 63 2450
173 63 100
173 63 2450
174 63 100
174 63 2450
175 63 100
175 63 2450
176 63 100
176 63 2450
177 63 100
177 63 2450
178 63 100
178 63 2450
179 63 100
179 63 2450
180 63 100
180 63 2450
181 63 100
181 63 2450
182 63 100
182 63 2450
183 63 100
183 63 2450
183 64 100
183 64 2450
183 65 100
183 65 2450
183 66 100
183 66 2450
183 67 100
183 67 2450
183 68 100
183 68 2450
183 69 100
183 69 2450
183 70 100
183 70 2450
183 71 100
183 71 2450
183 72 100
183 72 2450
183 73 100
183 73 2450
183 74 100
183 74 2450
183 75 100
183 75 2450
183 76 100
183 76 2450
183 77 100
183 77 2450
183 78 100
183 78 2450
183 79 100
183 79 2450
183 80 100
183 81 100
183 82 100
198 172 100
197 172 100
196 172 100
195 172 100
194 172 100
193 172 100
192 172 100
191 172 100
190 172 100
189 172 100
188 172 100
187 172 100
186 172 100
185 172 100
184 172 100
16 18 100
17 18 100
18 18 100
19 18 100
20 18 100
21 18 100
22 18 100
23 18 100
24 18 100
25 18 100
26 18 100
27 18 100
28 18 100
28 18 2450
29 18 100
29 18 2450
30 18 100
30 18 2450
31 18 100
31 18 2450
32 18 100
32 18 2450
33 18 100
33 18 2450
34 18 100
34 18 2450
35 18 100
35 18 2450
36 18 100
36 18 2450
37 18 100
37 18 2450
38 18 100
38 18 2450
39 18 100
39 18 2450
40 18 100
40 18 2450
41 18 100
41 18 2450
42 18 100
42 18 2450
43 18 100
43 18 2450
44 18 100
44 18 2450
45 18 100
45 18 2450
46 18 100
46 18 2450
47 18 100
47 18 2450
48 18 100
48 18 2450
49 18 100
49 18 2450
50 18 100
50 18 2450
51 18 100
51 18 2450
52 18 100
52 18 2450
53 18 100
53 18 2450
54 18 100
54 18 2450
55 18 100
55 18 2450
56 18 100
56 18 2450
57 18 100
57 18 2450
58 18 100
58 18 2450
59 18 100
59 18 2450
60 18 100
60 18 2450
61 18 100
61 18 2450
62 18 100
62 18 2450
63 18 100
63 18 2450
64 18 100
64 18 2450
65 18 100
65 18 2450
66 18 100
66 18 2450
67 18 100
67 18 2450
68 18 100
68 18 2450
69 18 100
69 18 2450
70 18 100
70 18 2450
71 18 100
71 18 2450
72 18 100
72 18 2450
73 18 100
73 18 2450
74 18 100
74 18 2450
75 18 100
75 18 2450
76 18 100
76 18 2450
77 18 100
77 18 2450
78 18 100
78 18 2450
79 18 100
79 18 2450
80 18 100
80 18 2450
81 18 100
81 18 2450
82 18 100
82 18 2450
83 18 100
83 18 2450
84 18 100
84 18 2450
85 18 100
85 18 2450
86 18 100
86 18 2450
87 18 100
87 18 2450
88 18 100
88 18 2450
89 18 100
89 18 2450
90 18 100
90 18 2450
91 18 100
91 18 2450
92 18 100
92 18 2450
93 18 100
93 18 2450
94 18 100
94 18 2450
95 18 100
95 18 2450
96 18 100
96 18 2450
97 18 100
97 18 2450
97 18 1225
98 18 100
98 18 2450
98 18 1225
99 18 100
99 18 2450
99 18 1225
99 18 612
100 18 100
100 18 2450
100 18 1225
100 18 612
101 18 100
101 18 2450
101 18 1225
101 18 612
101 18 306
102 18 100
102 18 2450
102 18 1225
102 18 612
102 18 306
103 18 100
103 18 2450
103 18 1225
103 18 612
103 18 306
104 18 100
104 18 2450
104 18 1225
104 18 612
104 18 306
105 18 100
105 18 2450
105 18 1225
105 18 612
105 18 306
106 18 100
106 18 2450
106 18 1225
106 18 612
106 18 306
107 18 100
107 18 2450
107 18 1225
107 18 612
107 18 306
108 18 100
108 18 2450
108 18 1225
108 18 612
108 18 306
109 18 100
109 18 2450
109 18 1225
109 18 612
110 18 100
110 18 2450
110 18 1225
110 18 612
111 18 100
111 18 2450
111 18 1225
111 18 612
112 18 100
112 18 2450
112 18 1225
112 18 612
113 18 100
113 18 2450
113 18 1225
113 18 612
114 18 100
114 18 2450
114 18 1225
114 18 612
115 18 100
115 18 2450
115 18 1225
115 18 612
116 18 100
116 18 2450
116 18 1225
116 18 612
117 18 100
117 18 2450
117 18 1225
117 18 612
118 18 100
118 18 2450
118 18 1225
118 18 612
119 18 100
119 18 2450
119 18 1225
119 18 612
120 18 100
120 18 2450
120 18 1225
120 18 612
121 18 100
121 18 2450
121 18 1225
121 18 612
122 18 100
122 18 2450
122 18 1225
122 18 612
123 18 100
123 18 2450
123 18 1225
124 18 100
124 18 2450
124 18 1225
125 18 100
125 18 2450
125 18 1225
126 18 100
126 18 2450
126 18 1225
127 18 100
127 18 2450
128 18 100
128 18 2450
129 18 100
129 18 2450
130 18 100
130 18 2450
131 18 100
131 18 2450
132 18 100
132 18 2450
133 18 100
133 18 2450
134 18 100
134 18 2450
135 18 100
135 18 2450
136 18 100
136 18 2450
137 18 100
137 18 2450
138 18 100
138 18 2450
139 18 100
139 18 2450
140 18 100
140 18 2450
141 18 100
141 18 2450
142 18 100
142 18 2450
143 18 100
143 18 2450
144 18 100
144 18 2450
145 18 100
145 18 2450
146 18 100
146 18 2450
147 18 100
147 18 2450
148 18 100
148 18 2450
149 18 100
150 18 100
151 18 100
152 18 100
153 18 100
154 18 100
155 18 100
156 18 100
157 18 100
158 18 100
159 18 100
160 18 100
161 18 100
162 18 100
163 18 100
164 18 100
165 18 100
166 18 100
167 18 100
168 18 100
169 18 100
170 18 100
171 18 100
172 18 100
173 18 100
174 18 100
175 18 100
176 18 100
177 18 100
178 18 100
179 18 100
180 18 100
181 18 100
182 18 100
183 18 100
183 19 100
183 20 100
183 21 100
183 22 100
183 23 100
183 24 100
183 25 100
183 26 100
183 27 100
183 28 100
183 29 100
183 30 100
183 31 100
183 32 100
183 33 100
183 34 100
183 35 100
183 36 100
183 37 100
183 38 100
183 39 100
183 40 100
183 41 100
183 42 100
183 43 100
183 44 100
183 45 100
183 46 100
183 47 100
183 48 100
183 49 100
183 50 100
183 51 100
183 51 2450
183 52 100
183 52 2450
183 53 100
183 53 2450
183 54 100
183 54 2450
183 55 100
183 55 2450
183 56 100
183 56 2450
183 57 100
183 57 2450
183 58 100
183 58 2450
183 59 100
183 59 2450
183 60 100
183 60 2450
183 61 100
183 61 2450
183 62 100
183 62 2450
5 143 100
6 143 100
7 143 100
8 143 100
9 143 100
10 143 100
11 143 100
12 143 100
13 143 100
14 143 100
15 143 100
16 143 100
17 143 100
18 143 100
19 143 100
19 143 2450
20 143 100
20 143 2450
21 143 100
21 143 2450
22 143 100
22 143 2450
23 143 100
23 143 2450
24 143 100
24 143 2450
25 143 100
25 143 2450
26 143 100
26 143 2450
27 143 100
27 143 2450
27 143 1225
28 143 100
28 143 2450
28 143 1225
29 143 100
29 143 2450
29 143 1225
30 143 100
30 143 2450
30 143 1225
30 143 612
31 143 100
31 143 2450
31 143 1225
31 143 612
32 143 100
32 143 2450
32 143 1225
32 143 612
33 143 100
33 143 2450
33 143 1225
33 143 612
34 143 100
34 143 2450
34 143 1225
34 143 612
34 143 306
35 143 100
35 143 2450
35 143 1225
35 143 612
35 143 306
36 143 100
36 143 2450
36 143 1225
36 143 612
36 143 306
37 143 100
37 143 2450
37 143 1225
37 143 612
38 143 100
38 143 2450
38 143 1225
38 143 612
39 143 100
39 143 2450
39 143 1225
39 143 612
40 143 100
40 143 2450
40 143 1225
41 143 100
41 143 2450
41 143 1225
42 143 100
42 143 2450
42 143 1225
43 143 100
43 143 2450
43 143 1225
44 143 100
44 143 2450
45 143 100
45 143 2450
46 143 100
46 143 2450
47 143 100
47 143 2450
48 143 100
48 143 2450
49 143 100
49 143 2450
50 143 100
50 143 2450
51 143 100
51 143 2450
52 143 100
52 143 2450
53 143 100
53 143 2450
54 143 100
54 143 2450
55 143 100
55 143 2450
56 143 100
56 143 2450
57 143 100
57 143 2450
58 143 100
58 143 2450
59 143 100
59 143 2450
60 143 100
60 143 2450
61 143 100
61 143 2450
62 143 100
62 143 2450
63 143 100
64 143 100
65 143 100
66 143 100
67 143 100
68 143 100
69 143 100
70 143 100
71 143 100
72 143 100
73 143 100
74 143 100
75 143 100
76 143 100
77 143 100
78 143 100
79 143 100
80 143 100
81 143 100
82 143 100
83 143 100
84 143 100
85 143 100
85 143 2450
86 143 100
86 143 2450
87 143 100
87 143 2450
88 143 100
88 143 2450
89 143 100
89 143 2450
90 143 100
90 143 2450
91 143 100
91 143 2450
92 143 100
92 143 2450
93 143 100
93 143 2450
94 143 100
94 143 2450
95 143 100
95 143 2450
96 143 100
96 143 2450
97 143 100
97 143 2450
98 143 100
98 143 2450
99 143 100
100 143 100
101 143 100
102 143 100
103 143 100
104 143 100
105 143 100
106 143 100
107 143 100
108 143 100
109 143 100
110 143 100
111 143 100
112 143 100
113 143 100
114 143 100
115 143 100
116 143 100
117 143 100
118 143 100
119 143 100
120 143 100
121 143 100
122 143 100
123 143 100
124 143 100
125 143 100
126 143 100
127 143 100
128 143 100
129 143 100
129 143 2450
130 143 100
130 143 2450
131 143 100
131 143 2450
132 143 100
132 143 2450
133 143 100
133 143 2450
134 143 100
134 143 2450
135 143 100
135 143 2450
136 143 100
136 143 2450
137 143 100
137 143 2450
138 143 100
138 143 2450
139 143 100
139 143 2450
139 143 1225
140 143 100
140 143 2450
140 143 1225
141 143 100
141 143 2450
141 143 1225
142 143 100
142 143 2450
142 143 1225
143 143 100
143 143 2450
143 143 1225
143 143 612
144 143 100
144 143 2450
144 143 1225
144 143 612
145 143 100
145 143 2450
145 143 1225
145 143 612
146 143 100
146 143 2450
146 143 1225
146 143 612
147 143 100
147 143 2450
147 143 1225
147 143 612
148 143 100
148 143 2450
148 143 1225
148 143 612
149 143 100
149 143 2450
149 143 1225
149 143 612
150 143 100
150 143 2450
150 143 1225
150 143 612
151 143 100
151 143 2450
151 143 1225
151 143 612
152 143 100
152 143 2450
152 143 1225
152 143 612
153 143 100
153 143 2450
153 143 1225
154 143 100
154 143 2450
154 143 1225
155 143 100
155 143 2450
155 143 1225
156 143 100
156 143 2450
156 143 1225
157 143 100
157 143 2450
158 143 100
158 143 2450
159 143 100
159 143 2450
160 143 100
160 143 2450
161 143 100
161 143 2450
162 143 100
162 143 2450
163 143 100
163 143 2450
164 143 100
164 143 2450
165 143 100
165 143 2450
166 143 100
166 143 2450
167 143 100
167 143 2450
168 143 100
168 143 2450
169 143 100
169 143 2450
170 143 100
170 143 2450
171 143 100
171 143 2450
172 143 100
172 143 2450
173 143 100
173 143 2450
174 143 100
174 143 2450
175 143 100
175 143 2450
176 143 100
176 143 2450
177 143 100
177 143 2450
178 143 100
178 143 2450
179 143 100
179 143 2450
180 143 100
180 143 2450
181 143 100
181 143 2450
182 143 100
182 143 2450
197 20 100
196 20 100
195 20 100
194 20 100
193 20 100
192 20 100
191 20 100
190 20 100
189 20 100
188 20 100
187 20 100
186 20 100
185 20 100
184 20 100
