170 41 100
171 41 100
172 41 100
173 41 100
174 41 100
175 41 100
176 41 100
177 41 100
178 41 100
179 41 100
180 41 100
181 41 100
182 41 100
183 41 100
184 41 100
185 41 100
186 41 100
187 41 100
188 41 100
189 41 100
190 41 100
190 42 100
190 43 100
190 44 100
190 45 100
190 46 100
190 47 100
190 48 100
190 49 100
190 50 100
190 51 100
190 52 100
190 53 100
190 54 100
190 55 100
190 56 100
190 57 100
190 58 100
190 59 100
190 60 100
190 61 100
190 62 100
190 63 100
190 64 100
190 65 100
190 66 100
190 67 100
190 68 100
190 69 100
190 70 100
190 71 100
190 72 100
190 73 100
190 74 100
190 75 100
190 76 100
190 77 100
190 78 100
190 79 100
190 80 100
190 81 100
190 81 2450
190 82 100
190 82 2450
190 83 100
190 83 2450
190 84 100
190 84 2450
190 85 100
190 85 2450
190 86 100
190 86 2450
190 87 100
190 87 2450
190 88 100
190 88 2450
190 89 100
190 89 2450
190 90 100
190 90 2450
190 91 100
190 91 2450
190 92 100
190 92 2450
190 93 100
190 93 2450
190 94 100
190 94 2450
190 95 100
190 95 2450
190 96 100
190 96 2450
190 97 100
190 98 100
190 99 100
190 100 100
190 101 100
190 102 100
190 103 100
190 104 100
190 105 100
190 106 100
190 107 100
190 108 100
190 109 100
190 110 100
190 111 100
190 112 100
190 113 100
190 114 100
190 115 100
190 116 100
190 117 100
190 118 100
190 119 100
190 120 100
190 121 100
190 122 100
168 179 100
169 179 100
170 179 100
170 179 2450
171 179 100
171 179 2450
172 179 100
172 179 2450
173 179 100
173 179 2450
174 179 100
174 179 2450
175 179 100
175 179 2450
176 179 100
176 179 2450
177 179 100
177 179 2450
178 179 100
178 179 2450
178 179 1225
179 179 100
179 179 2450
179 179 1225
180 179 100
180 179 2450
180 179 1225
181 179 100
181 179 2450
181 179 1225
182 179 100
182 179 2450
182 179 1225
183 179 100
183 179 2450
183 179 1225
184 179 100
184 179 2450
184 179 1225
185 179 100
185 179 2450
185 179 1225
186 179 100
186 179 2450
186 179 1225
187 179 100
187 179 2450
187 179 1225
188 179 100
188 179 2450
189 179 100
189 179 2450
190 179 100
190 179 2450
190 178 100
190 178 2450
190 177 100
190 177 2450
190 176 100
190 176 2450
190 175 100
190 175 2450
190 174 100
190 174 2450
190 173 100
190 173 2450
190 172 100
190 171 100
190 170 100
190 169 100
190 168 100
190 167 100
190 166 100
190 165 100
190 164 100
190 163 100
190 162 100
190 161 100
190 161 2450
190 160 100
190 160 2450
190 159 100
190 159 2450
190 158 100
190 158 2450
190 157 100
190 157 2450
190 156 100
190 156 2450
190 155 100
190 155 2450
190 154 100
190 154 2450
190 153 100
190 153 2450
190 152 100
190 152 2450
190 151 100
190 151 2450
190 150 100
190 150 2450
190 149 100
190 149 2450
190 148 100
190 148 2450
190 148 1225
190 147 100
190 147 2450
190 147 1225
190 146 100
190 146 2450
190 146 1225
190 145 100
190 145 2450
190 145 1225
190 144 100
190 144 2450
190 144 1225
190 143 100
190 143 2450
190 143 1225
190 142 100
190 142 2450
190 142 1225
190 141 100
190 141 2450
190 141 1225
190 140 100
190 140 2450
190 140 1225
190 139 100
190 139 2450
190 139 1225
190 138 100
190 138 2450
190 137 100
190 137 2450
190 136 100
190 136 2450
190 135 100
190 135 2450
190 134 100
190 134 2450
190 133 100
190 133 2450
190 132 100
190 132 2450
190 131 100
190 131 2450
190 130 100
190 129 100
190 128 100
190 127 100
190 126 100
190 125 100
190 124 100
190 123 100
68 112 100
69 112 100
70 112 100
71 112 100
72 112 100
73 112 100
74 112 100
75 112 100
76 112 100
77 112 100
78 112 100
79 112 100
80 112 100
81 112 100
82 112 100
83 112 100
84 112 100
85 112 100
86 112 100
87 112 100
88 112 100
89 112 100
90 112 100
91 112 100
92 112 100
93 112 100
94 112 100
95 112 100
96 112 100
97 112 100
98 112 100
99 112 100
100 112 100
101 112 100
102 112 100
103 112 100
104 112 100
105 112 100
106 112 100
107 112 100
108 112 100
109 112 100
110 112 100
111 112 100
112 112 100
113 112 100
114 112 100
115 112 100
116 112 100
117 112 100
118 112 100
119 112 100
120 112 100
120 112 2450
121 112 100
121 112 2450
122 112 100
122 112 2450
123 112 100
123 112 2450
124 112 100
124 112 2450
125 112 100
125 112 2450
126 112 100
126 112 2450
127 112 100
127 112 2450
128 112 100
128 112 2450
129 112 100
129 112 2450
130 112 100
130 112 2450
131 112 100
131 112 2450
132 112 100
132 112 2450
133 112 100
133 112 2450
134 112 100
134 112 2450
135 112 100
135 112 2450
136 112 100
136 112 2450
137 112 100
137 112 2450
138 112 100
139 112 100
140 112 100
141 112 100
142 112 100
143 112 100
144 112 100
145 112 100
146 112 100
147 112 100
147 112 2450
148 112 100
149 112 100
150 112 100
151 112 100
152 112 100
153 112 100
154 112 100
155 112 100
156 112 100
157 112 100
158 112 100
159 112 100
160 112 100
161 112 100
162 112 100
163 112 100
164 112 100
165 112 100
166 112 100
167 112 100
168 112 100
169 112 100
170 112 100
171 112 100
172 112 100
173 112 100
174 112 100
175 112 100
176 112 100
177 112 100
178 112 100
179 112 100
180 112 100
181 112 100
182 112 100
183 112 100
184 112 100
185 112 100
186 112 100
187 112 100
188 112 100
189 112 100
78 151 100
79 151 100
80 151 100
81 151 100
82 151 100
83 151 100
84 151 100
85 151 100
86 151 100
87 151 100
88 151 100
88 151 2450
89 151 100
89 151 2450
90 151 100
90 151 2450
91 151 100
91 151 2450
92 151 100
92 151 2450
93 151 100
93 151 2450
94 151 100
94 151 2450
95 151 100
95 151 2450
96 151 100
96 151 2450
97 151 100
97 151 2450
98 151 100
98 151 2450
99 151 100
99 151 2450
100 151 100
100 151 2450
101 151 100
101 151 2450
102 151 100
102 151 2450
103 151 100
103 151 2450
104 151 100
104 151 2450
105 151 100
106 151 100
107 151 100
108 151 100
109 151 100
110 151 100
111 151 100
112 151 100
113 151 100
114 151 100
115 151 100
116 151 100
116 151 2450
117 151 100
117 151 2450
118 151 100
118 151 2450
119 151 100
119 151 2450
120 151 100
120 151 2450
121 151 100
121 151 2450
122 151 100
122 151 2450
123 151 100
123 151 2450
124 151 100
124 151 2450
125 151 100
125 151 2450
126 151 100
126 151 2450
127 151 100
127 151 2450
128 151 100
128 151 2450
129 151 100
129 151 2450
130 151 100
130 151 2450
131 151 100
131 151 2450
132 151 100
132 151 2450
133 151 100
133 151 2450
134 151 100
134 151 2450
135 151 100
135 151 2450
136 151 100
136 151 2450
137 151 100
137 151 2450
138 151 100
138 151 2450
139 151 100
139 151 2450
140 151 100
140 151 2450
141 151 100
141 151 2450
142 151 100
143 151 100
144 151 100
145 151 100
146 151 100
147 151 100
148 151 100
149 151 100
150 151 100
151 151 100
152 151 100
153 151 100
154 151 100
155 151 100
156 151 100
157 151 100
158 151 100
159 151 100
160 151 100
161 151 100
162 151 100
163 151 100
164 151 100
165 151 100
166 151 100
167 151 100
168 151 100
169 151 100
170 151 100
171 151 100
171 151 2450
172 151 100
172 151 2450
173 151 100
173 151 2450
174 151 100
174 151 2450
175 151 100
175 151 2450
176 151 100
176 151 2450
177 151 100
177 151 2450
178 151 100
178 151 2450
179 151 100
179 151 2450
180 151 100
180 151 2450
181 151 100
181 151 2450
182 151 100
182 151 2450
183 151 100
183 151 2450
183 151 1225
184 151 100
184 151 2450
184 151 1225
185 151 100
185 151 2450
185 151 1225
186 151 100
186 151 2450
186 151 1225
187 151 100
187 151 2450
187 151 1225
188 151 100
188 151 2450
188 151 1225
189 151 100
189 151 2450
29 178 100
30 178 100
31 178 100
32 178 100
33 178 100
34 178 100
35 178 100
36 178 100
37 178 100
37 178 2450
38 178 100
38 178 2450
39 178 100
39 178 2450
40 178 100
40 178 2450
41 178 100
41 178 2450
42 178 100
42 178 2450
43 178 100
43 178 2450
44 178 100
44 178 2450
45 178 100
45 178 2450
46 178 100
46 178 2450
47 178 100
47 178 2450
48 178 100
48 178 2450
49 178 100
49 178 2450
49 178 1225
50 178 100
50 178 2450
50 178 1225
51 178 100
51 178 2450
51 178 1225
52 178 100
52 178 2450
53 178 100
53 178 2450
54 178 100
54 178 2450
55 178 100
55 178 2450
56 178 100
56 178 2450
57 178 100
57 178 2450
58 178 100
58 178 2450
59 178 100
59 178 2450
60 178 100
60 178 2450
61 178 100
61 178 2450
62 178 100
63 178 100
64 178 100
65 178 100
66 178 100
67 178 100
68 178 100
69 178 100
70 178 100
71 178 100
72 178 100
73 178 100
74 178 100
75 178 100
76 178 100
77 178 100
78 178 100
79 178 100
80 178 100
81 178 100
82 178 100
83 178 100
84 178 100
85 178 100
86 178 100
87 178 100
88 178 100
89 178 100
90 178 100
90 178 2450
91 178 100
91 178 2450
92 178 100
92 178 2450
93 178 100
93 178 2450
94 178 100
94 178 2450
95 178 100
95 178 2450
96 178 100
96 178 2450
97 178 100
97 178 2450
98 178 100
98 178 2450
99 178 100
99 178 2450
100 178 100
100 178 2450
101 178 100
101 178 2450
102 178 100
102 178 2450
103 178 100
104 178 100
105 178 100
106 178 100
107 178 100
108 178 100
109 178 100
110 178 100
111 178 100
112 178 100
113 178 100
114 178 100
115 178 100
116 178 100
117 178 100
118 178 100
119 178 100
119 178 2450
120 178 100
120 178 2450
121 178 100
121 178 2450
122 178 100
122 178 2450
123 178 100
123 178 2450
124 178 100
124 178 2450
125 178 100
125 178 2450
126 178 100
126 178 2450
127 178 100
127 178 2450
128 178 100
128 178 2450
129 178 100
129 178 2450
130 178 100
130 178 2450
131 178 100
131 178 2450
132 178 100
132 178 2450
133 178 100
133 178 2450
134 178 100
134 178 2450
135 178 100
135 178 2450
136 178 100
136 178 2450
137 178 100
137 178 2450
138 178 100
138 178 2450
139 178 100
139 178 2450
140 178 100
140 178 2450
141 178 100
141 178 2450
142 178 100
142 178 2450
143 178 100
143 178 2450
144 178 100
145 178 100
146 178 100
147 178 100
148 178 100
149 178 100
150 178 100
151 178 100
152 178 100
153 178 100
154 178 100
155 178 100
156 178 100
157 178 100
158 178 100
159 178 100
160 178 100
161 178 100
162 178 100
163 178 100
164 178 100
165 178 100
166 178 100
167 178 100
168 178 100
169 178 100
169 178 2450
170 178 100
170 178 2450
171 178 100
171 178 2450
172 178 100
172 178 2450
173 178 100
173 178 2450
174 178 100
174 178 2450
175 178 100
175 178 2450
176 178 100
176 178 2450
177 178 100
177 178 2450
178 178 100
178 178 2450
178 178 1225
179 178 100
179 178 2450
179 178 1225
180 178 100
180 178 2450
180 178 1225
181 178 100
181 178 2450
181 178 1225
182 178 100
182 178 2450
182 178 1225
183 178 100
183 178 2450
183 178 1225
184 178 100
184 178 2450
184 178 1225
185 178 100
185 178 2450
185 178 1225
186 178 100
186 178 2450
186 178 1225
187 178 100
187 178 2450
188 178 100
188 178 2450
189 178 100
189 178 2450
110 191 100
111 191 100
112 191 100
113 191 100
114 191 100
115 191 100
116 191 100
116 191 2450
117 191 100
117 191 2450
118 191 100
118 191 2450
119 191 100
119 191 2450
120 191 100
120 191 2450
121 191 100
121 191 2450
122 191 100
122 191 2450
123 191 100
123 191 2450
124 191 100
124 191 2450
125 191 100
125 191 2450
126 191 100
126 191 2450
126 191 1225
127 191 100
127 191 2450
127 191 1225
128 191 100
128 191 2450
128 191 1225
128 191 612
129 191 100
129 191 2450
129 191 1225
129 191 612
130 191 100
130 191 2450
130 191 1225
130 191 612
131 191 100
131 191 2450
131 191 1225
131 191 612
132 191 100
132 191 2450
132 191 1225
133 191 100
133 191 2450
133 191 1225
134 191 100
134 191 2450
134 191 1225
135 191 100
135 191 2450
136 191 100
136 191 2450
137 191 100
137 191 2450
138 191 100
138 191 2450
139 191 100
139 191 2450
140 191 100
140 191 2450
141 191 100
141 191 2450
142 191 100
142 191 2450
143 191 100
143 191 2450
144 191 100
144 191 2450
145 191 100
145 191 2450
146 191 100
147 191 100
148 191 100
149 191 100
150 191 100
151 191 100
152 191 100
153 191 100
154 191 100
155 191 100
156 191 100
157 191 100
158 191 100
159 191 100
160 191 100
161 191 100
162 191 100
163 191 100
164 191 100
165 191 100
166 191 100
167 191 100
168 191 100
169 191 100
170 191 100
171 191 100
172 191 100
173 191 100
174 191 100
175 191 100
176 191 100
177 191 100
178 191 100
179 191 100
180 191 100
181 191 100
181 191 2450
182 191 100
182 191 2450
183 191 100
183 191 2450
184 191 100
184 191 2450
185 191 100
185 191 2450
186 191 100
186 191 2450
187 191 100
187 191 2450
188 191 100
188 191 2450
189 191 100
189 191 2450
189 191 1225
190 191 100
190 191 2450
190 191 1225
190 190 100
190 190 2450
190 190 1225
190 189 100
190 189 2450
190 188 100
190 188 2450
190 187 100
190 187 2450
190 186 100
190 186 2450
190 185 100
190 185 2450
190 184 100
190 184 2450
190 183 100
190 183 2450
190 182 100
190 182 2450
190 181 100
190 181 2450
190 180 100
190 180 2450
60 47 100
61 47 100
61 47 2450
62 47 100
62 47 2450
63 47 100
63 47 2450
64 47 100
64 47 2450
65 47 100
65 47 2450
66 47 100
66 47 2450
67 47 100
67 47 2450
68 47 100
68 47 2450
69 47 100
69 47 2450
70 47 100
70 47 2450
71 47 100
71 47 2450
72 47 100
72 47 2450
73 47 100
73 47 2450
74 47 100
74 47 2450
75 47 100
75 47 2450
76 47 100
76 47 2450
77 47 100
77 47 2450
78 47 100
78 47 2450
79 47 100
79 47 2450
80 47 100
80 47 2450
80 47 1225
81 47 100
81 47 2450
81 47 1225
82 47 100
82 47 2450
83 47 100
83 47 2450
84 47 100
84 47 2450
85 47 100
85 47 2450
86 47 100
86 47 2450
87 47 100
87 47 2450
88 47 100
88 47 2450
89 47 100
90 47 100
91 47 100
92 47 100
93 47 100
94 47 100
95 47 100
96 47 100
97 47 100
98 47 100
99 47 100
100 47 100
101 47 100
102 47 100
103 47 100
104 47 100
105 47 100
106 47 100
107 47 100
108 47 100
109 47 100
109 47 2450
110 47 100
110 47 2450
111 47 100
111 47 2450
112 47 100
112 47 2450
113 47 100
113 47 2450
114 47 100
114 47 2450
115 47 100
115 47 2450
116 47 100
116 47 2450
117 47 100
117 47 2450
118 47 100
119 47 100
120 47 100
121 47 100
122 47 100
123 47 100
124 47 100
125 47 100
126 47 100
127 47 100
128 47 100
129 47 100
130 47 100
131 47 100
132 47 100
133 47 100
134 47 100
135 47 100
136 47 100
137 47 100
138 47 100
139 47 100
140 47 100
141 47 100
142 47 100
142 47 2450
143 47 100
143 47 2450
144 47 100
144 47 2450
145 47 100
145 47 2450
146 47 100
146 47 2450
147 47 100
147 47 2450
148 47 100
148 47 2450
149 47 100
149 47 2450
150 47 100
150 47 2450
151 47 100
151 47 2450
151 47 1225
152 47 100
152 47 2450
152 47 1225
153 47 100
153 47 2450
153 47 1225
154 47 100
154 47 2450
154 47 1225
155 47 100
155 47 2450
155 47 1225
156 47 100
156 47 2450
156 47 1225
157 47 100
157 47 2450
157 47 1225
158 47 100
158 47 2450
158 47 1225
159 47 100
159 47 2450
160 47 100
160 47 2450
161 47 100
161 47 2450
162 47 100
162 47 2450
163 47 100
163 47 2450
164 47 100
164 47 2450
165 47 100
165 47 2450
166 47 100
166 47 2450
167 47 100
167 47 2450
168 47 100
168 47 2450
169 47 100
170 47 100
171 47 100
172 47 100
173 47 100
174 47 100
175 47 100
176 47 100
177 47 100
178 47 100
179 47 100
180 47 100
181 47 100
182 47 100
183 47 100
184 47 100
185 47 100
186 47 100
187 47 100
188 47 100
189 47 100
88 21 100
89 21 100
90 21 100
91 21 100
92 21 100
92 21 2450
93 21 100
93 21 2450
94 21 100
94 21 2450
95 21 100
95 21 2450
96 21 100
96 21 2450
97 21 100
97 21 2450
98 21 100
98 21 2450
99 21 100
99 21 2450
100 21 100
100 21 2450
101 21 100
101 21 2450
102 21 100
102 21 2450
103 21 100
103 21 2450
104 21 100
105 21 100
106 21 100
107 21 100
108 21 100
109 21 100
110 21 100
111 21 100
112 21 100
113 21 100
114 21 100
115 21 100
116 21 100
116 21 2450
117 21 100
117 21 2450
118 21 100
118 21 2450
119 21 100
119 21 2450
120 21 100
120 21 2450
121 21 100
121 21 2450
122 21 100
122 21 2450
123 21 100
123 21 2450
124 21 100
124 21 2450
125 21 100
125 21 2450
126 21 100
126 21 2450
127 21 100
127 21 2450
128 21 100
128 21 2450
129 21 100
129 21 2450
130 21 100
130 21 2450
131 21 100
131 21 2450
132 21 100
132 21 2450
133 21 100
133 21 2450
134 21 100
134 21 2450
135 21 100
135 21 2450
136 21 100
136 21 2450
137 21 100
137 21 2450
138 21 100
138 21 2450
139 21 100
139 21 2450
140 21 100
140 21 2450
141 21 100
141 21 2450
142 21 100
142 21 2450
143 21 100
143 21 2450
144 21 100
145 21 100
146 21 100
147 21 100
148 21 100
149 21 100
150 21 100
151 21 100
152 21 100
153 21 100
154 21 100
155 21 100
156 21 100
157 21 100
158 21 100
159 21 100
160 21 100
161 21 100
162 21 100
163 21 100
164 21 100
165 21 100
166 21 100
167 21 100
168 21 100
169 21 100
170 21 100
171 21 100
172 21 100
172 21 2450
173 21 100
173 21 2450
174 21 100
174 21 2450
175 21 100
175 21 2450
176 21 100
176 21 2450
177 21 100
177 21 2450
178 21 100
178 21 2450
179 21 100
179 21 2450
179 21 1225
180 21 100
180 21 2450
180 21 1225
181 21 100
181 21 2450
181 21 1225
182 21 100
182 21 2450
182 21 1225
183 21 100
183 21 2450
183 21 1225
184 21 100
184 21 2450
184 21 1225
185 21 100
185 21 2450
186 21 100
186 21 2450
187 21 100
187 21 2450
188 21 100
188 21 2450
189 21 100
189 21 2450
190 21 100
190 21 2450
190 22 100
190 22 2450
190 23 100
190 23 2450
190 24 100
190 24 2450
190 25 100
190 25 2450
190 26 100
190 26 2450
190 27 100
190 27 2450
190 28 100
190 28 2450
190 29 100
190 30 100
190 31 100
190 32 100
190 33 100
190 34 100
190 35 100
190 35 2450
190 36 100
190 36 2450
190 37 100
190 37 2450
190 38 100
190 38 2450
190 39 100
190 40 100
29 141 100
30 141 100
31 141 100
32 141 100
33 141 100
34 141 100
35 141 100
36 141 100
37 141 100
38 141 100
38 141 2450
39 141 100
39 141 2450
40 141 100
40 141 2450
41 141 100
41 141 2450
42 141 100
42 141 2450
43 141 100
43 141 2450
44 141 100
44 141 2450
45 141 100
45 141 2450
46 141 100
46 141 2450
47 141 100
47 141 2450
47 141 1225
48 141 100
48 141 2450
48 141 1225
49 141 100
49 141 2450
49 141 1225
50 141 100
50 141 2450
50 141 1225
51 141 100
51 141 2450
51 141 1225
52 141 100
52 141 2450
52 141 1225
53 141 100
53 141 2450
54 141 100
54 141 2450
55 141 100
55 141 2450
56 141 100
56 141 2450
57 141 100
57 141 2450
58 141 100
58 141 2450
59 141 100
59 141 2450
60 141 100
60 141 2450
61 141 100
61 141 2450
62 141 100
62 141 2450
63 141 100
64 141 100
65 141 100
66 141 100
67 141 100
68 141 100
69 141 100
70 141 100
71 141 100
72 141 100
73 141 100
74 141 100
75 141 100
76 141 100
77 141 100
78 141 100
79 141 100
80 141 100
81 141 100
82 141 100
82 141 2450
83 141 100
83 141 2450
84 141 100
84 141 2450
85 141 100
85 141 2450
86 141 100
86 141 2450
87 141 100
87 141 2450
88 141 100
88 141 2450
89 141 100
89 141 2450
90 141 100
90 141 2450
91 141 100
91 141 2450
92 141 100
92 141 2450
93 141 100
93 141 2450
93 141 1225
94 141 100
94 141 2450
94 141 1225
95 141 100
95 141 2450
95 141 1225
96 141 100
96 141 2450
96 141 1225
97 141 100
97 141 2450
97 141 1225
98 141 100
98 141 2450
98 141 1225
99 141 100
99 141 2450
99 141 1225
100 141 100
100 141 2450
101 141 100
101 141 2450
102 141 100
102 141 2450
103 141 100
103 141 2450
104 141 100
104 141 2450
105 141 100
105 141 2450
106 141 100
106 141 2450
107 141 100
108 141 100
109 141 100
110 141 100
111 141 100
112 141 100
113 141 100
114 141 100
115 141 100
116 141 100
116 141 2450
117 141 100
117 141 2450
118 141 100
118 141 2450
119 141 100
119 141 2450
120 141 100
120 141 2450
121 141 100
121 141 2450
122 141 100
122 141 2450
123 141 100
123 141 2450
124 141 100
124 141 2450
125 141 100
125 141 2450
126 141 100
126 141 2450
127 141 100
127 141 2450
128 141 100
128 141 2450
129 141 100
129 141 2450
130 141 100
131 141 100
132 141 100
133 141 100
134 141 100
135 141 100
136 141 100
137 141 100
138 141 100
139 141 100
140 141 100
141 141 100
142 141 100
143 141 100
144 141 100
145 141 100
146 141 100
147 141 100
148 141 100
149 141 100
150 141 100
151 141 100
152 141 100
153 141 100
154 141 100
155 141 100
156 141 100
157 141 100
158 141 100
159 141 100
160 141 100
161 141 100
162 141 100
163 141 100
164 141 100
165 141 100
166 141 100
167 141 100
168 141 100
169 141 100
170 141 100
171 141 100
172 141 100
173 141 100
174 141 100
174 141 2450
175 141 100
175 141 2450
176 141 100
176 141 2450
177 141 100
177 141 2450
178 141 100
178 141 2450
179 141 100
179 141 2450
180 141 100
180 141 2450
181 141 100
181 141 2450
182 141 100
182 141 2450
183 141 100
183 141 2450
183 141 1225
184 141 100
184 141 2450
184 141 1225
185 141 100
185 141 2450
185 141 1225
186 141 100
186 141 2450
186 141 1225
187 141 100
187 141 2450
187 141 1225
188 141 100
188 141 2450
188 141 1225
189 141 100
189 141 2450
189 141 1225
124 36 100
125 36 100
126 36 100
127 36 100
128 36 100
129 36 100
130 36 100
131 36 100
132 36 100
133 36 100
134 36 100
135 36 100
136 36 100
137 36 100
138 36 100
139 36 100
140 36 100
141 36 100
142 36 100
143 36 100
144 36 100
145 36 100
146 36 100
147 36 100
148 36 100
149 36 100
149 36 2450
150 36 100
150 36 2450
151 36 100
151 36 2450
152 36 100
152 36 2450
153 36 100
154 36 100
155 36 100
156 36 100
157 36 100
158 36 100
159 36 100
160 36 100
161 36 100
162 36 100
163 36 100
164 36 100
165 36 100
166 36 100
167 36 100
168 36 100
169 36 100
170 36 100
171 36 100
172 36 100
173 36 100
174 36 100
175 36 100
176 36 100
177 36 100
178 36 100
179 36 100
180 36 100
181 36 100
182 36 100
183 36 100
184 36 100
185 36 100
186 36 100
187 36 100
188 36 100
189 36 100
