5 81 100
5 81 2450
6 81 100
6 81 2450
7 81 100
7 81 2450
8 81 100
8 81 2450
9 81 100
9 81 2450
10 81 100
10 81 2450
11 81 100
11 81 2450
12 81 100
12 81 2450
13 81 100
13 81 2450
14 81 100
14 81 2450
15 81 100
15 81 2450
16 81 100
16 81 2450
17 81 100
17 81 2450
18 81 100
18 81 2450
19 81 100
19 81 2450
20 81 100
20 81 2450
21 81 100
21 81 2450
22 81 100
22 81 2450
23 81 100
23 81 2450
24 81 100
24 81 2450
25 81 100
25 81 2450
26 81 100
26 81 2450
27 81 100
27 81 2450
28 81 100
28 81 2450
29 81 100
29 81 2450
30 81 100
30 81 2450
31 81 100
31 81 2450
32 81 100
32 81 2450
33 81 100
33 81 2450
34 81 100
34 81 2450
35 81 100
35 81 2450
36 81 100
36 81 2450
37 81 100
37 81 2450
38 81 100
38 81 2450
39 81 100
39 81 2450
40 81 100
40 81 2450
41 81 100
41 81 2450
42 81 100
42 81 2450
43 81 100
43 81 2450
44 81 100
44 81 2450
45 81 100
45 81 2450
46 81 100
46 81 2450
47 81 100
47 81 2450
48 81 100
48 81 2450
49 81 100
49 81 2450
50 81 100
50 81 2450
51 81 100
51 81 2450
52 81 100
52 81 2450
53 81 100
53 81 2450
54 81 100
54 81 2450
55 81 100
55 81 2450
56 81 100
56 81 2450
57 81 100
57 81 2450
58 81 100
58 81 2450
59 81 100
59 81 2450
60 81 100
60 81 2450
61 81 100
61 81 2450
62 81 100
62 81 2450
63 81 100
63 81 2450
64 81 100
64 81 2450
65 81 100
65 81 2450
66 81 100
66 81 2450
67 81 100
67 81 2450
68 81 100
68 81 2450
69 81 100
69 81 2450
70 81 100
70 81 2450
71 81 100
71 81 2450
72 81 100
72 81 2450
73 81 100
73 81 2450
74 81 100
74 81 2450
75 81 100
75 81 2450
76 81 100
76 81 2450
77 81 100
77 81 2450
78 81 100
78 81 2450
79 81 100
79 81 2450
80 81 100
80 81 2450
81 81 100
81 81 2450
82 81 100
82 81 2450
83 81 100
83 81 2450
84 81 100
84 81 2450
85 81 100
85 81 2450
86 81 100
86 81 2450
87 81 100
87 81 2450
88 81 100
88 81 2450
89 81 100
89 81 2450
90 81 100
90 81 2450
91 81 100
91 81 2450
92 81 100
92 81 2450
93 81 100
93 81 2450
94 81 100
94 81 2450
95 81 100
95 81 2450
96 81 100
96 81 2450
96 81 1225
97 81 100
97 81 2450
97 81 1225
98 81 100
98 81 2450
98 81 1225
99 81 100
99 81 2450
99 81 1225
100 81 100
100 81 2450
100 81 1225
101 81 100
101 81 2450
101 81 1225
102 81 100
102 81 2450
102 81 1225
103 81 100
103 81 2450
103 81 1225
104 81 100
104 81 2450
104 81 1225
105 81 100
105 81 2450
105 81 1225
106 81 100
106 81 2450
106 81 1225
107 81 100
107 81 2450
107 81 1225
108 81 100
108 81 2450
108 81 1225
109 81 100
109 81 2450
109 81 1225
110 81 100
110 81 2450
110 81 1225
111 81 100
111 81 2450
111 81 1225
112 81 100
112 81 2450
112 81 1225
113 81 100
113 81 2450
113 81 1225
114 81 100
114 81 2450
114 81 1225
115 81 100
115 81 2450
115 81 1225
116 81 100
116 81 2450
116 81 1225
117 81 100
117 81 2450
117 81 1225
118 81 100
118 81 2450
118 81 1225
119 81 100
119 81 2450
119 81 1225
120 81 100
120 81 2450
120 81 1225
121 81 100
121 81 2450
121 81 1225
122 81 100
122 81 2450
122 81 1225
123 81 100
123 81 2450
123 81 1225
124 81 100
124 81 2450
124 81 1225
125 81 100
125 81 2450
126 81 100
126 81 2450
127 81 100
127 81 2450
128 81 100
128 81 2450
129 81 100
129 81 2450
130 81 100
130 81 2450
131 81 100
131 81 2450
132 81 100
132 81 2450
133 81 100
133 81 2450
134 81 100
134 81 2450
135 81 100
135 81 2450
136 81 100
136 81 2450
137 81 100
137 81 2450
138 81 100
138 81 2450
139 81 100
139 81 2450
140 81 100
140 81 2450
141 81 100
141 81 2450
142 81 100
142 81 2450
143 81 100
143 81 2450
144 81 100
144 81 2450
145 81 100
145 81 2450
146 81 100
146 81 2450
147 81 100
147 81 2450
148 81 100
148 81 2450
149 81 100
149 81 2450
150 81 100
150 81 2450
151 81 100
151 81 2450
152 81 100
152 81 2450
153 81 100
153 81 2450
154 81 100
154 81 2450
155 81 100
155 81 2450
156 81 100
156 81 2450
157 81 100
157 81 2450
158 81 100
158 81 2450
159 81 100
159 81 2450
160 81 100
160 81 2450
161 81 100
161 81 2450
162 81 100
162 81 2450
163 81 100
163 81 2450
164 81 100
164 81 2450
165 81 100
165 81 2450
166 81 100
166 81 2450
167 81 100
167 81 2450
168 81 100
168 81 2450
169 81 100
169 81 2450
170 81 100
170 81 2450
171 81 100
171 81 2450
172 81 100
172 81 2450
173 81 100
173 81 2450
174 81 100
174 81 2450
175 81 100
175 81 2450
176 81 100
176 81 2450
177 81 100
177 81 2450
178 81 100
178 81 2450
179 81 100
179 81 2450
180 81 100
180 81 2450
181 81 100
181 81 2450
182 81 100
182 81 2450
183 81 100
183 81 2450
184 81 100
184 81 2450
185 81 100
185 81 2450
186 81 100
186 81 2450
187 81 100
187 81 2450
188 81 100
188 81 2450
189 81 100
189 81 2450
190 81 100
190 81 2450
191 81 100
191 81 2450
192 81 100
192 81 2450
193 81 100
193 81 2450
194 81 100
194 81 2450
195 81 100
195 81 2450
195 82 100
195 82 2450
195 83 100
195 83 2450
195 84 100
195 84 2450
195 85 100
195 85 2450
195 86 100
195 86 2450
195 87 100
195 87 2450
195 88 100
195 88 2450
195 89 100
195 89 2450
195 90 100
195 90 2450
195 91 100
195 91 2450
195 92 100
195 92 2450
195 93 100
195 93 2450
195 94 100
195 94 2450
195 95 100
195 95 2450
195 96 100
195 96 2450
195 97 100
195 97 2450
195 98 100
195 98 2450
195 99 100
195 99 2450
195 100 100
195 100 2450
195 101 100
195 101 2450
195 102 100
195 102 2450
195 103 100
195 103 2450
195 104 100
195 104 2450
195 105 100
195 105 2450
195 106 100
195 106 2450
195 107 100
195 107 2450
195 108 100
195 108 2450
195 109 100
195 109 2450
195 110 100
195 110 2450
195 111 100
195 111 2450
195 112 100
195 112 2450
195 113 100
195 113 2450
195 114 100
195 114 2450
195 115 100
195 115 2450
195 116 100
195 116 2450
195 117 100
195 117 2450
195 118 100
195 118 2450
195 119 100
195 119 2450
195 120 100
195 120 2450
195 121 100
195 121 2450
195 122 100
195 122 2450
195 123 100
195 123 2450
195 124 100
195 124 2450
195 125 100
195 125 2450
195 126 100
195 126 2450
195 127 100
195 127 2450
195 128 100
195 128 2450
195 129 100
195 129 2450
195 130 100
195 130 2450
195 131 100
195 131 2450
195 132 100
195 132 2450
195 133 100
195 133 2450
195 134 100
195 134 2450
195 135 100
195 135 2450
195 136 100
195 136 2450
195 137 100
195 137 2450
195 138 100
195 138 2450
195 139 100
195 139 2450
195 140 100
195 141 100
195 142 100
195 143 100
195 144 100
195 145 100
195 146 100
195 147 100
195 148 100
195 149 100
195 150 100
195 151 100
195 152 100
195 153 100
195 154 100
195 155 100
195 156 100
195 157 100
195 158 100
195 159 100
195 160 100
195 161 100
195 162 100
195 163 100
195 164 100
195 165 100
195 166 100
19 9 100
20 9 100
21 9 100
22 9 100
23 9 100
24 9 100
25 9 100
26 9 100
27 9 100
28 9 100
29 9 100
30 9 100
31 9 100
32 9 100
33 9 100
34 9 100
35 9 100
36 9 100
37 9 100
38 9 100
39 9 100
40 9 100
41 9 100
42 9 100
43 9 100
44 9 100
45 9 100
46 9 100
47 9 100
48 9 100
49 9 100
50 9 100
51 9 100
52 9 100
53 9 100
54 9 100
55 9 100
56 9 100
57 9 100
58 9 100
59 9 100
60 9 100
61 9 100
62 9 100
63 9 100
64 9 100
65 9 100
66 9 100
67 9 100
68 9 100
69 9 100
70 9 100
71 9 100
72 9 100
73 9 100
74 9 100
75 9 100
76 9 100
77 9 100
78 9 100
79 9 100
80 9 100
81 9 100
82 9 100
83 9 100
84 9 100
85 9 100
86 9 100
87 9 100
88 9 100
89 9 100
90 9 100
91 9 100
92 9 100
93 9 100
94 9 100
95 9 100
96 9 100
96 9 2450
97 9 100
97 9 2450
98 9 100
98 9 2450
99 9 100
99 9 2450
100 9 100
100 9 2450
101 9 100
101 9 2450
102 9 100
102 9 2450
103 9 100
103 9 2450
104 9 100
104 9 2450
105 9 100
105 9 2450
106 9 100
106 9 2450
107 9 100
107 9 2450
108 9 100
108 9 2450
109 9 100
109 9 2450
110 9 100
110 9 2450
111 9 100
111 9 2450
112 9 100
112 9 2450
113 9 100
113 9 2450
114 9 100
114 9 2450
115 9 100
115 9 2450
116 9 100
116 9 2450
117 9 100
117 9 2450
118 9 100
118 9 2450
119 9 100
119 9 2450
120 9 100
120 9 2450
121 9 100
121 9 2450
122 9 100
122 9 2450
123 9 100
123 9 2450
124 9 100
124 9 2450
125 9 100
126 9 100
127 9 100
127 9 2450
128 9 100
128 9 2450
129 9 100
129 9 2450
130 9 100
130 9 2450
131 9 100
131 9 2450
132 9 100
132 9 2450
133 9 100
133 9 2450
134 9 100
134 9 2450
135 9 100
135 9 2450
136 9 100
136 9 2450
137 9 100
137 9 2450
138 9 100
138 9 2450
139 9 100
139 9 2450
140 9 100
140 9 2450
141 9 100
141 9 2450
142 9 100
142 9 2450
143 9 100
143 9 2450
144 9 100
144 9 2450
145 9 100
145 9 2450
146 9 100
146 9 2450
147 9 100
147 9 2450
148 9 100
148 9 2450
149 9 100
149 9 2450
150 9 100
150 9 2450
151 9 100
151 9 2450
152 9 100
152 9 2450
153 9 100
153 9 2450
154 9 100
154 9 2450
155 9 100
155 9 2450
156 9 100
156 9 2450
157 9 100
157 9 2450
158 9 100
158 9 2450
159 9 100
159 9 2450
160 9 100
160 9 2450
161 9 100
161 9 2450
162 9 100
162 9 2450
163 9 100
163 9 2450
164 9 100
164 9 2450
165 9 100
165 9 2450
166 9 100
166 9 2450
167 9 100
167 9 2450
168 9 100
168 9 2450
169 9 100
169 9 2450
170 9 100
170 9 2450
171 9 100
171 9 2450
172 9 100
172 9 2450
173 9 100
173 9 2450
174 9 100
174 9 2450
175 9 100
175 9 2450
176 9 100
176 9 2450
177 9 100
177 9 2450
178 9 100
178 9 2450
179 9 100
179 9 2450
180 9 100
180 9 2450
181 9 100
181 9 2450
182 9 100
182 9 2450
183 9 100
183 9 2450
184 9 100
184 9 2450
185 9 100
185 9 2450
186 9 100
186 9 2450
187 9 100
187 9 2450
188 9 100
188 9 2450
189 9 100
189 9 2450
190 9 100
190 9 2450
191 9 100
191 9 2450
192 9 100
192 9 2450
193 9 100
193 9 2450
194 9 100
194 9 2450
195 9 100
195 9 2450
195 10 100
195 10 2450
195 11 100
195 11 2450
195 12 100
195 12 2450
195 13 100
195 13 2450
195 14 100
195 14 2450
195 15 100
195 15 2450
195 16 100
195 16 2450
195 17 100
195 17 2450
195 18 100
195 18 2450
195 19 100
195 19 2450
195 20 100
195 20 2450
195 21 100
195 21 2450
195 22 100
195 22 2450
195 23 100
195 23 2450
195 24 100
195 24 2450
195 25 100
195 25 2450
195 26 100
195 26 2450
195 27 100
195 27 2450
195 28 100
195 28 2450
195 29 100
195 29 2450
195 30 100
195 30 2450
195 31 100
195 31 2450
195 32 100
195 32 2450
195 33 100
195 33 2450
195 34 100
195 34 2450
195 35 100
195 35 2450
195 36 100
195 36 2450
195 37 100
195 37 2450
195 38 100
195 38 2450
195 39 100
195 39 2450
195 40 100
195 40 2450
195 41 100
195 41 2450
195 42 100
195 42 2450
195 43 100
195 43 2450
195 44 100
195 44 2450
195 45 100
195 45 2450
195 46 100
195 46 2450
195 47 100
195 47 2450
195 48 100
195 48 2450
195 49 100
195 49 2450
195 50 100
195 50 2450
195 51 100
195 51 2450
195 52 100
195 52 2450
195 53 100
195 53 2450
195 54 100
195 54 2450
195 55 100
195 55 2450
195 56 100
195 56 2450
195 57 100
195 57 2450
195 58 100
195 58 2450
195 59 100
195 59 2450
195 60 100
195 60 2450
195 61 100
195 61 2450
195 62 100
195 62 2450
195 63 100
195 63 2450
195 64 100
195 64 2450
195 65 100
195 65 2450
195 66 100
195 66 2450
195 67 100
195 67 2450
195 68 100
195 68 2450
195 69 100
195 69 2450
195 70 100
195 70 2450
195 71 100
195 71 2450
195 72 100
195 72 2450
195 73 100
195 73 2450
195 74 100
195 74 2450
195 75 100
195 75 2450
195 76 100
195 76 2450
195 77 100
195 77 2450
195 78 100
195 78 2450
195 79 100
195 79 2450
195 80 100
195 80 2450
121 32 100
121 32 2450
122 32 100
123 32 100
124 32 100
125 32 100
126 32 100
127 32 100
128 32 100
129 32 100
130 32 100
131 32 100
132 32 100
133 32 100
134 32 100
135 32 100
136 32 100
137 32 100
138 32 100
139 32 100
140 32 100
141 32 100
142 32 100
143 32 100
144 32 100
145 32 100
146 32 100
147 32 100
148 32 100
149 32 100
150 32 100
151 32 100
152 32 100
153 32 100
154 32 100
155 32 100
156 32 100
157 32 100
158 32 100
159 32 100
160 32 100
161 32 100
162 32 100
163 32 100
164 32 100
165 32 100
166 32 100
167 32 100
168 32 100
169 32 100
170 32 100
171 32 100
172 32 100
173 32 100
174 32 100
175 32 100
176 32 100
176 32 2450
177 32 100
177 32 2450
178 32 100
178 32 2450
179 32 100
179 32 2450
180 32 100
180 32 2450
181 32 100
181 32 2450
182 32 100
182 32 2450
183 32 100
183 32 2450
184 32 100
184 32 2450
185 32 100
185 32 2450
186 32 100
186 32 2450
187 32 100
187 32 2450
188 32 100
188 32 2450
189 32 100
189 32 2450
190 32 100
190 32 2450
191 32 100
191 32 2450
192 32 100
192 32 2450
193 32 100
193 32 2450
194 32 100
194 32 2450
76 156 100
77 156 100
78 156 100
79 156 100
80 156 100
81 156 100
82 156 100
83 156 100
84 156 100
85 156 100
86 156 100
87 156 100
88 156 100
89 156 100
90 156 100
91 156 100
92 156 100
93 156 100
94 156 100
95 156 100
96 156 100
97 156 100
98 156 100
99 156 100
100 156 100
101 156 100
102 156 100
103 156 100
104 156 100
105 156 100
106 156 100
107 156 100
108 156 100
109 156 100
110 156 100
111 156 100
112 156 100
113 156 100
114 156 100
115 156 100
116 156 100
117 156 100
118 156 100
119 156 100
120 156 100
121 156 100
122 156 100
123 156 100
124 156 100
125 156 100
126 156 100
127 156 100
128 156 100
129 156 100
130 156 100
131 156 100
132 156 100
133 156 100
133 156 2450
134 156 100
134 156 2450
135 156 100
135 156 2450
136 156 100
136 156 2450
137 156 100
137 156 2450
138 156 100
138 156 2450
139 156 100
139 156 2450
140 156 100
140 156 2450
141 156 100
141 156 2450
142 156 100
142 156 2450
143 156 100
143 156 2450
144 156 100
144 156 2450
145 156 100
145 156 2450
146 156 100
146 156 2450
147 156 100
147 156 2450
148 156 100
148 156 2450
149 156 100
149 156 2450
150 156 100
150 156 2450
151 156 100
151 156 2450
152 156 100
152 156 2450
153 156 100
153 156 2450
154 156 100
154 156 2450
155 156 100
155 156 2450
156 156 100
156 156 2450
157 156 100
157 156 2450
158 156 100
158 156 2450
159 156 100
159 156 2450
160 156 100
160 156 2450
161 156 100
161 156 2450
162 156 100
162 156 2450
163 156 100
163 156 2450
164 156 100
164 156 2450
165 156 100
165 156 2450
166 156 100
166 156 2450
167 156 100
167 156 2450
168 156 100
168 156 2450
169 156 100
169 156 2450
170 156 100
171 156 100
172 156 100
173 156 100
174 156 100
175 156 100
176 156 100
177 156 100
178 156 100
179 156 100
180 156 100
181 156 100
182 156 100
183 156 100
184 156 100
185 156 100
186 156 100
187 156 100
188 156 100
189 156 100
190 156 100
191 156 100
192 156 100
193 156 100
194 156 100
62 132 100
63 132 100
64 132 100
65 132 100
66 132 100
67 132 100
68 132 100
69 132 100
70 132 100
71 132 100
72 132 100
73 132 100
74 132 100
75 132 100
76 132 100
77 132 100
78 132 100
79 132 100
80 132 100
81 132 100
82 132 100
83 132 100
84 132 100
85 132 100
86 132 100
87 132 100
88 132 100
89 132 100
90 132 100
91 132 100
92 132 100
93 132 100
94 132 100
95 132 100
96 132 100
97 132 100
98 132 100
99 132 100
100 132 100
101 132 100
102 132 100
103 132 100
104 132 100
105 132 100
106 132 100
107 132 100
108 132 100
109 132 100
110 132 100
111 132 100
112 132 100
113 132 100
114 132 100
115 132 100
116 132 100
117 132 100
118 132 100
119 132 100
120 132 100
121 132 100
122 132 100
123 132 100
124 132 100
125 132 100
126 132 100
126 132 2450
127 132 100
127 132 2450
128 132 100
128 132 2450
129 132 100
129 132 2450
130 132 100
130 132 2450
131 132 100
131 132 2450
132 132 100
132 132 2450
133 132 100
133 132 2450
134 132 100
134 132 2450
135 132 100
135 132 2450
136 132 100
136 132 2450
137 132 100
137 132 2450
138 132 100
138 132 2450
139 132 100
139 132 2450
140 132 100
140 132 2450
141 132 100
141 132 2450
142 132 100
142 132 2450
143 132 100
143 132 2450
144 132 100
144 132 2450
145 132 100
145 132 2450
146 132 100
146 132 2450
147 132 100
147 132 2450
148 132 100
148 132 2450
149 132 100
149 132 2450
150 132 100
150 132 2450
151 132 100
151 132 2450
152 132 100
152 132 2450
153 132 100
153 132 2450
154 132 100
154 132 2450
155 132 100
155 132 2450
156 132 100
156 132 2450
157 132 100
157 132 2450
158 132 100
158 132 2450
159 132 100
159 132 2450
160 132 100
160 132 2450
161 132 100
161 132 2450
162 132 100
162 132 2450
163 132 100
163 132 2450
164 132 100
164 132 2450
165 132 100
165 132 2450
166 132 100
166 132 2450
167 132 100
167 132 2450
168 132 100
168 132 2450
169 132 100
169 132 2450
170 132 100
170 132 2450
171 132 100
171 132 2450
172 132 100
172 132 2450
173 132 100
173 132 2450
174 132 100
174 132 2450
175 132 100
175 132 2450
176 132 100
176 132 2450
177 132 100
177 132 2450
178 132 100
178 132 2450
179 132 100
179 132 2450
180 132 100
180 132 2450
181 132 100
181 132 2450
182 132 100
182 132 2450
183 132 100
183 132 2450
184 132 100
184 132 2450
185 132 100
185 132 2450
186 132 100
186 132 2450
187 132 100
187 132 2450
188 132 100
188 132 2450
189 132 100
189 132 2450
190 132 100
190 132 2450
191 132 100
191 132 2450
192 132 100
192 132 2450
193 132 100
193 132 2450
194 132 100
194 132 2450
98 127 100
99 127 100
100 127 100
101 127 100
102 127 100
103 127 100
104 127 100
105 127 100
106 127 100
107 127 100
108 127 100
109 127 100
109 127 2450
110 127 100
110 127 2450
111 127 100
111 127 2450
112 127 100
112 127 2450
113 127 100
113 127 2450
114 127 100
114 127 2450
115 127 100
115 127 2450
116 127 100
116 127 2450
117 127 100
117 127 2450
118 127 100
118 127 2450
119 127 100
119 127 2450
120 127 100
120 127 2450
121 127 100
121 127 2450
122 127 100
122 127 2450
123 127 100
123 127 2450
124 127 100
124 127 2450
125 127 100
125 127 2450
126 127 100
126 127 2450
127 127 100
127 127 2450
128 127 100
128 127 2450
129 127 100
129 127 2450
130 127 100
130 127 2450
131 127 100
131 127 2450
132 127 100
132 127 2450
133 127 100
133 127 2450
134 127 100
134 127 2450
135 127 100
135 127 2450
136 127 100
136 127 2450
137 127 100
137 127 2450
138 127 100
138 127 2450
139 127 100
139 127 2450
140 127 100
140 127 2450
141 127 100
141 127 2450
142 127 100
142 127 2450
143 127 100
143 127 2450
144 127 100
144 127 2450
145 127 100
145 127 2450
146 127 100
146 127 2450
147 127 100
147 127 2450
148 127 100
148 127 2450
149 127 100
149 127 2450
150 127 100
150 127 2450
151 127 100
151 127 2450
152 127 100
152 127 2450
153 127 100
153 127 2450
154 127 100
154 127 2450
155 127 100
155 127 2450
156 127 100
156 127 2450
157 127 100
157 127 2450
158 127 100
158 127 2450
159 127 100
159 127 2450
160 127 100
160 127 2450
161 127 100
161 127 2450
162 127 100
162 127 2450
163 127 100
163 127 2450
164 127 100
164 127 2450
165 127 100
165 127 2450
166 127 100
166 127 2450
167 127 100
167 127 2450
168 127 100
168 127 2450
169 127 100
169 127 2450
170 127 100
170 127 2450
171 127 100
171 127 2450
172 127 100
172 127 2450
173 127 100
173 127 2450
174 127 100
174 127 2450
175 127 100
175 127 2450
176 127 100
176 127 2450
177 127 100
177 127 2450
178 127 100
178 127 2450
179 127 100
179 127 2450
180 127 100
180 127 2450
181 127 100
181 127 2450
182 127 100
182 127 2450
183 127 100
183 127 2450
184 127 100
184 127 2450
185 127 100
185 127 2450
186 127 100
186 127 2450
187 127 100
187 127 2450
188 127 100
188 127 2450
189 127 100
189 127 2450
190 127 100
190 127 2450
191 127 100
191 127 2450
192 127 100
192 127 2450
193 127 100
193 127 2450
194 127 100
194 127 2450
169 58 100
169 58 2450
170 58 100
170 58 2450
171 58 100
171 58 2450
172 58 100
172 58 2450
173 58 100
173 58 2450
174 58 100
174 58 2450
175 58 100
175 58 2450
176 58 100
176 58 2450
177 58 100
177 58 2450
178 58 100
178 58 2450
179 58 100
179 58 2450
180 58 100
180 58 2450
181 58 100
181 58 2450
182 58 100
182 58 2450
183 58 100
183 58 2450
184 58 100
184 58 2450
185 58 100
185 58 2450
186 58 100
186 58 2450
187 58 100
187 58 2450
188 58 100
188 58 2450
189 58 100
189 58 2450
190 58 100
190 58 2450
191 58 100
191 58 2450
192 58 100
192 58 2450
193 58 100
193 58 2450
194 58 100
194 58 2450
64 45 100
65 45 100
66 45 100
67 45 100
68 45 100
69 45 100
70 45 100
71 45 100
72 45 100
73 45 100
74 45 100
75 45 100
76 45 100
77 45 100
78 45 100
79 45 100
80 45 100
81 45 100
82 45 100
83 45 100
84 45 100
85 45 100
86 45 100
87 45 100
88 45 100
89 45 100
89 45 2450
90 45 100
90 45 2450
91 45 100
91 45 2450
92 45 100
92 45 2450
93 45 100
93 45 2450
94 45 100
94 45 2450
95 45 100
95 45 2450
96 45 100
96 45 2450
97 45 100
97 45 2450
98 45 100
98 45 2450
99 45 100
99 45 2450
100 45 100
100 45 2450
101 45 100
101 45 2450
102 45 100
102 45 2450
103 45 100
103 45 2450
104 45 100
104 45 2450
105 45 100
105 45 2450
106 45 100
106 45 2450
107 45 100
107 45 2450
108 45 100
108 45 2450
109 45 100
109 45 2450
110 45 100
110 45 2450
111 45 100
111 45 2450
112 45 100
112 45 2450
113 45 100
113 45 2450
114 45 100
114 45 2450
115 45 100
115 45 2450
116 45 100
116 45 2450
117 45 100
117 45 2450
118 45 100
118 45 2450
119 45 100
120 45 100
121 45 100
122 45 100
123 45 100
124 45 100
125 45 100
126 45 100
126 45 2450
127 45 100
127 45 2450
128 45 100
128 45 2450
129 45 100
129 45 2450
130 45 100
130 45 2450
131 45 100
131 45 2450
132 45 100
132 45 2450
133 45 100
133 45 2450
134 45 100
134 45 2450
135 45 100
135 45 2450
136 45 100
136 45 2450
137 45 100
137 45 2450
138 45 100
139 45 100
140 45 100
141 45 100
142 45 100
143 45 100
144 45 100
145 45 100
146 45 100
147 45 100
148 45 100
149 45 100
150 45 100
151 45 100
152 45 100
153 45 100
154 45 100
155 45 100
156 45 100
157 45 100
158 45 100
159 45 100
160 45 100
161 45 100
162 45 100
163 45 100
163 45 2450
164 45 100
164 45 2450
165 45 100
165 45 2450
166 45 100
166 45 2450
167 45 100
167 45 2450
168 45 100
168 45 2450
169 45 100
169 45 2450
170 45 100
170 45 2450
171 45 100
171 45 2450
172 45 100
172 45 2450
173 45 100
174 45 100
175 45 100
176 45 100
177 45 100
178 45 100
179 45 100
179 45 2450
180 45 100
180 45 2450
181 45 100
181 45 2450
182 45 100
182 45 2450
183 45 100
183 45 2450
184 45 100
184 45 2450
185 45 100
185 45 2450
186 45 100
186 45 2450
187 45 100
187 45 2450
188 45 100
188 45 2450
189 45 100
189 45 2450
190 45 100
190 45 2450
191 45 100
191 45 2450
192 45 100
192 45 2450
193 45 100
193 45 2450
194 45 100
194 45 2450
92 182 100
93 182 100
94 182 100
95 182 100
96 182 100
97 182 100
98 182 100
99 182 100
100 182 100
101 182 100
102 182 100
103 182 100
104 182 100
105 182 100
106 182 100
107 182 100
108 182 100
109 182 100
110 182 100
111 182 100
112 182 100
113 182 100
114 182 100
115 182 100
116 182 100
117 182 100
118 182 100
119 182 100
120 182 100
121 182 100
122 182 100
122 182 2450
123 182 100
123 182 2450
124 182 100
124 182 2450
125 182 100
125 182 2450
126 182 100
126 182 2450
127 182 100
127 182 2450
128 182 100
128 182 2450
129 182 100
129 182 2450
130 182 100
130 182 2450
131 182 100
131 182 2450
132 182 100
132 182 2450
133 182 100
133 182 2450
134 182 100
134 182 2450
135 182 100
135 182 2450
136 182 100
136 182 2450
137 182 100
137 182 2450
138 182 100
139 182 100
140 182 100
140 182 2450
141 182 100
141 182 2450
142 182 100
142 182 2450
143 182 100
143 182 2450
144 182 100
144 182 2450
145 182 100
145 182 2450
146 182 100
146 182 2450
147 182 100
147 182 2450
148 182 100
148 182 2450
149 182 100
149 182 2450
150 182 100
150 182 2450
151 182 100
151 182 2450
152 182 100
152 182 2450
153 182 100
153 182 2450
154 182 100
154 182 2450
155 182 100
155 182 2450
156 182 100
156 182 2450
157 182 100
157 182 2450
158 182 100
158 182 2450
159 182 100
159 182 2450
160 182 100
160 182 2450
161 182 100
161 182 2450
162 182 100
162 182 2450
163 182 100
163 182 2450
164 182 100
164 182 2450
165 182 100
165 182 2450
166 182 100
166 182 2450
167 182 100
167 182 2450
168 182 100
168 182 2450
169 182 100
170 182 100
171 182 100
172 182 100
173 182 100
174 182 100
175 182 100
176 182 100
177 182 100
178 182 100
179 182 100
180 182 100
181 182 100
182 182 100
183 182 100
184 182 100
185 182 100
186 182 100
187 182 100
188 182 100
189 182 100
190 182 100
191 182 100
192 182 100
193 182 100
194 182 100
195 182 100
195 181 100
195 180 100
195 179 100
195 178 100
195 177 100
195 176 100
195 175 100
195 174 100
195 173 100
195 172 100
195 171 100
195 170 100
195 169 100
195 168 100
195 167 100
183 194 100
184 194 100
185 194 100
186 194 100
187 194 100
188 194 100
189 194 100
190 194 100
191 194 100
192 194 100
193 194 100
194 194 100
195 194 100
195 193 100
195 192 100
195 191 100
195 190 100
195 189 100
195 188 100
195 187 100
195 186 100
195 185 100
195 184 100
195 183 100
