48 179 100
47 179 100
46 179 100
45 179 100
44 179 100
43 179 100
42 179 100
41 179 100
40 179 100
39 179 100
38 179 100
37 179 100
37 179 2450
36 179 100
36 179 2450
35 179 100
35 179 2450
34 179 100
34 179 2450
33 179 100
33 179 2450
32 179 100
32 179 2450
31 179 100
31 179 2450
30 179 100
30 179 2450
29 179 100
29 179 2450
28 179 100
28 179 2450
27 179 100
27 179 2450
26 179 100
26 179 2450
25 179 100
25 179 2450
24 179 100
24 179 2450
23 179 100
23 179 2450
22 179 100
22 179 2450
21 179 100
21 179 2450
20 179 100
20 179 2450
19 179 100
19 179 2450
18 179 100
18 179 2450
17 179 100
17 179 2450
16 179 100
16 179 2450
15 179 100
15 179 2450
14 179 100
14 179 2450
13 179 100
13 179 2450
12 179 100
12 179 2450
11 179 100
11 179 2450
10 179 100
10 179 2450
9 179 100
9 179 2450
8 179 100
8 179 2450
7 179 100
7 179 2450
6 179 100
6 179 2450
6 178 100
6 178 2450
6 177 100
6 177 2450
6 176 100
6 176 2450
6 175 100
6 175 2450
6 174 100
6 174 2450
6 173 100
6 173 2450
6 172 100
6 172 2450
6 171 100
6 171 2450
6 170 100
6 170 2450
6 169 100
6 169 2450
6 168 100
6 168 2450
6 168 1225
6 167 100
6 167 2450
6 167 1225
6 166 100
6 166 2450
6 166 1225
6 165 100
6 165 2450
6 165 1225
6 164 100
6 164 2450
6 164 1225
6 163 100
6 163 2450
6 163 1225
6 162 100
6 162 2450
6 162 1225
6 161 100
6 161 2450
6 161 1225
6 160 100
6 160 2450
6 160 1225
6 159 100
6 159 2450
6 159 1225
6 158 100
6 158 2450
6 158 1225
6 157 100
6 157 2450
6 157 1225
6 156 100
6 156 2450
6 156 1225
6 155 100
6 155 2450
6 155 1225
6 154 100
6 154 2450
6 154 1225
6 153 100
6 153 2450
6 153 1225
6 152 100
6 152 2450
6 152 1225
6 151 100
6 151 2450
6 150 100
6 150 2450
6 149 100
6 149 2450
6 148 100
6 148 2450
6 147 100
6 147 2450
6 146 100
6 146 2450
6 145 100
6 145 2450
6 144 100
6 144 2450
6 143 100
6 143 2450
6 142 100
6 142 2450
6 141 100
6 141 2450
6 140 100
6 140 2450
6 139 100
6 139 2450
6 138 100
6 138 2450
6 137 100
6 137 2450
6 136 100
6 135 100
6 134 100
6 133 100
6 132 100
6 131 100
6 130 100
6 129 100
6 128 100
6 127 100
6 126 100
6 125 100
6 124 100
6 123 100
6 122 100
6 121 100
6 120 100
6 119 100
6 118 100
6 117 100
6 116 100
6 115 100
6 114 100
6 113 100
6 112 100
6 111 100
6 110 100
6 109 100
6 108 100
6 107 100
6 106 100
6 105 100
6 104 100
6 103 100
6 102 100
6 102 2450
6 101 100
6 101 2450
6 100 100
6 100 2450
6 99 100
6 99 2450
6 98 100
6 98 2450
6 97 100
6 97 2450
6 96 100
6 96 2450
6 95 100
6 95 2450
6 94 100
6 94 2450
6 93 100
6 93 2450
6 92 100
6 92 2450
6 91 100
6 91 2450
6 90 100
6 90 2450
6 89 100
6 89 2450
6 88 100
6 88 2450
6 87 100
6 87 2450
6 86 100
6 86 2450
6 85 100
6 85 2450
6 84 100
6 84 2450
6 83 100
6 83 2450
6 82 100
6 82 2450
6 81 100
6 81 2450
6 80 100
6 80 2450
6 79 100
6 79 2450
6 78 100
6 78 2450
6 77 100
6 77 2450
6 76 100
6 76 2450
6 75 100
6 75 2450
6 74 100
6 74 2450
6 73 100
6 73 2450
6 72 100
6 72 2450
6 71 100
6 71 2450
6 70 100
6 70 2450
6 69 100
6 69 2450
6 68 100
6 68 2450
6 67 100
6 67 2450
6 66 100
6 66 2450
6 65 100
6 65 2450
6 64 100
6 64 2450
6 63 100
6 63 2450
6 62 100
6 62 2450
6 61 100
6 61 2450
6 60 100
6 60 2450
6 59 100
6 59 2450
6 58 100
6 58 2450
6 57 100
6 57 2450
6 56 100
6 56 2450
6 55 100
6 54 100
6 53 100
6 52 100
6 51 100
6 50 100
6 49 100
6 48 100
6 47 100
6 46 100
6 45 100
6 44 100
6 43 100
6 42 100
6 41 100
6 40 100
6 39 100
6 38 100
6 37 100
6 36 100
6 35 100
6 34 100
6 33 100
6 32 100
6 31 100
6 30 100
6 29 100
6 28 100
163 179 100
163 179 2450
162 179 100
162 179 2450
161 179 100
161 179 2450
160 179 100
160 179 2450
159 179 100
159 179 2450
158 179 100
158 179 2450
157 179 100
157 179 2450
156 179 100
156 179 2450
155 179 100
155 179 2450
154 179 100
154 179 2450
153 179 100
153 179 2450
152 179 100
152 179 2450
151 179 100
151 179 2450
150 179 100
150 179 2450
149 179 100
149 179 2450
148 179 100
148 179 2450
147 179 100
147 179 2450
146 179 100
146 179 2450
145 179 100
145 179 2450
144 179 100
144 179 2450
143 179 100
143 179 2450
142 179 100
142 179 2450
141 179 100
141 179 2450
140 179 100
140 179 2450
139 179 100
139 179 2450
138 179 100
138 179 2450
137 179 100
137 179 2450
136 179 100
136 179 2450
135 179 100
135 179 2450
134 179 100
134 179 2450
133 179 100
133 179 2450
132 179 100
132 179 2450
131 179 100
131 179 2450
130 179 100
130 179 2450
129 179 100
128 179 100
127 179 100
126 179 100
125 179 100
124 179 100
123 179 100
122 179 100
121 179 100
120 179 100
119 179 100
118 179 100
117 179 100
116 179 100
115 179 100
114 179 100
113 179 100
112 179 100
111 179 100
110 179 100
109 179 100
108 179 100
107 179 100
106 179 100
105 179 100
104 179 100
103 179 100
102 179 100
101 179 100
100 179 100
99 179 100
98 179 100
97 179 100
96 179 100
95 179 100
94 179 100
93 179 100
92 179 100
91 179 100
90 179 100
90 179 2450
89 179 100
89 179 2450
88 179 100
88 179 2450
87 179 100
87 179 2450
86 179 100
86 179 2450
85 179 100
85 179 2450
84 179 100
84 179 2450
83 179 100
82 179 100
81 179 100
80 179 100
79 179 100
78 179 100
77 179 100
76 179 100
75 179 100
74 179 100
73 179 100
72 179 100
71 179 100
70 179 100
69 179 100
68 179 100
67 179 100
66 179 100
65 179 100
64 179 100
63 179 100
62 179 100
61 179 100
60 179 100
59 179 100
58 179 100
57 179 100
56 179 100
55 179 100
54 179 100
53 179 100
52 179 100
51 179 100
50 179 100
49 179 100
42 132 100
42 132 2450
41 132 100
40 132 100
39 132 100
38 132 100
37 132 100
36 132 100
35 132 100
34 132 100
33 132 100
32 132 100
31 132 100
30 132 100
29 132 100
28 132 100
27 132 100
26 132 100
25 132 100
24 132 100
23 132 100
22 132 100
21 132 100
20 132 100
19 132 100
18 132 100
17 132 100
16 132 100
15 132 100
14 132 100
13 132 100
12 132 100
11 132 100
10 132 100
9 132 100
8 132 100
7 132 100
196 7 100
195 7 100
194 7 100
193 7 100
192 7 100
191 7 100
190 7 100
189 7 100
188 7 100
187 7 100
187 7 2450
186 7 100
186 7 2450
185 7 100
185 7 2450
184 7 100
184 7 2450
183 7 100
183 7 2450
182 7 100
182 7 2450
181 7 100
181 7 2450
180 7 100
180 7 2450
179 7 100
179 7 2450
178 7 100
178 7 2450
177 7 100
177 7 2450
176 7 100
176 7 2450
175 7 100
175 7 2450
174 7 100
174 7 2450
173 7 100
173 7 2450
172 7 100
172 7 2450
171 7 100
171 7 2450
170 7 100
170 7 2450
169 7 100
169 7 2450
168 7 100
168 7 2450
167 7 100
167 7 2450
166 7 100
166 7 2450
165 7 100
165 7 2450
164 7 100
163 7 100
162 7 100
161 7 100
160 7 100
159 7 100
158 7 100
157 7 100
156 7 100
155 7 100
154 7 100
153 7 100
152 7 100
151 7 100
150 7 100
149 7 100
148 7 100
147 7 100
146 7 100
145 7 100
144 7 100
143 7 100
142 7 100
141 7 100
140 7 100
139 7 100
138 7 100
137 7 100
136 7 100
136 7 2450
135 7 100
135 7 2450
134 7 100
134 7 2450
133 7 100
133 7 2450
132 7 100
132 7 2450
131 7 100
131 7 2450
130 7 100
130 7 2450
129 7 100
129 7 2450
128 7 100
128 7 2450
127 7 100
127 7 2450
127 7 1225
126 7 100
126 7 2450
126 7 1225
125 7 100
125 7 2450
125 7 1225
124 7 100
124 7 2450
124 7 1225
123 7 100
123 7 2450
123 7 1225
123 7 612
122 7 100
122 7 2450
122 7 1225
122 7 612
121 7 100
121 7 2450
121 7 1225
121 7 612
120 7 100
120 7 2450
120 7 1225
120 7 612
119 7 100
119 7 2450
119 7 1225
119 7 612
118 7 100
118 7 2450
118 7 1225
118 7 612
117 7 100
117 7 2450
117 7 1225
116 7 100
116 7 2450
116 7 1225
115 7 100
115 7 2450
115 7 1225
114 7 100
114 7 2450
114 7 1225
113 7 100
113 7 2450
113 7 1225
112 7 100
112 7 2450
112 7 1225
111 7 100
111 7 2450
111 7 1225
110 7 100
110 7 2450
110 7 1225
109 7 100
109 7 2450
109 7 1225
108 7 100
108 7 2450
108 7 1225
107 7 100
107 7 2450
106 7 100
106 7 2450
105 7 100
105 7 2450
104 7 100
104 7 2450
103 7 100
103 7 2450
102 7 100
102 7 2450
101 7 100
101 7 2450
100 7 100
100 7 2450
99 7 100
99 7 2450
98 7 100
98 7 2450
97 7 100
97 7 2450
96 7 100
96 7 2450
95 7 100
95 7 2450
94 7 100
94 7 2450
93 7 100
93 7 2450
92 7 100
92 7 2450
91 7 100
91 7 2450
90 7 100
90 7 2450
89 7 100
89 7 2450
88 7 100
88 7 2450
87 7 100
86 7 100
85 7 100
84 7 100
83 7 100
82 7 100
81 7 100
80 7 100
79 7 100
78 7 100
77 7 100
76 7 100
76 7 2450
75 7 100
75 7 2450
74 7 100
74 7 2450
73 7 100
73 7 2450
72 7 100
72 7 2450
71 7 100
71 7 2450
70 7 100
70 7 2450
69 7 100
69 7 2450
68 7 100
68 7 2450
67 7 100
67 7 2450
66 7 100
66 7 2450
65 7 100
65 7 2450
64 7 100
64 7 2450
63 7 100
63 7 2450
62 7 100
62 7 2450
61 7 100
61 7 2450
60 7 100
60 7 2450
59 7 100
59 7 2450
58 7 100
58 7 2450
57 7 100
57 7 2450
56 7 100
56 7 2450
55 7 100
55 7 2450
54 7 100
54 7 2450
53 7 100
53 7 2450
52 7 100
52 7 2450
51 7 100
51 7 2450
50 7 100
50 7 2450
49 7 100
49 7 2450
49 7 1225
48 7 100
48 7 2450
48 7 1225
47 7 100
47 7 2450
47 7 1225
46 7 100
46 7 2450
46 7 1225
45 7 100
45 7 2450
45 7 1225
45 7 612
44 7 100
44 7 2450
44 7 1225
44 7 612
43 7 100
43 7 2450
43 7 1225
43 7 612
42 7 100
42 7 2450
42 7 1225
42 7 612
41 7 100
41 7 2450
41 7 1225
41 7 612
40 7 100
40 7 2450
40 7 1225
40 7 612
40 7 306
39 7 100
39 7 2450
39 7 1225
39 7 612
39 7 306
38 7 100
38 7 2450
38 7 1225
38 7 612
37 7 100
37 7 2450
37 7 1225
37 7 612
36 7 100
36 7 2450
36 7 1225
36 7 612
35 7 100
35 7 2450
35 7 1225
35 7 612
34 7 100
34 7 2450
34 7 1225
34 7 612
33 7 100
33 7 2450
33 7 1225
33 7 612
32 7 100
32 7 2450
32 7 1225
32 7 612
31 7 100
31 7 2450
31 7 1225
31 7 612
30 7 100
30 7 2450
30 7 1225
30 7 612
29 7 100
29 7 2450
29 7 1225
28 7 100
28 7 2450
28 7 1225
27 7 100
27 7 2450
27 7 1225
26 7 100
26 7 2450
26 7 1225
25 7 100
25 7 2450
25 7 1225
24 7 100
24 7 2450
24 7 1225
23 7 100
23 7 2450
23 7 1225
22 7 100
22 7 2450
22 7 1225
21 7 100
21 7 2450
21 7 1225
20 7 100
20 7 2450
20 7 1225
19 7 100
19 7 2450
18 7 100
18 7 2450
17 7 100
17 7 2450
16 7 100
16 7 2450
15 7 100
15 7 2450
14 7 100
14 7 2450
13 7 100
13 7 2450
12 7 100
12 7 2450
11 7 100
11 7 2450
10 7 100
10 7 2450
9 7 100
9 7 2450
8 7 100
8 7 2450
7 7 100
7 7 2450
6 7 100
6 7 2450
6 8 100
6 8 2450
6 9 100
6 9 2450
6 10 100
6 10 2450
6 11 100
6 11 2450
6 12 100
6 12 2450
6 13 100
6 13 2450
6 14 100
6 14 2450
6 15 100
6 15 2450
6 16 100
6 17 100
6 18 100
6 19 100
6 20 100
6 21 100
6 22 100
6 23 100
6 24 100
6 25 100
6 26 100
6 27 100
5 121 100
66 99 100
65 99 100
64 99 100
63 99 100
63 99 2450
62 99 100
62 99 2450
61 99 100
61 99 2450
60 99 100
60 99 2450
59 99 100
59 99 2450
58 99 100
58 99 2450
57 99 100
57 99 2450
56 99 100
56 99 2450
55 99 100
55 99 2450
54 99 100
54 99 2450
53 99 100
53 99 2450
52 99 100
52 99 2450
51 99 100
51 99 2450
50 99 100
50 99 2450
49 99 100
49 99 2450
48 99 100
48 99 2450
47 99 100
47 99 2450
46 99 100
46 99 2450
45 99 100
45 99 2450
45 99 1225
44 99 100
44 99 2450
44 99 1225
43 99 100
43 99 2450
43 99 1225
42 99 100
42 99 2450
42 99 1225
41 99 100
41 99 2450
41 99 1225
40 99 100
40 99 2450
40 99 1225
39 99 100
39 99 2450
39 99 1225
38 99 100
38 99 2450
38 99 1225
37 99 100
37 99 2450
37 99 1225
36 99 100
36 99 2450
36 99 1225
35 99 100
35 99 2450
35 99 1225
34 99 100
34 99 2450
34 99 1225
33 99 100
33 99 2450
33 99 1225
32 99 100
32 99 2450
32 99 1225
31 99 100
31 99 2450
31 99 1225
30 99 100
30 99 2450
30 99 1225
29 99 100
29 99 2450
29 99 1225
28 99 100
28 99 2450
28 99 1225
27 99 100
27 99 2450
27 99 1225
26 99 100
26 99 2450
26 99 1225
25 99 100
25 99 2450
25 99 1225
24 99 100
24 99 2450
24 99 1225
23 99 100
23 99 2450
23 99 1225
22 99 100
22 99 2450
21 99 100
21 99 2450
20 99 100
20 99 2450
19 99 100
19 99 2450
18 99 100
18 99 2450
17 99 100
17 99 2450
16 99 100
16 99 2450
15 99 100
15 99 2450
14 99 100
14 99 2450
13 99 100
13 99 2450
12 99 100
12 99 2450
11 99 100
11 99 2450
10 99 100
10 99 2450
9 99 100
9 99 2450
8 99 100
8 99 2450
7 99 100
7 99 2450
122 176 100
121 176 100
120 176 100
119 176 100
118 176 100
117 176 100
116 176 100
115 176 100
114 176 100
113 176 100
112 176 100
111 176 100
110 176 100
109 176 100
108 176 100
107 176 100
106 176 100
105 176 100
104 176 100
103 176 100
102 176 100
101 176 100
100 176 100
99 176 100
98 176 100
97 176 100
96 176 100
95 176 100
94 176 100
93 176 100
93 176 2450
92 176 100
92 176 2450
91 176 100
91 176 2450
90 176 100
90 176 2450
89 176 100
89 176 2450
88 176 100
88 176 2450
87 176 100
87 176 2450
86 176 100
86 176 2450
85 176 100
85 176 2450
84 176 100
84 176 2450
83 176 100
83 176 2450
82 176 100
82 176 2450
81 176 100
81 176 2450
80 176 100
79 176 100
78 176 100
77 176 100
76 176 100
75 176 100
74 176 100
73 176 100
72 176 100
71 176 100
70 176 100
69 176 100
68 176 100
67 176 100
66 176 100
65 176 100
64 176 100
63 176 100
62 176 100
61 176 100
60 176 100
59 176 100
58 176 100
57 176 100
56 176 100
55 176 100
54 176 100
53 176 100
52 176 100
51 176 100
50 176 100
49 176 100
48 176 100
47 176 100
46 176 100
45 176 100
44 176 100
43 176 100
42 176 100
41 176 100
40 176 100
39 176 100
38 176 100
38 176 2450
37 176 100
37 176 2450
36 176 100
36 176 2450
35 176 100
35 176 2450
34 176 100
34 176 2450
33 176 100
33 176 2450
32 176 100
32 176 2450
31 176 100
31 176 2450
30 176 100
30 176 2450
29 176 100
29 176 2450
28 176 100
28 176 2450
27 176 100
27 176 2450
26 176 100
26 176 2450
25 176 100
25 176 2450
24 176 100
24 176 2450
23 176 100
23 176 2450
22 176 100
22 176 2450
21 176 100
21 176 2450
20 176 100
20 176 2450
19 176 100
19 176 2450
18 176 100
18 176 2450
17 176 100
17 176 2450
16 176 100
16 176 2450
15 176 100
15 176 2450
14 176 100
14 176 2450
13 176 100
13 176 2450
12 176 100
12 176 2450
11 176 100
11 176 2450
10 176 100
10 176 2450
9 176 100
9 176 2450
8 176 100
8 176 2450
7 176 100
7 176 2450
88 116 100
87 116 100
86 116 100
85 116 100
84 116 100
83 116 100
82 116 100
82 116 2450
81 116 100
81 116 2450
80 116 100
80 116 2450
79 116 100
79 116 2450
78 116 100
78 116 2450
77 116 100
77 116 2450
76 116 100
76 116 2450
75 116 100
75 116 2450
74 116 100
74 116 2450
73 116 100
73 116 2450
72 116 100
72 116 2450
71 116 100
71 116 2450
70 116 100
70 116 2450
69 116 100
69 116 2450
68 116 100
68 116 2450
67 116 100
67 116 2450
66 116 100
66 116 2450
65 116 100
65 116 2450
64 116 100
64 116 2450
63 116 100
63 116 2450
62 116 100
62 116 2450
61 116 100
61 116 2450
60 116 100
60 116 2450
59 116 100
59 116 2450
58 116 100
58 116 2450
57 116 100
57 116 2450
57 116 1225
56 116 100
56 116 2450
56 116 1225
55 116 100
55 116 2450
55 116 1225
54 116 100
54 116 2450
54 116 1225
53 116 100
53 116 2450
53 116 1225
52 116 100
52 116 2450
52 116 1225
51 116 100
51 116 2450
51 116 1225
50 116 100
50 116 2450
50 116 1225
49 116 100
49 116 2450
49 116 1225
48 116 100
48 116 2450
48 116 1225
47 116 100
47 116 2450
47 116 1225
46 116 100
46 116 2450
46 116 1225
45 116 100
45 116 2450
44 116 100
44 116 2450
43 116 100
43 116 2450
42 116 100
42 116 2450
41 116 100
41 116 2450
40 116 100
40 116 2450
39 116 100
39 116 2450
38 116 100
38 116 2450
37 116 100
37 116 2450
36 116 100
36 116 2450
35 116 100
35 116 2450
34 116 100
34 116 2450
33 116 100
33 116 2450
32 116 100
32 116 2450
31 116 100
31 116 2450
30 116 100
30 116 2450
29 116 100
29 116 2450
28 116 100
28 116 2450
27 116 100
27 116 2450
26 116 100
26 116 2450
25 116 100
25 116 2450
24 116 100
24 116 2450
23 116 100
23 116 2450
22 116 100
21 116 100
20 116 100
19 116 100
18 116 100
17 116 100
16 116 100
15 116 100
14 116 100
13 116 100
12 116 100
11 116 100
10 116 100
9 116 100
8 116 100
7 116 100
