86 142 100
85 142 100
84 142 100
83 142 100
82 142 100
81 142 100
80 142 100
79 142 100
78 142 100
77 142 100
76 142 100
75 142 100
74 142 100
73 142 100
72 142 100
71 142 100
70 142 100
69 142 100
68 142 100
67 142 100
66 142 100
65 142 100
64 142 100
63 142 100
62 142 100
61 142 100
60 142 100
59 142 100
58 142 100
57 142 100
56 142 100
55 142 100
54 142 100
53 142 100
52 142 100
51 142 100
50 142 100
49 142 100
48 142 100
47 142 100
46 142 100
45 142 100
44 142 100
43 142 100
43 142 2450
42 142 100
42 142 2450
41 142 100
41 142 2450
40 142 100
40 142 2450
40 141 100
40 141 2450
40 140 100
40 139 100
40 138 100
40 137 100
40 136 100
40 135 100
40 134 100
40 133 100
40 132 100
40 131 100
40 130 100
40 130 2450
40 129 100
40 129 2450
40 128 100
40 128 2450
40 127 100
40 127 2450
40 126 100
40 126 2450
40 125 100
40 125 2450
40 124 100
40 124 2450
40 123 100
40 123 2450
40 122 100
40 122 2450
40 121 100
40 121 2450
40 120 100
40 120 2450
40 119 100
40 119 2450
40 118 100
40 118 2450
40 117 100
40 117 2450
40 116 100
40 116 2450
40 115 100
40 115 2450
40 114 100
40 114 2450
40 113 100
40 113 2450
40 112 100
40 112 2450
40 111 100
40 111 2450
40 110 100
40 110 2450
40 109 100
40 109 2450
40 108 100
40 108 2450
40 107 100
40 107 2450
40 106 100
40 106 2450
40 105 100
40 105 2450
40 104 100
40 104 2450
40 103 100
40 103 2450
40 102 100
40 102 2450
40 101 100
40 101 2450
40 100 100
40 100 2450
40 99 100
40 99 2450
40 98 100
40 98 2450
40 97 100
40 97 2450
40 96 100
40 96 2450
40 95 100
40 95 2450
40 94 100
40 94 2450
40 93 100
40 93 2450
40 92 100
40 92 2450
40 91 100
40 91 2450
40 90 100
40 90 2450
40 89 100
40 89 2450
40 88 100
40 88 2450
40 87 100
40 87 2450
40 86 100
40 86 2450
40 85 100
40 84 100
40 83 100
40 82 100
40 81 100
40 80 100
40 79 100
40 78 100
40 78 2450
40 77 100
40 77 2450
40 76 100
40 76 2450
40 75 100
40 75 2450
40 74 100
40 73 100
40 72 100
40 71 100
40 70 100
40 69 100
40 68 100
40 67 100
40 66 100
40 65 100
40 64 100
40 63 100
40 62 100
40 61 100
40 60 100
40 59 100
40 58 100
40 57 100
40 56 100
40 55 100
40 54 100
40 53 100
40 52 100
40 51 100
40 50 100
40 49 100
40 48 100
40 47 100
40 46 100
40 45 100
40 44 100
40 43 100
40 42 100
40 41 100
40 40 100
188 165 100
187 165 100
186 165 100
185 165 100
184 165 100
183 165 100
182 165 100
181 165 100
180 165 100
179 165 100
178 165 100
177 165 100
176 165 100
176 165 2450
175 165 100
175 165 2450
174 165 100
174 165 2450
173 165 100
173 165 2450
172 165 100
172 165 2450
171 165 100
171 165 2450
170 165 100
170 165 2450
169 165 100
169 165 2450
168 165 100
168 165 2450
167 165 100
167 165 2450
166 165 100
166 165 2450
165 165 100
165 165 2450
164 165 100
164 165 2450
163 165 100
163 165 2450
162 165 100
162 165 2450
161 165 100
161 165 2450
160 165 100
160 165 2450
159 165 100
159 165 2450
158 165 100
158 165 2450
157 165 100
157 165 2450
156 165 100
156 165 2450
155 165 100
155 165 2450
154 165 100
154 165 2450
153 165 100
153 165 2450
152 165 100
152 165 2450
151 165 100
151 165 2450
150 165 100
150 165 2450
149 165 100
149 165 2450
148 165 100
148 165 2450
147 165 100
147 165 2450
146 165 100
146 165 2450
145 165 100
145 165 2450
144 165 100
144 165 2450
143 165 100
143 165 2450
142 165 100
142 165 2450
141 165 100
141 165 2450
140 165 100
140 165 2450
139 165 100
139 165 2450
138 165 100
138 165 2450
137 165 100
137 165 2450
136 165 100
136 165 2450
135 165 100
135 165 2450
134 165 100
134 165 2450
133 165 100
133 165 2450
132 165 100
132 165 2450
131 165 100
131 165 2450
130 165 100
130 165 2450
129 165 100
129 165 2450
128 165 100
128 165 2450
127 165 100
127 165 2450
126 165 100
126 165 2450
125 165 100
125 165 2450
124 165 100
124 165 2450
123 165 100
123 165 2450
122 165 100
122 165 2450
121 165 100
121 165 2450
120 165 100
119 165 100
118 165 100
117 165 100
116 165 100
115 165 100
114 165 100
113 165 100
112 165 100
111 165 100
110 165 100
109 165 100
108 165 100
107 165 100
106 165 100
105 165 100
104 165 100
103 165 100
102 165 100
101 165 100
100 165 100
99 165 100
98 165 100
97 165 100
96 165 100
95 165 100
94 165 100
93 165 100
92 165 100
91 165 100
90 165 100
89 165 100
88 165 100
87 165 100
86 165 100
85 165 100
84 165 100
83 165 100
82 165 100
81 165 100
80 165 100
79 165 100
78 165 100
77 165 100
76 165 100
75 165 100
74 165 100
73 165 100
72 165 100
71 165 100
70 165 100
69 165 100
68 165 100
67 165 100
66 165 100
65 165 100
64 165 100
63 165 100
62 165 100
61 165 100
60 165 100
59 165 100
58 165 100
58 165 2450
57 165 100
57 165 2450
56 165 100
56 165 2450
55 165 100
55 165 2450
54 165 100
54 165 2450
53 165 100
53 165 2450
52 165 100
52 165 2450
51 165 100
51 165 2450
50 165 100
50 165 2450
49 165 100
49 165 2450
48 165 100
48 165 2450
47 165 100
47 165 2450
46 165 100
46 165 2450
45 165 100
45 165 2450
44 165 100
44 165 2450
43 165 100
43 165 2450
42 165 100
42 165 2450
41 165 100
41 165 2450
40 165 100
40 165 2450
40 164 100
40 164 2450
40 163 100
40 163 2450
40 162 100
40 162 2450
40 161 100
40 161 2450
40 160 100
40 160 2450
40 159 100
40 159 2450
40 158 100
40 158 2450
40 157 100
40 157 2450
40 156 100
40 156 2450
40 155 100
40 155 2450
40 154 100
40 154 2450
40 153 100
40 153 2450
40 152 100
40 152 2450
40 151 100
40 151 2450
40 150 100
40 150 2450
40 149 100
40 149 2450
40 148 100
40 148 2450
40 147 100
40 147 2450
40 146 100
40 146 2450
40 145 100
40 145 2450
40 144 100
40 144 2450
40 143 100
40 143 2450
113 92 100
113 92 2450
112 92 100
112 92 2450
111 92 100
111 92 2450
110 92 100
110 92 2450
109 92 100
109 92 2450
108 92 100
107 92 100
106 92 100
105 92 100
104 92 100
103 92 100
102 92 100
101 92 100
100 92 100
99 92 100
98 92 100
97 92 100
96 92 100
95 92 100
94 92 100
93 92 100
92 92 100
91 92 100
90 92 100
89 92 100
88 92 100
87 92 100
86 92 100
85 92 100
84 92 100
83 92 100
82 92 100
81 92 100
80 92 100
79 92 100
78 92 100
77 92 100
76 92 100
75 92 100
74 92 100
73 92 100
72 92 100
71 92 100
70 92 100
69 92 100
68 92 100
67 92 100
66 92 100
65 92 100
64 92 100
63 92 100
62 92 100
61 92 100
60 92 100
59 92 100
58 92 100
57 92 100
56 92 100
55 92 100
54 92 100
53 92 100
52 92 100
51 92 100
50 92 100
50 92 2450
49 92 100
49 92 2450
48 92 100
48 92 2450
47 92 100
47 92 2450
46 92 100
46 92 2450
45 92 100
45 92 2450
44 92 100
44 92 2450
43 92 100
43 92 2450
42 92 100
42 92 2450
41 92 100
41 92 2450
4 151 100
5 151 100
6 151 100
7 151 100
8 151 100
9 151 100
10 151 100
11 151 100
11 151 2450
12 151 100
12 151 2450
13 151 100
13 151 2450
14 151 100
14 151 2450
15 151 100
15 151 2450
16 151 100
16 151 2450
17 151 100
17 151 2450
18 151 100
18 151 2450
19 151 100
19 151 2450
20 151 100
20 151 2450
21 151 100
21 151 2450
22 151 100
22 151 2450
23 151 100
23 151 2450
24 151 100
24 151 2450
25 151 100
25 151 2450
26 151 100
26 151 2450
27 151 100
27 151 2450
28 151 100
28 151 2450
29 151 100
29 151 2450
30 151 100
30 151 2450
31 151 100
31 151 2450
32 151 100
32 151 2450
33 151 100
33 151 2450
34 151 100
34 151 2450
35 151 100
35 151 2450
36 151 100
36 151 2450
37 151 100
37 151 2450
38 151 100
38 151 2450
39 151 100
39 151 2450
76 71 100
75 71 100
74 71 100
73 71 100
72 71 100
71 71 100
70 71 100
69 71 100
68 71 100
67 71 100
66 71 100
65 71 100
64 71 100
63 71 100
62 71 100
61 71 100
60 71 100
59 71 100
58 71 100
57 71 100
56 71 100
55 71 100
54 71 100
53 71 100
52 71 100
51 71 100
50 71 100
49 71 100
48 71 100
47 71 100
46 71 100
45 71 100
44 71 100
43 71 100
42 71 100
41 71 100
75 188 100
74 188 100
73 188 100
72 188 100
71 188 100
70 188 100
69 188 100
68 188 100
67 188 100
66 188 100
65 188 100
64 188 100
63 188 100
62 188 100
61 188 100
60 188 100
59 188 100
58 188 100
57 188 100
56 188 100
55 188 100
54 188 100
53 188 100
52 188 100
51 188 100
50 188 100
49 188 100
48 188 100
47 188 100
46 188 100
46 188 2450
45 188 100
45 188 2450
44 188 100
44 188 2450
43 188 100
43 188 2450
42 188 100
42 188 2450
41 188 100
41 188 2450
40 188 100
40 188 2450
40 187 100
40 187 2450
40 186 100
40 186 2450
40 185 100
40 185 2450
40 184 100
40 184 2450
40 183 100
40 183 2450
40 182 100
40 182 2450
40 181 100
40 181 2450
40 180 100
40 180 2450
40 179 100
40 179 2450
40 178 100
40 178 2450
40 177 100
40 177 2450
40 176 100
40 176 2450
40 175 100
40 175 2450
40 174 100
40 174 2450
40 173 100
40 173 2450
40 172 100
40 172 2450
40 171 100
40 171 2450
40 170 100
40 170 2450
40 169 100
40 169 2450
40 168 100
40 168 2450
40 167 100
40 167 2450
40 166 100
40 166 2450
