88 173 100
88 173 2450
87 173 100
87 173 2450
86 173 100
86 173 2450
85 173 100
85 173 2450
84 173 100
84 173 2450
83 173 100
83 173 2450
82 173 100
82 173 2450
81 173 100
81 173 2450
80 173 100
80 173 2450
79 173 100
79 173 2450
78 173 100
78 173 2450
77 173 100
77 173 2450
76 173 100
76 173 2450
75 173 100
75 173 2450
74 173 100
74 173 2450
73 173 100
73 173 2450
72 173 100
72 173 2450
71 173 100
71 173 2450
70 173 100
70 173 2450
69 173 100
69 173 2450
68 173 100
68 173 2450
67 173 100
67 173 2450
66 173 100
66 173 2450
65 173 100
65 173 2450
64 173 100
64 173 2450
63 173 100
63 173 2450
62 173 100
62 173 2450
61 173 100
61 173 2450
60 173 100
60 173 2450
59 173 100
59 173 2450
58 173 100
57 173 100
56 173 100
55 173 100
54 173 100
53 173 100
52 173 100
51 173 100
50 173 100
49 173 100
48 173 100
47 173 100
46 173 100
45 173 100
44 173 100
43 173 100
42 173 100
41 173 100
40 173 100
39 173 100
38 173 100
37 173 100
36 173 100
35 173 100
34 173 100
33 173 100
32 173 100
31 173 100
30 173 100
29 173 100
28 173 100
27 173 100
26 173 100
25 173 100
24 173 100
24 173 2450
23 173 100
23 173 2450
22 173 100
22 173 2450
21 173 100
21 173 2450
20 173 100
20 173 2450
19 173 100
19 173 2450
18 173 100
18 173 2450
17 173 100
17 173 2450
16 173 100
16 173 2450
15 173 100
15 173 2450
14 173 100
14 173 2450
13 173 100
13 173 2450
12 173 100
12 173 2450
11 173 100
11 173 2450
10 173 100
10 173 2450
9 173 100
9 173 2450
8 173 100
8 173 2450
7 173 100
7 173 2450
6 173 100
6 173 2450
5 173 100
5 173 2450
5 172 100
5 172 2450
5 171 100
5 171 2450
5 170 100
5 170 2450
5 169 100
5 169 2450
5 168 100
5 168 2450
5 167 100
5 167 2450
5 166 100
5 166 2450
5 165 100
5 165 2450
5 164 100
5 164 2450
5 163 100
5 163 2450
5 162 100
5 162 2450
5 161 100
5 161 2450
5 160 100
5 160 2450
5 159 100
5 159 2450
5 158 100
5 158 2450
5 157 100
5 157 2450
5 156 100
5 156 2450
5 155 100
5 155 2450
5 154 100
5 154 2450
5 153 100
5 153 2450
5 152 100
5 152 2450
5 151 100
5 150 100
5 149 100
5 148 100
5 147 100
5 146 100
5 145 100
5 144 100
5 143 100
5 142 100
5 141 100
5 140 100
5 139 100
5 138 100
5 137 100
5 136 100
5 135 100
5 134 100
5 133 100
5 132 100
5 131 100
5 130 100
5 129 100
5 128 100
5 127 100
5 126 100
5 125 100
5 124 100
5 123 100
5 122 100
5 121 100
5 120 100
5 119 100
5 118 100
5 117 100
5 116 100
5 115 100
5 114 100
5 113 100
5 112 100
5 111 100
5 110 100
5 109 100
5 108 100
5 107 100
5 106 100
5 105 100
5 104 100
5 103 100
5 102 100
5 101 100
5 100 100
5 99 100
5 98 100
5 97 100
5 96 100
5 95 100
5 94 100
5 93 100
5 92 100
5 91 100
5 90 100
5 89 100
5 88 100
5 87 100
5 87 2450
5 86 100
5 86 2450
5 85 100
5 85 2450
5 84 100
5 84 2450
5 83 100
5 83 2450
5 82 100
5 82 2450
5 81 100
5 81 2450
5 80 100
5 80 2450
5 79 100
5 79 2450
5 78 100
5 78 2450
5 77 100
5 77 2450
5 76 100
5 76 2450
5 75 100
5 75 2450
5 74 100
5 74 2450
5 73 100
5 73 2450
5 72 100
5 72 2450
5 71 100
5 71 2450
5 70 100
5 70 2450
5 69 100
5 69 2450
5 68 100
5 68 2450
5 67 100
5 67 2450
5 66 100
5 66 2450
5 65 100
5 65 2450
5 64 100
5 64 2450
5 63 100
5 63 2450
5 62 100
5 62 2450
5 61 100
5 61 2450
5 60 100
5 60 2450
5 59 100
5 59 2450
5 58 100
5 58 2450
5 57 100
5 57 2450
5 56 100
5 56 2450
5 55 100
5 55 2450
5 54 100
5 54 2450
5 53 100
5 53 2450
5 52 100
5 52 2450
5 51 100
5 51 2450
5 50 100
5 50 2450
5 49 100
5 49 2450
5 48 100
5 48 2450
5 47 100
5 47 2450
5 46 100
5 46 2450
5 45 100
5 45 2450
5 44 100
5 44 2450
5 43 100
5 43 2450
5 42 100
5 42 2450
5 41 100
5 41 2450
5 40 100
5 40 2450
5 39 100
5 39 2450
5 39 1225
5 38 100
5 38 2450
5 38 1225
5 37 100
5 37 2450
5 37 1225
5 36 100
5 36 2450
5 36 1225
5 35 100
5 35 2450
5 35 1225
5 34 100
5 34 2450
5 34 1225
5 33 100
5 33 2450
5 33 1225
5 32 100
5 32 2450
5 32 1225
5 31 100
5 31 2450
5 31 1225
5 30 100
5 30 2450
5 30 1225
5 29 100
5 29 2450
5 29 1225
5 28 100
5 28 2450
5 28 1225
5 27 100
5 27 2450
5 26 100
5 26 2450
5 25 100
5 25 2450
5 24 100
5 24 2450
5 23 100
5 23 2450
5 22 100
5 22 2450
5 21 100
5 21 2450
5 20 100
5 20 2450
5 19 100
5 19 2450
5 18 100
5 18 2450
5 17 100
5 17 2450
5 16 100
5 16 2450
5 15 100
5 15 2450
5 14 100
5 14 2450
5 13 100
5 13 2450
5 12 100
5 12 2450
5 11 100
5 11 2450
5 10 100
5 10 2450
5 9 100
5 9 2450
5 8 100
5 8 2450
5 7 100
5 7 2450
5 6 100
5 6 2450
5 5 100
5 5 2450
5 4 100
5 3 100
5 2 100
34 130 100
33 130 100
32 130 100
31 130 100
30 130 100
29 130 100
28 130 100
27 130 100
26 130 100
25 130 100
24 130 100
23 130 100
22 130 100
21 130 100
20 130 100
19 130 100
18 130 100
17 130 100
16 130 100
15 130 100
14 130 100
13 130 100
12 130 100
11 130 100
10 130 100
9 130 100
8 130 100
7 130 100
6 130 100
162 117 100
162 117 2450
161 117 100
160 117 100
159 117 100
158 117 100
157 117 100
156 117 100
155 117 100
154 117 100
153 117 100
152 117 100
151 117 100
150 117 100
149 117 100
148 117 100
147 117 100
146 117 100
145 117 100
144 117 100
143 117 100
142 117 100
141 117 100
140 117 100
139 117 100
138 117 100
137 117 100
136 117 100
135 117 100
134 117 100
133 117 100
132 117 100
131 117 100
130 117 100
129 117 100
128 117 100
127 117 100
126 117 100
125 117 100
124 117 100
124 117 2450
123 117 100
123 117 2450
122 117 100
122 117 2450
121 117 100
121 117 2450
120 117 100
120 117 2450
119 117 100
119 117 2450
118 117 100
118 117 2450
117 117 100
117 117 2450
116 117 100
116 117 2450
115 117 100
115 117 2450
114 117 100
114 117 2450
113 117 100
113 117 2450
112 117 100
112 117 2450
111 117 100
111 117 2450
110 117 100
110 117 2450
109 117 100
109 117 2450
108 117 100
108 117 2450
107 117 100
107 117 2450
106 117 100
106 117 2450
105 117 100
105 117 2450
104 117 100
104 117 2450
103 117 100
103 117 2450
102 117 100
102 117 2450
102 117 1225
101 117 100
101 117 2450
101 117 1225
100 117 100
100 117 2450
100 117 1225
99 117 100
99 117 2450
99 117 1225
98 117 100
98 117 2450
98 117 1225
97 117 100
97 117 2450
97 117 1225
97 117 612
96 117 100
96 117 2450
96 117 1225
96 117 612
95 117 100
95 117 2450
95 117 1225
95 117 612
94 117 100
94 117 2450
94 117 1225
94 117 612
93 117 100
93 117 2450
93 117 1225
93 117 612
92 117 100
92 117 2450
92 117 1225
92 117 612
91 117 100
91 117 2450
91 117 1225
90 117 100
90 117 2450
90 117 1225
89 117 100
89 117 2450
89 117 1225
88 117 100
88 117 2450
88 117 1225
87 117 100
87 117 2450
87 117 1225
86 117 100
86 117 2450
85 117 100
85 117 2450
84 117 100
84 117 2450
83 117 100
83 117 2450
82 117 100
82 117 2450
81 117 100
81 117 2450
80 117 100
80 117 2450
79 117 100
79 117 2450
78 117 100
78 117 2450
77 117 100
77 117 2450
76 117 100
76 117 2450
75 117 100
75 117 2450
74 117 100
74 117 2450
73 117 100
73 117 2450
72 117 100
72 117 2450
71 117 100
71 117 2450
70 117 100
70 117 2450
69 117 100
69 117 2450
68 117 100
68 117 2450
67 117 100
67 117 2450
66 117 100
66 117 2450
65 117 100
65 117 2450
64 117 100
64 117 2450
63 117 100
63 117 2450
62 117 100
62 117 2450
61 117 100
61 117 2450
60 117 100
60 117 2450
59 117 100
59 117 2450
58 117 100
58 117 2450
57 117 100
57 117 2450
56 117 100
56 117 2450
55 117 100
55 117 2450
54 117 100
54 117 2450
53 117 100
53 117 2450
52 117 100
51 117 100
50 117 100
49 117 100
48 117 100
47 117 100
46 117 100
45 117 100
44 117 100
43 117 100
42 117 100
41 117 100
40 117 100
39 117 100
38 117 100
37 117 100
36 117 100
35 117 100
34 117 100
33 117 100
32 117 100
31 117 100
30 117 100
29 117 100
28 117 100
27 117 100
26 117 100
25 117 100
24 117 100
23 117 100
22 117 100
21 117 100
20 117 100
19 117 100
18 117 100
17 117 100
16 117 100
15 117 100
14 117 100
13 117 100
12 117 100
11 117 100
10 117 100
9 117 100
8 117 100
7 117 100
6 117 100
137 129 100
136 129 100
135 129 100
134 129 100
133 129 100
132 129 100
131 129 100
130 129 100
129 129 100
128 129 100
127 129 100
126 129 100
126 129 2450
125 129 100
125 129 2450
124 129 100
124 129 2450
123 129 100
123 129 2450
122 129 100
122 129 2450
121 129 100
121 129 2450
120 129 100
120 129 2450
119 129 100
119 129 2450
118 129 100
118 129 2450
117 129 100
117 129 2450
116 129 100
116 129 2450
115 129 100
115 129 2450
114 129 100
114 129 2450
113 129 100
113 129 2450
112 129 100
112 129 2450
111 129 100
111 129 2450
110 129 100
110 129 2450
109 129 100
109 129 2450
108 129 100
108 129 2450
107 129 100
107 129 2450
106 129 100
106 129 2450
105 129 100
105 129 2450
104 129 100
104 129 2450
103 129 100
103 129 2450
102 129 100
102 129 2450
101 129 100
101 129 2450
100 129 100
100 129 2450
99 129 100
99 129 2450
98 129 100
98 129 2450
97 129 100
97 129 2450
96 129 100
96 129 2450
96 129 1225
95 129 100
95 129 2450
95 129 1225
94 129 100
94 129 2450
94 129 1225
93 129 100
93 129 2450
93 129 1225
92 129 100
92 129 2450
92 129 1225
91 129 100
91 129 2450
91 129 1225
90 129 100
90 129 2450
90 129 1225
89 129 100
89 129 2450
89 129 1225
88 129 100
88 129 2450
88 129 1225
87 129 100
87 129 2450
87 129 1225
86 129 100
86 129 2450
86 129 1225
85 129 100
85 129 2450
85 129 1225
84 129 100
84 129 2450
84 129 1225
83 129 100
83 129 2450
83 129 1225
82 129 100
82 129 2450
82 129 1225
81 129 100
81 129 2450
81 129 1225
80 129 100
80 129 2450
80 129 1225
79 129 100
79 129 2450
79 129 1225
78 129 100
78 129 2450
78 129 1225
77 129 100
77 129 2450
77 129 1225
76 129 100
76 129 2450
76 129 1225
75 129 100
75 129 2450
75 129 1225
74 129 100
74 129 2450
74 129 1225
73 129 100
73 129 2450
73 129 1225
72 129 100
72 129 2450
72 129 1225
71 129 100
71 129 2450
71 129 1225
70 129 100
70 129 2450
70 129 1225
69 129 100
69 129 2450
69 129 1225
68 129 100
68 129 2450
68 129 1225
67 129 100
67 129 2450
67 129 1225
66 129 100
66 129 2450
65 129 100
65 129 2450
64 129 100
64 129 2450
63 129 100
63 129 2450
62 129 100
62 129 2450
61 129 100
61 129 2450
60 129 100
60 129 2450
59 129 100
59 129 2450
58 129 100
58 129 2450
57 129 100
57 129 2450
56 129 100
56 129 2450
55 129 100
55 129 2450
54 129 100
54 129 2450
53 129 100
53 129 2450
52 129 100
52 129 2450
51 129 100
50 129 100
49 129 100
48 129 100
47 129 100
46 129 100
45 129 100
44 129 100
43 129 100
42 129 100
41 129 100
40 129 100
39 129 100
38 129 100
37 129 100
36 129 100
35 129 100
34 129 100
33 129 100
32 129 100
31 129 100
30 129 100
29 129 100
28 129 100
27 129 100
26 129 100
25 129 100
24 129 100
23 129 100
22 129 100
21 129 100
20 129 100
19 129 100
18 129 100
17 129 100
16 129 100
15 129 100
14 129 100
13 129 100
12 129 100
11 129 100
10 129 100
9 129 100
8 129 100
7 129 100
6 129 100
189 184 100
189 184 2450
188 184 100
188 184 2450
187 184 100
186 184 100
185 184 100
184 184 100
183 184 100
182 184 100
181 184 100
180 184 100
179 184 100
178 184 100
177 184 100
176 184 100
175 184 100
174 184 100
173 184 100
172 184 100
171 184 100
170 184 100
169 184 100
168 184 100
167 184 100
166 184 100
165 184 100
164 184 100
164 184 2450
163 184 100
163 184 2450
162 184 100
162 184 2450
161 184 100
161 184 2450
160 184 100
160 184 2450
159 184 100
159 184 2450
158 184 100
158 184 2450
157 184 100
157 184 2450
156 184 100
156 184 2450
155 184 100
155 184 2450
154 184 100
154 184 2450
153 184 100
153 184 2450
152 184 100
152 184 2450
151 184 100
151 184 2450
150 184 100
150 184 2450
149 184 100
149 184 2450
148 184 100
148 184 2450
147 184 100
147 184 2450
146 184 100
146 184 2450
145 184 100
145 184 2450
144 184 100
144 184 2450
143 184 100
143 184 2450
142 184 100
142 184 2450
141 184 100
141 184 2450
140 184 100
140 184 2450
139 184 100
139 184 2450
138 184 100
138 184 2450
137 184 100
137 184 2450
136 184 100
136 184 2450
135 184 100
135 184 2450
134 184 100
134 184 2450
133 184 100
133 184 2450
132 184 100
132 184 2450
131 184 100
131 184 2450
130 184 100
130 184 2450
129 184 100
129 184 2450
128 184 100
128 184 2450
127 184 100
127 184 2450
126 184 100
126 184 2450
125 184 100
125 184 2450
124 184 100
124 184 2450
123 184 100
123 184 2450
122 184 100
122 184 2450
121 184 100
121 184 2450
120 184 100
120 184 2450
119 184 100
118 184 100
117 184 100
116 184 100
115 184 100
114 184 100
113 184 100
112 184 100
111 184 100
110 184 100
110 184 2450
109 184 100
109 184 2450
108 184 100
108 184 2450
107 184 100
107 184 2450
106 184 100
106 184 2450
105 184 100
105 184 2450
104 184 100
103 184 100
102 184 100
101 184 100
100 184 100
99 184 100
98 184 100
97 184 100
96 184 100
95 184 100
94 184 100
93 184 100
92 184 100
91 184 100
91 184 2450
90 184 100
90 184 2450
89 184 100
89 184 2450
88 184 100
88 184 2450
87 184 100
87 184 2450
86 184 100
86 184 2450
85 184 100
85 184 2450
84 184 100
84 184 2450
83 184 100
83 184 2450
82 184 100
82 184 2450
81 184 100
81 184 2450
80 184 100
80 184 2450
79 184 100
79 184 2450
78 184 100
78 184 2450
77 184 100
77 184 2450
76 184 100
76 184 2450
75 184 100
75 184 2450
74 184 100
74 184 2450
73 184 100
73 184 2450
72 184 100
72 184 2450
71 184 100
71 184 2450
70 184 100
70 184 2450
69 184 100
69 184 2450
68 184 100
68 184 2450
67 184 100
67 184 2450
66 184 100
66 184 2450
65 184 100
65 184 2450
64 184 100
64 184 2450
63 184 100
63 184 2450
62 184 100
62 184 2450
61 184 100
61 184 2450
60 184 100
60 184 2450
59 184 100
59 184 2450
58 184 100
58 184 2450
57 184 100
57 184 2450
56 184 100
56 184 2450
55 184 100
55 184 2450
54 184 100
54 184 2450
53 184 100
53 184 2450
52 184 100
52 184 2450
51 184 100
50 184 100
49 184 100
48 184 100
47 184 100
46 184 100
45 184 100
44 184 100
43 184 100
42 184 100
41 184 100
40 184 100
39 184 100
38 184 100
37 184 100
36 184 100
36 184 2450
35 184 100
35 184 2450
34 184 100
33 184 100
32 184 100
31 184 100
30 184 100
29 184 100
28 184 100
27 184 100
26 184 100
25 184 100
24 184 100
23 184 100
22 184 100
21 184 100
21 184 2450
20 184 100
20 184 2450
19 184 100
19 184 2450
18 184 100
18 184 2450
17 184 100
17 184 2450
16 184 100
16 184 2450
15 184 100
15 184 2450
14 184 100
14 184 2450
13 184 100
13 184 2450
12 184 100
12 184 2450
11 184 100
11 184 2450
10 184 100
10 184 2450
9 184 100
9 184 2450
8 184 100
8 184 2450
7 184 100
7 184 2450
6 184 100
6 184 2450
5 184 100
5 184 2450
5 183 100
5 183 2450
5 182 100
5 182 2450
5 181 100
5 181 2450
5 180 100
5 180 2450
5 179 100
5 179 2450
5 178 100
5 178 2450
5 177 100
5 177 2450
5 176 100
5 176 2450
5 175 100
5 175 2450
5 174 100
5 174 2450
190 16 100
189 16 100
188 16 100
187 16 100
186 16 100
185 16 100
184 16 100
183 16 100
182 16 100
181 16 100
180 16 100
179 16 100
178 16 100
177 16 100
176 16 100
175 16 100
174 16 100
173 16 100
172 16 100
171 16 100
170 16 100
169 16 100
168 16 100
167 16 100
166 16 100
165 16 100
164 16 100
163 16 100
162 16 100
161 16 100
160 16 100
159 16 100
158 16 100
158 16 2450
157 16 100
157 16 2450
156 16 100
156 16 2450
155 16 100
155 16 2450
154 16 100
154 16 2450
153 16 100
153 16 2450
152 16 100
152 16 2450
151 16 100
151 16 2450
150 16 100
150 16 2450
149 16 100
149 16 2450
148 16 100
148 16 2450
147 16 100
147 16 2450
146 16 100
146 16 2450
145 16 100
145 16 2450
144 16 100
144 16 2450
143 16 100
143 16 2450
142 16 100
142 16 2450
141 16 100
141 16 2450
140 16 100
140 16 2450
139 16 100
139 16 2450
139 16 1225
138 16 100
138 16 2450
138 16 1225
137 16 100
137 16 2450
137 16 1225
136 16 100
136 16 2450
136 16 1225
135 16 100
135 16 2450
135 16 1225
134 16 100
134 16 2450
134 16 1225
133 16 100
133 16 2450
133 16 1225
132 16 100
132 16 2450
132 16 1225
131 16 100
131 16 2450
131 16 1225
130 16 100
130 16 2450
130 16 1225
129 16 100
129 16 2450
129 16 1225
128 16 100
128 16 2450
128 16 1225
127 16 100
127 16 2450
127 16 1225
126 16 100
126 16 2450
126 16 1225
125 16 100
125 16 2450
125 16 1225
124 16 100
124 16 2450
124 16 1225
123 16 100
123 16 2450
123 16 1225
123 16 612
122 16 100
122 16 2450
122 16 1225
122 16 612
121 16 100
121 16 2450
121 16 1225
121 16 612
120 16 100
120 16 2450
120 16 1225
120 16 612
119 16 100
119 16 2450
119 16 1225
119 16 612
118 16 100
118 16 2450
118 16 1225
118 16 612
117 16 100
117 16 2450
117 16 1225
116 16 100
116 16 2450
116 16 1225
115 16 100
115 16 2450
115 16 1225
114 16 100
114 16 2450
114 16 1225
113 16 100
113 16 2450
112 16 100
112 16 2450
111 16 100
111 16 2450
110 16 100
110 16 2450
109 16 100
109 16 2450
108 16 100
108 16 2450
107 16 100
107 16 2450
106 16 100
106 16 2450
105 16 100
105 16 2450
104 16 100
104 16 2450
103 16 100
103 16 2450
102 16 100
102 16 2450
101 16 100
101 16 2450
100 16 100
100 16 2450
99 16 100
99 16 2450
98 16 100
98 16 2450
97 16 100
97 16 2450
96 16 100
96 16 2450
95 16 100
95 16 2450
94 16 100
94 16 2450
93 16 100
93 16 2450
92 16 100
92 16 2450
91 16 100
91 16 2450
90 16 100
90 16 2450
89 16 100
89 16 2450
88 16 100
88 16 2450
87 16 100
87 16 2450
86 16 100
86 16 2450
85 16 100
85 16 2450
84 16 100
84 16 2450
83 16 100
83 16 2450
82 16 100
81 16 100
80 16 100
79 16 100
78 16 100
77 16 100
76 16 100
75 16 100
74 16 100
73 16 100
72 16 100
71 16 100
70 16 100
69 16 100
68 16 100
67 16 100
66 16 100
65 16 100
64 16 100
63 16 100
62 16 100
61 16 100
60 16 100
59 16 100
58 16 100
57 16 100
56 16 100
55 16 100
55 16 2450
54 16 100
54 16 2450
53 16 100
53 16 2450
52 16 100
52 16 2450
51 16 100
51 16 2450
50 16 100
50 16 2450
49 16 100
49 16 2450
48 16 100
48 16 2450
47 16 100
47 16 2450
46 16 100
46 16 2450
45 16 100
45 16 2450
44 16 100
44 16 2450
43 16 100
43 16 2450
42 16 100
42 16 2450
41 16 100
41 16 2450
40 16 100
40 16 2450
39 16 100
39 16 2450
38 16 100
38 16 2450
37 16 100
37 16 2450
36 16 100
36 16 2450
35 16 100
35 16 2450
34 16 100
34 16 2450
33 16 100
33 16 2450
32 16 100
32 16 2450
31 16 100
31 16 2450
30 16 100
30 16 2450
29 16 100
29 16 2450
28 16 100
28 16 2450
27 16 100
27 16 2450
26 16 100
26 16 2450
25 16 100
25 16 2450
24 16 100
24 16 2450
23 16 100
23 16 2450
22 16 100
22 16 2450
21 16 100
21 16 2450
20 16 100
20 16 2450
19 16 100
19 16 2450
18 16 100
18 16 2450
17 16 100
17 16 2450
16 16 100
16 16 2450
15 16 100
15 16 2450
14 16 100
14 16 2450
13 16 100
13 16 2450
12 16 100
12 16 2450
11 16 100
11 16 2450
10 16 100
10 16 2450
9 16 100
9 16 2450
8 16 100
8 16 2450
7 16 100
7 16 2450
6 16 100
6 16 2450
24 90 100
23 90 100
22 90 100
21 90 100
20 90 100
19 90 100
18 90 100
17 90 100
16 90 100
15 90 100
14 90 100
13 90 100
12 90 100
11 90 100
10 90 100
9 90 100
8 90 100
7 90 100
6 90 100
90 39 100
89 39 100
88 39 100
87 39 100
86 39 100
85 39 100
84 39 100
83 39 100
82 39 100
81 39 100
80 39 100
79 39 100
78 39 100
77 39 100
76 39 100
75 39 100
74 39 100
73 39 100
72 39 100
71 39 100
70 39 100
69 39 100
68 39 100
67 39 100
66 39 100
65 39 100
64 39 100
63 39 100
62 39 100
61 39 100
60 39 100
59 39 100
58 39 100
57 39 100
56 39 100
55 39 100
54 39 100
53 39 100
53 39 2450
52 39 100
52 39 2450
51 39 100
51 39 2450
50 39 100
50 39 2450
49 39 100
49 39 2450
48 39 100
48 39 2450
47 39 100
47 39 2450
46 39 100
46 39 2450
45 39 100
45 39 2450
44 39 100
44 39 2450
43 39 100
43 39 2450
42 39 100
42 39 2450
41 39 100
41 39 2450
40 39 100
40 39 2450
39 39 100
39 39 2450
38 39 100
38 39 2450
37 39 100
37 39 2450
36 39 100
36 39 2450
35 39 100
35 39 2450
34 39 100
34 39 2450
33 39 100
33 39 2450
32 39 100
32 39 2450
31 39 100
31 39 2450
30 39 100
30 39 2450
29 39 100
29 39 2450
29 39 1225
28 39 100
28 39 2450
28 39 1225
27 39 100
27 39 2450
27 39 1225
26 39 100
26 39 2450
26 39 1225
26 39 612
25 39 100
25 39 2450
25 39 1225
25 39 612
24 39 100
24 39 2450
24 39 1225
24 39 612
23 39 100
23 39 2450
23 39 1225
23 39 612
22 39 100
22 39 2450
22 39 1225
22 39 612
21 39 100
21 39 2450
21 39 1225
21 39 612
20 39 100
20 39 2450
20 39 1225
20 39 612
19 39 100
19 39 2450
19 39 1225
18 39 100
18 39 2450
18 39 1225
17 39 100
17 39 2450
17 39 1225
16 39 100
16 39 2450
16 39 1225
15 39 100
15 39 2450
15 39 1225
14 39 100
14 39 2450
14 39 1225
13 39 100
13 39 2450
12 39 100
12 39 2450
11 39 100
11 39 2450
10 39 100
10 39 2450
9 39 100
9 39 2450
8 39 100
8 39 2450
7 39 100
7 39 2450
6 39 100
6 39 2450
6 39 1225
51 176 100
51 176 2450
50 176 100
49 176 100
48 176 100
47 176 100
46 176 100
45 176 100
44 176 100
43 176 100
42 176 100
41 176 100
40 176 100
39 176 100
38 176 100
37 176 100
36 176 100
35 176 100
35 176 2450
34 176 100
34 176 2450
33 176 100
33 176 2450
32 176 100
32 176 2450
31 176 100
31 176 2450
30 176 100
30 176 2450
29 176 100
29 176 2450
28 176 100
28 176 2450
27 176 100
27 176 2450
26 176 100
26 176 2450
25 176 100
25 176 2450
24 176 100
24 176 2450
23 176 100
23 176 2450
22 176 100
22 176 2450
21 176 100
21 176 2450
20 176 100
20 176 2450
19 176 100
19 176 2450
18 176 100
18 176 2450
17 176 100
17 176 2450
16 176 100
16 176 2450
15 176 100
15 176 2450
14 176 100
14 176 2450
13 176 100
13 176 2450
12 176 100
12 176 2450
11 176 100
11 176 2450
10 176 100
10 176 2450
9 176 100
9 176 2450
8 176 100
8 176 2450
7 176 100
7 176 2450
6 176 100
6 176 2450
108 67 100
107 67 100
106 67 100
105 67 100
104 67 100
103 67 100
102 67 100
101 67 100
100 67 100
99 67 100
98 67 100
97 67 100
96 67 100
95 67 100
94 67 100
93 67 100
92 67 100
91 67 100
90 67 100
89 67 100
88 67 100
87 67 100
86 67 100
85 67 100
84 67 100
83 67 100
82 67 100
81 67 100
80 67 100
79 67 100
78 67 100
77 67 100
76 67 100
75 67 100
74 67 100
73 67 100
72 67 100
71 67 100
70 67 100
69 67 100
68 67 100
67 67 100
66 67 100
66 67 2450
65 67 100
65 67 2450
64 67 100
64 67 2450
63 67 100
63 67 2450
62 67 100
62 67 2450
61 67 100
61 67 2450
60 67 100
60 67 2450
59 67 100
59 67 2450
58 67 100
58 67 2450
57 67 100
57 67 2450
56 67 100
56 67 2450
55 67 100
55 67 2450
54 67 100
54 67 2450
53 67 100
53 67 2450
52 67 100
52 67 2450
51 67 100
51 67 2450
50 67 100
50 67 2450
49 67 100
49 67 2450
48 67 100
48 67 2450
47 67 100
47 67 2450
46 67 100
46 67 2450
45 67 100
45 67 2450
44 67 100
44 67 2450
43 67 100
43 67 2450
42 67 100
42 67 2450
41 67 100
41 67 2450
41 67 1225
40 67 100
40 67 2450
40 67 1225
39 67 100
39 67 2450
39 67 1225
38 67 100
38 67 2450
38 67 1225
37 67 100
37 67 2450
37 67 1225
36 67 100
36 67 2450
36 67 1225
35 67 100
35 67 2450
35 67 1225
34 67 100
34 67 2450
34 67 1225
33 67 100
33 67 2450
33 67 1225
32 67 100
32 67 2450
32 67 1225
31 67 100
31 67 2450
31 67 1225
30 67 100
30 67 2450
30 67 1225
29 67 100
29 67 2450
29 67 1225
28 67 100
28 67 2450
28 67 1225
27 67 100
27 67 2450
27 67 1225
26 67 100
26 67 2450
26 67 1225
25 67 100
25 67 2450
25 67 1225
24 67 100
24 67 2450
24 67 1225
23 67 100
23 67 2450
22 67 100
22 67 2450
21 67 100
21 67 2450
20 67 100
20 67 2450
19 67 100
19 67 2450
18 67 100
18 67 2450
17 67 100
17 67 2450
16 67 100
16 67 2450
15 67 100
15 67 2450
14 67 100
14 67 2450
13 67 100
13 67 2450
12 67 100
12 67 2450
11 67 100
11 67 2450
10 67 100
10 67 2450
9 67 100
9 67 2450
8 67 100
8 67 2450
7 67 100
7 67 2450
6 67 100
6 67 2450
