199 152 100
198 152 100
197 152 100
196 152 100
195 152 100
194 152 100
193 152 100
192 152 100
191 152 100
190 152 100
189 152 100
188 152 100
187 152 100
186 152 100
185 152 100
184 152 100
183 152 100
182 152 100
181 152 100
180 152 100
179 152 100
178 152 100
177 152 100
176 152 100
175 152 100
174 152 100
173 152 100
172 152 100
171 152 100
170 152 100
169 152 100
168 152 100
167 152 100
166 152 100
166 151 100
166 150 100
166 149 100
166 148 100
166 147 100
166 146 100
166 145 100
166 144 100
166 143 100
166 142 100
166 141 100
166 140 100
166 139 100
166 138 100
166 137 100
166 136 100
166 135 100
166 134 100
166 133 100
166 132 100
166 131 100
166 130 100
166 129 100
166 128 100
166 127 100
166 126 100
166 125 100
166 124 100
166 123 100
166 122 100
166 121 100
166 120 100
166 119 100
166 119 2450
166 118 100
166 118 2450
166 117 100
166 117 2450
166 116 100
166 116 2450
166 115 100
166 115 2450
166 114 100
166 114 2450
166 113 100
166 113 2450
166 112 100
166 112 2450
166 111 100
166 111 2450
166 110 100
166 110 2450
166 109 100
166 109 2450
166 108 100
166 108 2450
166 107 100
166 107 2450
166 106 100
166 106 2450
166 105 100
166 105 2450
166 104 100
166 104 2450
166 103 100
166 103 2450
166 102 100
166 102 2450
166 102 1225
166 101 100
166 101 2450
166 101 1225
166 100 100
166 100 2450
166 100 1225
166 99 100
166 99 2450
166 99 1225
166 98 100
166 98 2450
166 98 1225
166 97 100
166 97 2450
166 97 1225
166 96 100
166 96 2450
166 96 1225
166 95 100
166 95 2450
166 95 1225
166 94 100
166 94 2450
166 94 1225
166 93 100
166 93 2450
166 93 1225
166 92 100
166 92 2450
166 92 1225
166 91 100
166 91 2450
166 91 1225
166 90 100
166 90 2450
166 90 1225
166 89 100
166 89 2450
166 89 1225
166 88 100
166 88 2450
166 88 1225
166 87 100
166 87 2450
166 87 1225
166 86 100
166 86 2450
166 85 100
166 85 2450
166 84 100
166 84 2450
166 83 100
166 83 2450
166 82 100
166 82 2450
166 81 100
166 81 2450
166 80 100
166 80 2450
166 79 100
166 79 2450
166 78 100
166 78 2450
166 77 100
166 77 2450
166 76 100
166 76 2450
166 75 100
166 75 2450
166 74 100
166 74 2450
166 73 100
166 73 2450
166 72 100
166 72 2450
166 71 100
166 71 2450
166 70 100
166 70 2450
166 69 100
166 69 2450
166 68 100
166 68 2450
166 67 100
166 67 2450
166 66 100
166 66 2450
166 65 100
166 65 2450
166 64 100
166 64 2450
166 63 100
166 63 2450
166 62 100
166 62 2450
166 61 100
166 61 2450
166 60 100
166 60 2450
166 59 100
166 59 2450
166 58 100
166 58 2450
166 57 100
166 57 2450
166 56 100
166 56 2450
166 55 100
166 55 2450
166 54 100
166 54 2450
166 53 100
166 53 2450
166 52 100
166 52 2450
101 37 100
102 37 100
103 37 100
104 37 100
105 37 100
106 37 100
107 37 100
108 37 100
109 37 100
110 37 100
110 37 2450
111 37 100
111 37 2450
112 37 100
112 37 2450
113 37 100
113 37 2450
114 37 100
114 37 2450
115 37 100
115 37 2450
116 37 100
116 37 2450
117 37 100
117 37 2450
118 37 100
118 37 2450
119 37 100
119 37 2450
120 37 100
121 37 100
122 37 100
123 37 100
124 37 100
125 37 100
126 37 100
127 37 100
128 37 100
128 37 2450
129 37 100
129 37 2450
130 37 100
130 37 2450
131 37 100
131 37 2450
132 37 100
132 37 2450
133 37 100
133 37 2450
134 37 100
135 37 100
136 37 100
137 37 100
138 37 100
139 37 100
140 37 100
141 37 100
142 37 100
143 37 100
144 37 100
145 37 100
146 37 100
147 37 100
148 37 100
149 37 100
149 37 2450
150 37 100
150 37 2450
151 37 100
151 37 2450
152 37 100
152 37 2450
153 37 100
153 37 2450
154 37 100
154 37 2450
155 37 100
155 37 2450
156 37 100
156 37 2450
157 37 100
157 37 2450
158 37 100
158 37 2450
159 37 100
159 37 2450
160 37 100
160 37 2450
161 37 100
161 37 2450
162 37 100
162 37 2450
163 37 100
163 37 2450
164 37 100
164 37 2450
165 37 100
165 37 2450
166 37 100
166 37 2450
166 38 100
166 38 2450
166 39 100
166 39 2450
166 40 100
166 40 2450
166 41 100
166 41 2450
166 42 100
166 42 2450
166 43 100
166 43 2450
166 44 100
166 44 2450
166 45 100
166 45 2450
166 46 100
166 46 2450
166 47 100
166 47 2450
166 48 100
166 48 2450
166 49 100
166 49 2450
166 50 100
166 50 2450
166 51 100
166 51 2450
86 79 100
87 79 100
88 79 100
89 79 100
90 79 100
91 79 100
92 79 100
93 79 100
94 79 100
95 79 100
96 79 100
97 79 100
98 79 100
99 79 100
100 79 100
101 79 100
102 79 100
103 79 100
104 79 100
105 79 100
106 79 100
107 79 100
108 79 100
109 79 100
110 79 100
111 79 100
112 79 100
113 79 100
114 79 100
115 79 100
116 79 100
117 79 100
118 79 100
119 79 100
120 79 100
121 79 100
122 79 100
123 79 100
124 79 100
125 79 100
126 79 100
127 79 100
128 79 100
128 79 2450
129 79 100
129 79 2450
130 79 100
130 79 2450
131 79 100
131 79 2450
132 79 100
132 79 2450
133 79 100
134 79 100
135 79 100
136 79 100
137 79 100
138 79 100
139 79 100
139 79 2450
140 79 100
140 79 2450
141 79 100
141 79 2450
142 79 100
142 79 2450
143 79 100
143 79 2450
144 79 100
144 79 2450
145 79 100
145 79 2450
146 79 100
146 79 2450
147 79 100
147 79 2450
148 79 100
148 79 2450
149 79 100
149 79 2450
150 79 100
150 79 2450
151 79 100
151 79 2450
152 79 100
152 79 2450
153 79 100
153 79 2450
154 79 100
154 79 2450
155 79 100
155 79 2450
156 79 100
156 79 2450
157 79 100
157 79 2450
158 79 100
158 79 2450
159 79 100
159 79 2450
160 79 100
160 79 2450
161 79 100
161 79 2450
162 79 100
162 79 2450
163 79 100
163 79 2450
164 79 100
164 79 2450
165 79 100
165 79 2450
28 164 100
29 164 100
29 164 2450
30 164 100
30 164 2450
31 164 100
31 164 2450
32 164 100
32 164 2450
33 164 100
33 164 2450
34 164 100
34 164 2450
35 164 100
35 164 2450
36 164 100
36 164 2450
37 164 100
37 164 2450
38 164 100
38 164 2450
39 164 100
40 164 100
41 164 100
42 164 100
43 164 100
44 164 100
44 164 2450
45 164 100
45 164 2450
46 164 100
46 164 2450
47 164 100
47 164 2450
48 164 100
48 164 2450
49 164 100
49 164 2450
50 164 100
50 164 2450
51 164 100
51 164 2450
52 164 100
52 164 2450
53 164 100
53 164 2450
54 164 100
54 164 2450
55 164 100
55 164 2450
56 164 100
56 164 2450
57 164 100
57 164 2450
58 164 100
58 164 2450
59 164 100
59 164 2450
60 164 100
60 164 2450
61 164 100
61 164 2450
62 164 100
62 164 2450
63 164 100
63 164 2450
64 164 100
64 164 2450
65 164 100
65 164 2450
66 164 100
66 164 2450
67 164 100
67 164 2450
68 164 100
68 164 2450
69 164 100
69 164 2450
70 164 100
70 164 2450
71 164 100
71 164 2450
72 164 100
72 164 2450
72 164 1225
73 164 100
73 164 2450
73 164 1225
74 164 100
74 164 2450
74 164 1225
75 164 100
75 164 2450
75 164 1225
76 164 100
76 164 2450
76 164 1225
77 164 100
77 164 2450
77 164 1225
78 164 100
78 164 2450
78 164 1225
79 164 100
79 164 2450
79 164 1225
80 164 100
80 164 2450
81 164 100
81 164 2450
82 164 100
82 164 2450
83 164 100
83 164 2450
84 164 100
84 164 2450
85 164 100
85 164 2450
86 164 100
86 164 2450
87 164 100
87 164 2450
87 164 1225
88 164 100
88 164 2450
88 164 1225
89 164 100
89 164 2450
90 164 100
90 164 2450
91 164 100
91 164 2450
92 164 100
92 164 2450
93 164 100
93 164 2450
94 164 100
94 164 2450
95 164 100
95 164 2450
96 164 100
96 164 2450
97 164 100
97 164 2450
98 164 100
98 164 2450
99 164 100
99 164 2450
100 164 100
100 164 2450
101 164 100
101 164 2450
102 164 100
102 164 2450
103 164 100
103 164 2450
104 164 100
104 164 2450
105 164 100
105 164 2450
106 164 100
106 164 2450
107 164 100
107 164 2450
108 164 100
108 164 2450
109 164 100
109 164 2450
110 164 100
110 164 2450
111 164 100
111 164 2450
112 164 100
112 164 2450
113 164 100
113 164 2450
114 164 100
114 164 2450
115 164 100
115 164 2450
116 164 100
116 164 2450
117 164 100
118 164 100
119 164 100
120 164 100
121 164 100
122 164 100
123 164 100
124 164 100
125 164 100
125 164 2450
126 164 100
126 164 2450
127 164 100
127 164 2450
128 164 100
128 164 2450
129 164 100
129 164 2450
130 164 100
131 164 100
132 164 100
133 164 100
134 164 100
135 164 100
136 164 100
137 164 100
138 164 100
139 164 100
140 164 100
141 164 100
142 164 100
143 164 100
144 164 100
145 164 100
146 164 100
147 164 100
148 164 100
149 164 100
150 164 100
151 164 100
152 164 100
153 164 100
154 164 100
155 164 100
156 164 100
157 164 100
158 164 100
159 164 100
160 164 100
161 164 100
162 164 100
163 164 100
164 164 100
165 164 100
166 164 100
166 163 100
166 162 100
166 161 100
166 160 100
166 159 100
166 158 100
166 157 100
166 156 100
166 155 100
166 154 100
166 153 100
160 181 100
161 181 100
162 181 100
163 181 100
164 181 100
165 181 100
166 181 100
166 180 100
166 179 100
166 178 100
166 177 100
166 176 100
166 175 100
166 174 100
166 173 100
166 172 100
166 171 100
166 170 100
166 169 100
166 168 100
166 167 100
166 166 100
166 165 100
29 85 100
30 85 100
31 85 100
32 85 100
33 85 100
34 85 100
34 85 2450
35 85 100
35 85 2450
36 85 100
36 85 2450
37 85 100
37 85 2450
38 85 100
38 85 2450
39 85 100
39 85 2450
40 85 100
40 85 2450
41 85 100
41 85 2450
42 85 100
42 85 2450
43 85 100
43 85 2450
44 85 100
44 85 2450
45 85 100
45 85 2450
46 85 100
46 85 2450
47 85 100
47 85 2450
48 85 100
48 85 2450
49 85 100
49 85 2450
50 85 100
50 85 2450
51 85 100
51 85 2450
52 85 100
52 85 2450
53 85 100
53 85 2450
54 85 100
54 85 2450
55 85 100
55 85 2450
56 85 100
56 85 2450
57 85 100
57 85 2450
58 85 100
58 85 2450
59 85 100
59 85 2450
60 85 100
60 85 2450
61 85 100
61 85 2450
62 85 100
62 85 2450
63 85 100
63 85 2450
64 85 100
64 85 2450
65 85 100
65 85 2450
66 85 100
66 85 2450
67 85 100
67 85 2450
68 85 100
68 85 2450
69 85 100
69 85 2450
70 85 100
70 85 2450
71 85 100
71 85 2450
72 85 100
72 85 2450
73 85 100
73 85 2450
74 85 100
74 85 2450
75 85 100
75 85 2450
76 85 100
76 85 2450
77 85 100
77 85 2450
78 85 100
78 85 2450
79 85 100
79 85 2450
80 85 100
80 85 2450
81 85 100
81 85 2450
82 85 100
82 85 2450
83 85 100
83 85 2450
84 85 100
84 85 2450
85 85 100
85 85 2450
86 85 100
86 85 2450
87 85 100
87 85 2450
88 85 100
88 85 2450
89 85 100
89 85 2450
90 85 100
90 85 2450
91 85 100
91 85 2450
92 85 100
92 85 2450
93 85 100
93 85 2450
94 85 100
94 85 2450
95 85 100
95 85 2450
96 85 100
97 85 100
98 85 100
99 85 100
100 85 100
101 85 100
102 85 100
103 85 100
104 85 100
105 85 100
106 85 100
107 85 100
108 85 100
109 85 100
110 85 100
111 85 100
112 85 100
113 85 100
114 85 100
115 85 100
116 85 100
117 85 100
118 85 100
119 85 100
120 85 100
121 85 100
122 85 100
122 85 2450
123 85 100
123 85 2450
124 85 100
124 85 2450
125 85 100
125 85 2450
126 85 100
126 85 2450
127 85 100
127 85 2450
128 85 100
128 85 2450
129 85 100
129 85 2450
130 85 100
130 85 2450
131 85 100
131 85 2450
132 85 100
132 85 2450
133 85 100
133 85 2450
134 85 100
134 85 2450
135 85 100
135 85 2450
136 85 100
136 85 2450
137 85 100
137 85 2450
138 85 100
138 85 2450
139 85 100
139 85 2450
140 85 100
140 85 2450
141 85 100
141 85 2450
142 85 100
142 85 2450
143 85 100
143 85 2450
144 85 100
144 85 2450
145 85 100
145 85 2450
146 85 100
146 85 2450
147 85 100
147 85 2450
148 85 100
148 85 2450
149 85 100
149 85 2450
150 85 100
150 85 2450
151 85 100
151 85 2450
152 85 100
152 85 2450
153 85 100
153 85 2450
153 85 1225
154 85 100
154 85 2450
154 85 1225
155 85 100
155 85 2450
155 85 1225
156 85 100
156 85 2450
157 85 100
157 85 2450
158 85 100
158 85 2450
159 85 100
159 85 2450
160 85 100
160 85 2450
161 85 100
161 85 2450
162 85 100
162 85 2450
163 85 100
163 85 2450
164 85 100
164 85 2450
165 85 100
165 85 2450
191 118 100
190 118 100
189 118 100
188 118 100
187 118 100
186 118 100
185 118 100
184 118 100
183 118 100
182 118 100
181 118 100
180 118 100
179 118 100
178 118 100
177 118 100
176 118 100
175 118 100
174 118 100
173 118 100
172 118 100
171 118 100
170 118 100
169 118 100
168 118 100
168 118 2450
167 118 100
167 118 2450
142 145 100
143 145 100
144 145 100
145 145 100
146 145 100
147 145 100
148 145 100
149 145 100
150 145 100
151 145 100
152 145 100
153 145 100
154 145 100
155 145 100
156 145 100
157 145 100
158 145 100
159 145 100
160 145 100
161 145 100
162 145 100
163 145 100
164 145 100
165 145 100
8 185 100
9 185 100
10 185 100
11 185 100
12 185 100
13 185 100
14 185 100
15 185 100
16 185 100
17 185 100
18 185 100
19 185 100
20 185 100
21 185 100
22 185 100
23 185 100
24 185 100
25 185 100
26 185 100
27 185 100
28 185 100
29 185 100
30 185 100
31 185 100
32 185 100
33 185 100
34 185 100
35 185 100
36 185 100
37 185 100
38 185 100
39 185 100
40 185 100
41 185 100
42 185 100
43 185 100
44 185 100
45 185 100
46 185 100
47 185 100
48 185 100
49 185 100
50 185 100
50 185 2450
51 185 100
51 185 2450
52 185 100
52 185 2450
53 185 100
53 185 2450
54 185 100
54 185 2450
55 185 100
55 185 2450
56 185 100
56 185 2450
57 185 100
57 185 2450
58 185 100
58 185 2450
59 185 100
59 185 2450
60 185 100
60 185 2450
61 185 100
61 185 2450
62 185 100
62 185 2450
63 185 100
63 185 2450
64 185 100
64 185 2450
65 185 100
65 185 2450
66 185 100
66 185 2450
67 185 100
67 185 2450
68 185 100
68 185 2450
69 185 100
69 185 2450
70 185 100
70 185 2450
71 185 100
71 185 2450
72 185 100
72 185 2450
72 185 1225
73 185 100
73 185 2450
73 185 1225
74 185 100
74 185 2450
74 185 1225
75 185 100
75 185 2450
75 185 1225
76 185 100
76 185 2450
76 185 1225
77 185 100
77 185 2450
77 185 1225
78 185 100
78 185 2450
78 185 1225
79 185 100
79 185 2450
79 185 1225
80 185 100
80 185 2450
80 185 1225
81 185 100
81 185 2450
81 185 1225
82 185 100
82 185 2450
82 185 1225
83 185 100
83 185 2450
83 185 1225
84 185 100
84 185 2450
84 185 1225
85 185 100
85 185 2450
85 185 1225
86 185 100
86 185 2450
86 185 1225
86 185 612
87 185 100
87 185 2450
87 185 1225
87 185 612
88 185 100
88 185 2450
88 185 1225
88 185 612
89 185 100
89 185 2450
89 185 1225
89 185 612
90 185 100
90 185 2450
90 185 1225
90 185 612
91 185 100
91 185 2450
91 185 1225
91 185 612
92 185 100
92 185 2450
92 185 1225
92 185 612
93 185 100
93 185 2450
93 185 1225
93 185 612
94 185 100
94 185 2450
94 185 1225
94 185 612
95 185 100
95 185 2450
95 185 1225
95 185 612
96 185 100
96 185 2450
96 185 1225
97 185 100
97 185 2450
97 185 1225
98 185 100
98 185 2450
98 185 1225
99 185 100
99 185 2450
99 185 1225
100 185 100
100 185 2450
100 185 1225
101 185 100
101 185 2450
102 185 100
102 185 2450
103 185 100
103 185 2450
104 185 100
104 185 2450
105 185 100
105 185 2450
106 185 100
106 185 2450
107 185 100
107 185 2450
108 185 100
108 185 2450
109 185 100
109 185 2450
110 185 100
110 185 2450
111 185 100
111 185 2450
112 185 100
112 185 2450
113 185 100
113 185 2450
114 185 100
114 185 2450
115 185 100
115 185 2450
116 185 100
116 185 2450
117 185 100
117 185 2450
118 185 100
118 185 2450
119 185 100
119 185 2450
120 185 100
120 185 2450
121 185 100
121 185 2450
122 185 100
122 185 2450
123 185 100
123 185 2450
124 185 100
124 185 2450
125 185 100
125 185 2450
126 185 100
126 185 2450
127 185 100
127 185 2450
128 185 100
128 185 2450
129 185 100
129 185 2450
130 185 100
130 185 2450
131 185 100
131 185 2450
132 185 100
132 185 2450
133 185 100
133 185 2450
134 185 100
134 185 2450
135 185 100
135 185 2450
136 185 100
136 185 2450
137 185 100
138 185 100
139 185 100
140 185 100
141 185 100
142 185 100
143 185 100
144 185 100
145 185 100
146 185 100
147 185 100
148 185 100
149 185 100
150 185 100
151 185 100
152 185 100
153 185 100
154 185 100
155 185 100
156 185 100
157 185 100
158 185 100
159 185 100
160 185 100
161 185 100
162 185 100
163 185 100
164 185 100
165 185 100
166 185 100
166 184 100
166 183 100
166 182 100
