19 135 100
20 135 100
21 135 100
22 135 100
23 135 100
24 135 100
24 135 2450
25 135 100
25 135 2450
26 135 100
26 135 2450
27 135 100
27 135 2450
28 135 100
28 135 2450
29 135 100
29 135 2450
30 135 100
30 135 2450
31 135 100
31 135 2450
32 135 100
32 135 2450
33 135 100
33 135 2450
34 135 100
34 135 2450
34 135 1225
35 135 100
35 135 2450
35 135 1225
36 135 100
36 135 2450
36 135 1225
37 135 100
37 135 2450
37 135 1225
37 135 612
38 135 100
38 135 2450
38 135 1225
38 135 612
39 135 100
39 135 2450
39 135 1225
39 135 612
39 135 306
40 135 100
40 135 2450
40 135 1225
40 135 612
40 135 306
41 135 100
41 135 2450
41 135 1225
41 135 612
41 135 306
42 135 100
42 135 2450
42 135 1225
42 135 612
42 135 306
43 135 100
43 135 2450
43 135 1225
43 135 612
43 135 306
44 135 100
44 135 2450
44 135 1225
44 135 612
44 135 306
45 135 100
45 135 2450
45 135 1225
45 135 612
45 135 306
46 135 100
46 135 2450
46 135 1225
46 135 612
47 135 100
47 135 2450
47 135 1225
47 135 612
48 135 100
48 135 2450
48 135 1225
49 135 100
49 135 2450
49 135 1225
50 135 100
50 135 2450
50 135 1225
51 135 100
51 135 2450
52 135 100
52 135 2450
53 135 100
53 135 2450
54 135 100
54 135 2450
55 135 100
55 135 2450
56 135 100
56 135 2450
57 135 100
57 135 2450
58 135 100
58 135 2450
59 135 100
59 135 2450
60 135 100
60 135 2450
61 135 100
61 135 2450
62 135 100
62 135 2450
63 135 100
63 135 2450
64 135 100
64 135 2450
65 135 100
66 135 100
67 135 100
68 135 100
69 135 100
70 135 100
71 135 100
72 135 100
73 135 100
74 135 100
75 135 100
76 135 100
77 135 100
78 135 100
79 135 100
80 135 100
81 135 100
82 135 100
83 135 100
84 135 100
85 135 100
86 135 100
87 135 100
87 135 2450
88 135 100
88 135 2450
89 135 100
89 135 2450
90 135 100
90 135 2450
91 135 100
91 135 2450
92 135 100
92 135 2450
93 135 100
93 135 2450
94 135 100
94 135 2450
95 135 100
95 135 2450
96 135 100
96 135 2450
97 135 100
97 135 2450
98 135 100
98 135 2450
99 135 100
99 135 2450
100 135 100
100 135 2450
101 135 100
101 135 2450
102 135 100
102 135 2450
103 135 100
103 135 2450
104 135 100
104 135 2450
105 135 100
105 135 2450
106 135 100
106 135 2450
107 135 100
107 135 2450
108 135 100
108 135 2450
109 135 100
110 135 100
111 135 100
112 135 100
113 135 100
114 135 100
115 135 100
116 135 100
117 135 100
118 135 100
119 135 100
120 135 100
121 135 100
122 135 100
123 135 100
123 135 2450
124 135 100
124 135 2450
125 135 100
125 135 2450
126 135 100
126 135 2450
127 135 100
127 135 2450
128 135 100
128 135 2450
129 135 100
129 135 2450
130 135 100
130 135 2450
131 135 100
131 135 2450
132 135 100
132 135 2450
133 135 100
133 135 2450
134 135 100
134 135 2450
135 135 100
135 135 2450
136 135 100
136 135 2450
137 135 100
137 135 2450
138 135 100
138 135 2450
139 135 100
139 135 2450
140 135 100
140 135 2450
141 135 100
141 135 2450
142 135 100
142 135 2450
143 135 100
143 135 2450
144 135 100
144 135 2450
145 135 100
145 135 2450
146 135 100
146 135 2450
147 135 100
147 135 2450
148 135 100
148 135 2450
149 135 100
149 135 2450
150 135 100
150 135 2450
151 135 100
151 135 2450
152 135 100
152 135 2450
153 135 100
153 135 2450
154 135 100
154 135 2450
155 135 100
155 135 2450
156 135 100
156 135 2450
157 135 100
157 135 2450
158 135 100
158 135 2450
159 135 100
159 135 2450
160 135 100
160 135 2450
160 134 100
160 134 2450
160 133 100
160 133 2450
160 132 100
160 132 2450
160 132 1225
160 131 100
160 131 2450
160 131 1225
160 130 100
160 130 2450
160 130 1225
160 129 100
160 129 2450
160 129 1225
160 128 100
160 128 2450
160 128 1225
160 128 612
160 127 100
160 127 2450
160 127 1225
160 127 612
160 126 100
160 126 2450
160 126 1225
160 125 100
160 125 2450
160 125 1225
160 124 100
160 124 2450
160 124 1225
160 123 100
160 123 2450
160 123 1225
160 122 100
160 122 2450
160 122 1225
160 121 100
160 121 2450
160 120 100
160 120 2450
160 119 100
160 119 2450
160 118 100
160 118 2450
160 117 100
160 117 2450
160 116 100
160 116 2450
160 115 100
160 115 2450
160 114 100
160 114 2450
160 113 100
160 113 2450
160 112 100
160 111 100
160 110 100
160 109 100
160 108 100
160 107 100
160 106 100
160 106 2450
160 105 100
160 105 2450
160 104 100
160 104 2450
160 103 100
160 103 2450
160 102 100
160 102 2450
160 101 100
160 101 2450
160 100 100
160 100 2450
160 99 100
160 99 2450
160 98 100
160 98 2450
160 97 100
160 97 2450
160 96 100
160 96 2450
160 95 100
160 95 2450
160 94 100
160 94 2450
160 93 100
160 93 2450
160 92 100
160 92 2450
160 91 100
160 91 2450
160 90 100
160 90 2450
160 89 100
160 89 2450
160 88 100
160 88 2450
160 87 100
160 87 2450
160 86 100
160 86 2450
160 85 100
160 85 2450
160 84 100
160 84 2450
160 83 100
160 83 2450
160 82 100
160 82 2450
160 81 100
160 81 2450
160 80 100
160 80 2450
160 79 100
160 79 2450
160 78 100
160 78 2450
160 77 100
160 77 2450
160 76 100
160 76 2450
160 75 100
160 75 2450
160 74 100
160 74 2450
160 73 100
160 73 2450
160 72 100
160 72 2450
160 71 100
160 71 2450
160 70 100
160 70 2450
160 69 100
160 69 2450
160 68 100
160 68 2450
160 67 100
160 67 2450
160 66 100
160 66 2450
160 65 100
160 65 2450
160 64 100
160 64 2450
160 63 100
160 63 2450
160 62 100
160 62 2450
160 61 100
160 61 2450
160 60 100
160 60 2450
160 59 100
160 59 2450
160 58 100
160 58 2450
160 57 100
160 57 2450
160 56 100
160 55 100
160 55 2450
160 54 100
160 54 2450
160 53 100
160 53 2450
160 52 100
160 52 2450
160 51 100
160 51 2450
160 50 100
160 50 2450
160 49 100
160 49 2450
160 48 100
160 48 2450
160 47 100
160 47 2450
160 46 100
160 46 2450
160 45 100
160 45 2450
160 44 100
160 44 2450
160 43 100
160 43 2450
160 42 100
160 42 2450
160 41 100
160 41 2450
160 40 100
160 40 2450
160 39 100
160 39 2450
160 38 100
160 38 2450
160 37 100
160 37 2450
160 36 100
160 36 2450
160 35 100
160 34 100
160 33 100
30 18 100
30 18 2450
31 18 100
32 18 100
33 18 100
34 18 100
35 18 100
36 18 100
37 18 100
38 18 100
39 18 100
40 18 100
41 18 100
42 18 100
43 18 100
44 18 100
45 18 100
46 18 100
47 18 100
48 18 100
49 18 100
49 18 2450
50 18 100
50 18 2450
51 18 100
51 18 2450
52 18 100
52 18 2450
53 18 100
53 18 2450
54 18 100
54 18 2450
55 18 100
55 18 2450
56 18 100
56 18 2450
57 18 100
57 18 2450
58 18 100
58 18 2450
59 18 100
59 18 2450
59 18 1225
60 18 100
60 18 2450
60 18 1225
61 18 100
61 18 2450
61 18 1225
62 18 100
62 18 2450
62 18 1225
63 18 100
63 18 2450
63 18 1225
64 18 100
64 18 2450
64 18 1225
65 18 100
65 18 2450
65 18 1225
66 18 100
66 18 2450
66 18 1225
67 18 100
67 18 2450
68 18 100
68 18 2450
69 18 100
69 18 2450
70 18 100
70 18 2450
71 18 100
71 18 2450
72 18 100
72 18 2450
73 18 100
73 18 2450
74 18 100
74 18 2450
75 18 100
75 18 2450
76 18 100
77 18 100
78 18 100
79 18 100
80 18 100
81 18 100
82 18 100
83 18 100
83 18 2450
84 18 100
84 18 2450
85 18 100
85 18 2450
86 18 100
86 18 2450
87 18 100
87 18 2450
88 18 100
88 18 2450
89 18 100
89 18 2450
90 18 100
90 18 2450
91 18 100
91 18 2450
92 18 100
92 18 2450
93 18 100
94 18 100
95 18 100
96 18 100
97 18 100
98 18 100
99 18 100
100 18 100
101 18 100
102 18 100
103 18 100
104 18 100
105 18 100
106 18 100
107 18 100
108 18 100
108 18 2450
109 18 100
109 18 2450
110 18 100
110 18 2450
111 18 100
111 18 2450
112 18 100
112 18 2450
113 18 100
113 18 2450
114 18 100
114 18 2450
115 18 100
115 18 2450
116 18 100
116 18 2450
117 18 100
117 18 2450
118 18 100
118 18 2450
119 18 100
119 18 2450
120 18 100
120 18 2450
121 18 100
121 18 2450
122 18 100
122 18 2450
123 18 100
123 18 2450
124 18 100
124 18 2450
125 18 100
125 18 2450
126 18 100
126 18 2450
127 18 100
127 18 2450
128 18 100
128 18 2450
129 18 100
129 18 2450
130 18 100
130 18 2450
131 18 100
131 18 2450
132 18 100
132 18 2450
133 18 100
133 18 2450
134 18 100
134 18 2450
135 18 100
135 18 2450
136 18 100
136 18 2450
137 18 100
137 18 2450
138 18 100
138 18 2450
138 18 1225
139 18 100
139 18 2450
139 18 1225
140 18 100
140 18 2450
140 18 1225
141 18 100
141 18 2450
141 18 1225
142 18 100
142 18 2450
142 18 1225
143 18 100
143 18 2450
144 18 100
144 18 2450
145 18 100
145 18 2450
146 18 100
146 18 2450
147 18 100
147 18 2450
148 18 100
148 18 2450
149 18 100
149 18 2450
150 18 100
151 18 100
152 18 100
153 18 100
154 18 100
155 18 100
156 18 100
157 18 100
158 18 100
159 18 100
160 18 100
160 19 100
160 20 100
160 21 100
160 22 100
160 23 100
160 24 100
160 25 100
160 26 100
160 27 100
160 28 100
160 29 100
160 30 100
160 31 100
160 32 100
107 51 100
108 51 100
109 51 100
110 51 100
111 51 100
112 51 100
113 51 100
114 51 100
115 51 100
116 51 100
117 51 100
118 51 100
118 51 2450
119 51 100
119 51 2450
120 51 100
120 51 2450
121 51 100
121 51 2450
122 51 100
122 51 2450
123 51 100
123 51 2450
124 51 100
124 51 2450
125 51 100
125 51 2450
126 51 100
126 51 2450
127 51 100
127 51 2450
128 51 100
128 51 2450
129 51 100
129 51 2450
130 51 100
130 51 2450
131 51 100
131 51 2450
132 51 100
132 51 2450
133 51 100
133 51 2450
134 51 100
134 51 2450
135 51 100
135 51 2450
136 51 100
136 51 2450
137 51 100
137 51 2450
138 51 100
138 51 2450
139 51 100
139 51 2450
140 51 100
140 51 2450
141 51 100
141 51 2450
142 51 100
142 51 2450
143 51 100
143 51 2450
144 51 100
144 51 2450
145 51 100
145 51 2450
146 51 100
146 51 2450
147 51 100
147 51 2450
148 51 100
148 51 2450
149 51 100
149 51 2450
150 51 100
150 51 2450
151 51 100
151 51 2450
152 51 100
152 51 2450
153 51 100
153 51 2450
154 51 100
154 51 2450
155 51 100
155 51 2450
156 51 100
156 51 2450
157 51 100
157 51 2450
158 51 100
158 51 2450
159 51 100
159 51 2450
22 75 100
23 75 100
24 75 100
25 75 100
26 75 100
27 75 100
28 75 100
29 75 100
30 75 100
31 75 100
32 75 100
33 75 100
34 75 100
35 75 100
36 75 100
37 75 100
38 75 100
39 75 100
40 75 100
41 75 100
42 75 100
43 75 100
44 75 100
45 75 100
46 75 100
47 75 100
48 75 100
49 75 100
50 75 100
51 75 100
52 75 100
52 75 2450
53 75 100
53 75 2450
54 75 100
54 75 2450
55 75 100
55 75 2450
56 75 100
56 75 2450
57 75 100
57 75 2450
58 75 100
58 75 2450
59 75 100
59 75 2450
60 75 100
60 75 2450
61 75 100
61 75 2450
62 75 100
62 75 2450
63 75 100
63 75 2450
64 75 100
64 75 2450
65 75 100
65 75 2450
65 75 1225
66 75 100
66 75 2450
66 75 1225
67 75 100
67 75 2450
67 75 1225
68 75 100
68 75 2450
68 75 1225
69 75 100
69 75 2450
69 75 1225
70 75 100
70 75 2450
70 75 1225
70 75 612
71 75 100
71 75 2450
71 75 1225
71 75 612
72 75 100
72 75 2450
72 75 1225
72 75 612
73 75 100
73 75 2450
73 75 1225
73 75 612
74 75 100
74 75 2450
74 75 1225
74 75 612
75 75 100
75 75 2450
75 75 1225
75 75 612
76 75 100
76 75 2450
76 75 1225
76 75 612
77 75 100
77 75 2450
77 75 1225
77 75 612
78 75 100
78 75 2450
78 75 1225
79 75 100
79 75 2450
79 75 1225
80 75 100
80 75 2450
80 75 1225
81 75 100
81 75 2450
81 75 1225
82 75 100
82 75 2450
82 75 1225
83 75 100
83 75 2450
83 75 1225
84 75 100
84 75 2450
84 75 1225
85 75 100
85 75 2450
85 75 1225
86 75 100
86 75 2450
87 75 100
87 75 2450
88 75 100
88 75 2450
89 75 100
89 75 2450
90 75 100
90 75 2450
91 75 100
91 75 2450
92 75 100
92 75 2450
93 75 100
93 75 2450
94 75 100
94 75 2450
95 75 100
95 75 2450
96 75 100
96 75 2450
97 75 100
97 75 2450
98 75 100
98 75 2450
99 75 100
99 75 2450
100 75 100
100 75 2450
101 75 100
101 75 2450
102 75 100
102 75 2450
103 75 100
103 75 2450
104 75 100
104 75 2450
105 75 100
105 75 2450
106 75 100
106 75 2450
107 75 100
107 75 2450
108 75 100
108 75 2450
109 75 100
109 75 2450
110 75 100
110 75 2450
111 75 100
111 75 2450
112 75 100
112 75 2450
113 75 100
113 75 2450
114 75 100
114 75 2450
115 75 100
115 75 2450
116 75 100
116 75 2450
117 75 100
118 75 100
119 75 100
120 75 100
121 75 100
122 75 100
123 75 100
124 75 100
125 75 100
126 75 100
127 75 100
128 75 100
129 75 100
130 75 100
131 75 100
132 75 100
133 75 100
134 75 100
135 75 100
136 75 100
137 75 100
138 75 100
139 75 100
140 75 100
141 75 100
141 75 2450
142 75 100
142 75 2450
143 75 100
143 75 2450
144 75 100
144 75 2450
145 75 100
145 75 2450
146 75 100
146 75 2450
147 75 100
147 75 2450
148 75 100
148 75 2450
149 75 100
149 75 2450
150 75 100
150 75 2450
151 75 100
151 75 2450
152 75 100
152 75 2450
153 75 100
153 75 2450
154 75 100
154 75 2450
155 75 100
155 75 2450
156 75 100
156 75 2450
157 75 100
157 75 2450
158 75 100
158 75 2450
159 75 100
159 75 2450
166 158 100
165 158 100
164 158 100
163 158 100
162 158 100
161 158 100
160 158 100
160 157 100
160 156 100
160 155 100
160 154 100
160 153 100
160 152 100
160 151 100
160 150 100
160 149 100
160 148 100
160 148 2450
160 147 100
160 147 2450
160 146 100
160 146 2450
160 145 100
160 145 2450
160 144 100
160 144 2450
160 143 100
160 143 2450
160 142 100
160 142 2450
160 141 100
160 141 2450
160 140 100
160 140 2450
160 139 100
160 139 2450
160 138 100
160 138 2450
160 137 100
160 137 2450
160 136 100
160 136 2450
19 193 100
20 193 100
21 193 100
22 193 100
23 193 100
24 193 100
25 193 100
26 193 100
27 193 100
28 193 100
28 193 2450
29 193 100
29 193 2450
30 193 100
30 193 2450
31 193 100
31 193 2450
32 193 100
32 193 2450
33 193 100
33 193 2450
34 193 100
34 193 2450
35 193 100
35 193 2450
36 193 100
36 193 2450
37 193 100
37 193 2450
38 193 100
38 193 2450
39 193 100
39 193 2450
40 193 100
40 193 2450
41 193 100
41 193 2450
42 193 100
42 193 2450
42 193 1225
43 193 100
43 193 2450
43 193 1225
44 193 100
44 193 2450
44 193 1225
45 193 100
45 193 2450
45 193 1225
46 193 100
46 193 2450
46 193 1225
47 193 100
47 193 2450
47 193 1225
48 193 100
48 193 2450
48 193 1225
49 193 100
49 193 2450
49 193 1225
50 193 100
50 193 2450
50 193 1225
51 193 100
51 193 2450
52 193 100
52 193 2450
53 193 100
53 193 2450
54 193 100
54 193 2450
55 193 100
55 193 2450
56 193 100
56 193 2450
57 193 100
57 193 2450
58 193 100
58 193 2450
59 193 100
59 193 2450
60 193 100
60 193 2450
61 193 100
62 193 100
63 193 100
64 193 100
65 193 100
66 193 100
67 193 100
67 193 2450
68 193 100
68 193 2450
69 193 100
69 193 2450
70 193 100
70 193 2450
71 193 100
71 193 2450
72 193 100
72 193 2450
73 193 100
73 193 2450
74 193 100
74 193 2450
75 193 100
75 193 2450
76 193 100
76 193 2450
77 193 100
77 193 2450
78 193 100
78 193 2450
79 193 100
79 193 2450
80 193 100
80 193 2450
81 193 100
81 193 2450
82 193 100
82 193 2450
83 193 100
83 193 2450
84 193 100
84 193 2450
85 193 100
85 193 2450
86 193 100
86 193 2450
87 193 100
88 193 100
89 193 100
90 193 100
91 193 100
92 193 100
93 193 100
93 193 2450
94 193 100
94 193 2450
95 193 100
95 193 2450
96 193 100
96 193 2450
97 193 100
97 193 2450
98 193 100
98 193 2450
99 193 100
99 193 2450
100 193 100
100 193 2450
101 193 100
101 193 2450
102 193 100
102 193 2450
103 193 100
103 193 2450
104 193 100
104 193 2450
105 193 100
105 193 2450
106 193 100
106 193 2450
107 193 100
107 193 2450
108 193 100
108 193 2450
109 193 100
109 193 2450
110 193 100
110 193 2450
111 193 100
111 193 2450
112 193 100
112 193 2450
113 193 100
113 193 2450
114 193 100
114 193 2450
115 193 100
116 193 100
117 193 100
118 193 100
119 193 100
120 193 100
121 193 100
122 193 100
123 193 100
124 193 100
125 193 100
126 193 100
127 193 100
128 193 100
129 193 100
130 193 100
131 193 100
131 193 2450
132 193 100
132 193 2450
133 193 100
133 193 2450
134 193 100
134 193 2450
135 193 100
135 193 2450
136 193 100
136 193 2450
137 193 100
137 193 2450
138 193 100
138 193 2450
139 193 100
139 193 2450
140 193 100
140 193 2450
141 193 100
141 193 2450
142 193 100
142 193 2450
143 193 100
143 193 2450
143 193 1225
144 193 100
144 193 2450
144 193 1225
145 193 100
145 193 2450
145 193 1225
146 193 100
146 193 2450
146 193 1225
147 193 100
147 193 2450
147 193 1225
148 193 100
148 193 2450
148 193 1225
149 193 100
149 193 2450
149 193 1225
150 193 100
150 193 2450
150 193 1225
151 193 100
151 193 2450
151 193 1225
152 193 100
152 193 2450
153 193 100
153 193 2450
154 193 100
154 193 2450
155 193 100
155 193 2450
156 193 100
156 193 2450
157 193 100
157 193 2450
158 193 100
158 193 2450
159 193 100
159 193 2450
160 193 100
160 193 2450
160 192 100
160 192 2450
160 191 100
160 191 2450
160 190 100
160 190 2450
160 189 100
160 189 2450
160 188 100
160 188 2450
160 187 100
160 187 2450
160 186 100
160 186 2450
160 185 100
160 185 2450
160 184 100
160 184 2450
160 183 100
160 183 2450
160 183 1225
160 182 100
160 182 2450
160 182 1225
160 181 100
160 181 2450
160 181 1225
160 180 100
160 180 2450
160 180 1225
160 179 100
160 179 2450
160 179 1225
160 178 100
160 178 2450
160 178 1225
160 177 100
160 177 2450
160 177 1225
160 176 100
160 176 2450
160 176 1225
160 175 100
160 175 2450
160 174 100
160 174 2450
160 173 100
160 173 2450
160 172 100
160 172 2450
160 171 100
160 171 2450
160 170 100
160 170 2450
160 169 100
160 169 2450
160 168 100
160 168 2450
160 167 100
160 167 2450
160 166 100
160 166 2450
160 165 100
160 165 2450
160 164 100
160 164 2450
160 163 100
160 163 2450
160 162 100
160 162 2450
160 161 100
160 160 100
160 159 100
