40 44 100
40 44 2450
41 44 100
41 44 2450
42 44 100
42 44 2450
43 44 100
43 44 2450
44 44 100
44 44 2450
45 44 100
45 44 2450
46 44 100
46 44 2450
47 44 100
47 44 2450
48 44 100
48 44 2450
49 44 100
49 44 2450
50 44 100
50 44 2450
51 44 100
51 44 2450
52 44 100
52 44 2450
53 44 100
53 44 2450
54 44 100
54 44 2450
55 44 100
55 44 2450
56 44 100
56 44 2450
57 44 100
57 44 2450
58 44 100
58 44 2450
59 44 100
59 44 2450
60 44 100
60 44 2450
61 44 100
61 44 2450
62 44 100
62 44 2450
63 44 100
63 44 2450
64 44 100
64 44 2450
65 44 100
65 44 2450
66 44 100
66 44 2450
67 44 100
67 44 2450
68 44 100
68 44 2450
69 44 100
69 44 2450
70 44 100
70 44 2450
71 44 100
71 44 2450
72 44 100
72 44 2450
73 44 100
73 44 2450
74 44 100
74 44 2450
75 44 100
75 44 2450
76 44 100
76 44 2450
77 44 100
77 44 2450
78 44 100
78 44 2450
79 44 100
79 44 2450
80 44 100
80 44 2450
81 44 100
81 44 2450
82 44 100
82 44 2450
83 44 100
83 44 2450
84 44 100
84 44 2450
85 44 100
85 44 2450
86 44 100
86 44 2450
87 44 100
88 44 100
89 44 100
90 44 100
90 44 2450
91 44 100
91 44 2450
92 44 100
92 44 2450
93 44 100
93 44 2450
94 44 100
94 44 2450
95 44 100
95 44 2450
96 44 100
96 44 2450
97 44 100
97 44 2450
98 44 100
98 44 2450
99 44 100
99 44 2450
99 45 100
99 45 2450
99 46 100
99 46 2450
99 47 100
99 47 2450
99 48 100
99 48 2450
99 49 100
99 49 2450
99 50 100
99 50 2450
99 51 100
99 51 2450
99 52 100
99 52 2450
99 53 100
99 53 2450
99 54 100
99 54 2450
99 55 100
99 55 2450
99 56 100
99 56 2450
99 57 100
99 57 2450
99 58 100
99 58 2450
99 59 100
99 59 2450
99 60 100
99 60 2450
99 60 1225
99 61 100
99 61 2450
99 61 1225
99 62 100
99 62 2450
99 62 1225
99 63 100
99 63 2450
99 63 1225
99 64 100
99 64 2450
99 64 1225
99 65 100
99 65 2450
99 65 1225
99 66 100
99 66 2450
99 66 1225
99 67 100
99 67 2450
99 67 1225
99 68 100
99 68 2450
99 68 1225
99 69 100
99 69 2450
99 69 1225
99 70 100
99 70 2450
99 70 1225
99 71 100
99 71 2450
99 71 1225
99 72 100
99 72 2450
99 72 1225
99 73 100
99 73 2450
99 73 1225
99 74 100
99 74 2450
99 74 1225
99 75 100
99 75 2450
99 75 1225
99 76 100
99 76 2450
99 76 1225
99 77 100
99 77 2450
99 77 1225
99 78 100
99 78 2450
99 78 1225
99 79 100
99 79 2450
99 79 1225
99 80 100
99 80 2450
99 80 1225
99 81 100
99 81 2450
99 81 1225
99 82 100
99 82 2450
99 82 1225
99 83 100
99 83 2450
99 84 100
99 84 2450
99 85 100
99 85 2450
99 86 100
99 86 2450
99 87 100
99 87 2450
99 88 100
99 88 2450
99 89 100
99 89 2450
99 90 100
99 90 2450
99 91 100
99 91 2450
99 92 100
99 92 2450
99 93 100
99 93 2450
99 94 100
99 94 2450
99 95 100
99 95 2450
99 96 100
99 96 2450
99 97 100
99 97 2450
99 98 100
99 98 2450
99 99 100
99 99 2450
99 100 100
99 100 2450
99 101 100
99 101 2450
99 102 100
99 102 2450
99 103 100
99 103 2450
99 104 100
99 104 2450
99 105 100
99 105 2450
99 106 100
99 106 2450
99 107 100
99 107 2450
99 108 100
99 108 2450
99 109 100
99 110 100
99 111 100
99 112 100
99 113 100
99 114 100
99 115 100
99 116 100
99 117 100
99 118 100
99 119 100
180 110 100
179 110 100
178 110 100
177 110 100
176 110 100
175 110 100
174 110 100
173 110 100
172 110 100
171 110 100
170 110 100
169 110 100
168 110 100
167 110 100
166 110 100
165 110 100
164 110 100
163 110 100
162 110 100
161 110 100
160 110 100
160 110 2450
159 110 100
159 110 2450
158 110 100
158 110 2450
157 110 100
157 110 2450
156 110 100
156 110 2450
155 110 100
155 110 2450
154 110 100
154 110 2450
153 110 100
153 110 2450
152 110 100
152 110 2450
151 110 100
151 110 2450
150 110 100
150 110 2450
149 110 100
149 110 2450
148 110 100
148 110 2450
147 110 100
147 110 2450
146 110 100
146 110 2450
145 110 100
145 110 2450
144 110 100
144 110 2450
143 110 100
143 110 2450
142 110 100
142 110 2450
142 110 1225
141 110 100
141 110 2450
141 110 1225
140 110 100
140 110 2450
140 110 1225
139 110 100
139 110 2450
139 110 1225
138 110 100
138 110 2450
138 110 1225
137 110 100
137 110 2450
137 110 1225
136 110 100
136 110 2450
136 110 1225
135 110 100
135 110 2450
135 110 1225
134 110 100
134 110 2450
134 110 1225
133 110 100
133 110 2450
133 110 1225
132 110 100
132 110 2450
132 110 1225
131 110 100
131 110 2450
131 110 1225
130 110 100
130 110 2450
129 110 100
129 110 2450
128 110 100
128 110 2450
127 110 100
127 110 2450
126 110 100
126 110 2450
125 110 100
125 110 2450
124 110 100
124 110 2450
123 110 100
123 110 2450
122 110 100
122 110 2450
121 110 100
121 110 2450
120 110 100
120 110 2450
119 110 100
119 110 2450
118 110 100
118 110 2450
117 110 100
117 110 2450
116 110 100
116 110 2450
115 110 100
115 110 2450
114 110 100
114 110 2450
113 110 100
113 110 2450
112 110 100
112 110 2450
111 110 100
111 110 2450
110 110 100
109 110 100
108 110 100
107 110 100
106 110 100
105 110 100
104 110 100
103 110 100
102 110 100
101 110 100
100 110 100
137 20 100
136 20 100
135 20 100
134 20 100
133 20 100
132 20 100
131 20 100
130 20 100
129 20 100
128 20 100
127 20 100
126 20 100
125 20 100
124 20 100
123 20 100
122 20 100
121 20 100
120 20 100
119 20 100
118 20 100
117 20 100
116 20 100
115 20 100
114 20 100
113 20 100
112 20 100
111 20 100
111 20 2450
110 20 100
110 20 2450
109 20 100
109 20 2450
108 20 100
108 20 2450
107 20 100
107 20 2450
106 20 100
106 20 2450
105 20 100
105 20 2450
104 20 100
104 20 2450
103 20 100
103 20 2450
102 20 100
102 20 2450
101 20 100
101 20 2450
100 20 100
100 20 2450
99 20 100
99 20 2450
99 21 100
99 21 2450
99 22 100
99 22 2450
99 23 100
99 23 2450
99 24 100
99 24 2450
99 25 100
99 25 2450
99 26 100
99 26 2450
99 27 100
99 27 2450
99 28 100
99 28 2450
99 29 100
99 29 2450
99 30 100
99 30 2450
99 31 100
99 31 2450
99 32 100
99 32 2450
99 33 100
99 33 2450
99 34 100
99 34 2450
99 35 100
99 35 2450
99 36 100
99 36 2450
99 37 100
99 37 2450
99 38 100
99 38 2450
99 39 100
99 39 2450
99 40 100
99 40 2450
99 41 100
99 41 2450
99 42 100
99 42 2450
99 43 100
99 43 2450
193 60 100
193 60 2450
192 60 100
192 60 2450
191 60 100
191 60 2450
190 60 100
190 60 2450
189 60 100
189 60 2450
188 60 100
188 60 2450
187 60 100
187 60 2450
186 60 100
186 60 2450
185 60 100
185 60 2450
184 60 100
184 60 2450
183 60 100
183 60 2450
182 60 100
182 60 2450
181 60 100
181 60 2450
180 60 100
180 60 2450
179 60 100
179 60 2450
178 60 100
178 60 2450
177 60 100
177 60 2450
176 60 100
176 60 2450
175 60 100
175 60 2450
174 60 100
174 60 2450
173 60 100
173 60 2450
172 60 100
172 60 2450
171 60 100
171 60 2450
170 60 100
170 60 2450
169 60 100
169 60 2450
168 60 100
168 60 2450
167 60 100
167 60 2450
166 60 100
166 60 2450
165 60 100
165 60 2450
164 60 100
164 60 2450
163 60 100
163 60 2450
162 60 100
162 60 2450
161 60 100
161 60 2450
160 60 100
160 60 2450
159 60 100
159 60 2450
158 60 100
158 60 2450
157 60 100
157 60 2450
156 60 100
156 60 2450
155 60 100
155 60 2450
154 60 100
154 60 2450
153 60 100
153 60 2450
152 60 100
152 60 2450
151 60 100
151 60 2450
150 60 100
150 60 2450
149 60 100
149 60 2450
148 60 100
148 60 2450
147 60 100
147 60 2450
146 60 100
146 60 2450
145 60 100
145 60 2450
144 60 100
144 60 2450
143 60 100
143 60 2450
142 60 100
142 60 2450
141 60 100
141 60 2450
140 60 100
140 60 2450
139 60 100
138 60 100
137 60 100
136 60 100
135 60 100
134 60 100
133 60 100
132 60 100
131 60 100
130 60 100
129 60 100
128 60 100
127 60 100
126 60 100
125 60 100
124 60 100
123 60 100
123 60 2450
122 60 100
122 60 2450
121 60 100
121 60 2450
120 60 100
120 60 2450
119 60 100
119 60 2450
118 60 100
118 60 2450
117 60 100
117 60 2450
116 60 100
116 60 2450
115 60 100
115 60 2450
114 60 100
114 60 2450
113 60 100
113 60 2450
112 60 100
112 60 2450
111 60 100
111 60 2450
110 60 100
110 60 2450
109 60 100
109 60 2450
108 60 100
108 60 2450
107 60 100
107 60 2450
106 60 100
106 60 2450
105 60 100
105 60 2450
104 60 100
104 60 2450
103 60 100
103 60 2450
102 60 100
102 60 2450
102 60 1225
101 60 100
101 60 2450
101 60 1225
100 60 100
100 60 2450
100 60 1225
113 165 100
113 165 2450
112 165 100
112 165 2450
111 165 100
111 165 2450
110 165 100
110 165 2450
109 165 100
109 165 2450
108 165 100
108 165 2450
107 165 100
107 165 2450
106 165 100
106 165 2450
105 165 100
105 165 2450
104 165 100
104 165 2450
104 165 1225
103 165 100
103 165 2450
103 165 1225
102 165 100
102 165 2450
102 165 1225
101 165 100
101 165 2450
101 165 1225
100 165 100
100 165 2450
100 165 1225
99 165 100
99 165 2450
99 165 1225
99 164 100
99 164 2450
99 164 1225
99 163 100
99 163 2450
99 163 1225
99 162 100
99 162 2450
99 162 1225
99 161 100
99 161 2450
99 161 1225
99 160 100
99 160 2450
99 160 1225
99 159 100
99 159 2450
99 159 1225
99 158 100
99 158 2450
99 158 1225
99 157 100
99 157 2450
99 157 1225
99 156 100
99 156 2450
99 156 1225
99 155 100
99 155 2450
99 155 1225
99 154 100
99 154 2450
99 153 100
99 153 2450
99 152 100
99 152 2450
99 151 100
99 151 2450
99 150 100
99 150 2450
99 149 100
99 149 2450
99 148 100
99 148 2450
99 147 100
99 147 2450
99 146 100
99 146 2450
99 145 100
99 145 2450
99 144 100
99 144 2450
99 143 100
99 143 2450
99 142 100
99 142 2450
99 141 100
99 141 2450
99 140 100
99 140 2450
99 139 100
99 139 2450
99 138 100
99 138 2450
99 137 100
99 137 2450
99 136 100
99 136 2450
99 135 100
99 135 2450
99 134 100
99 134 2450
99 133 100
99 133 2450
99 132 100
99 132 2450
99 131 100
99 131 2450
99 130 100
99 130 2450
99 129 100
99 128 100
99 127 100
99 126 100
99 125 100
99 124 100
99 123 100
99 122 100
99 121 100
99 120 100
143 82 100
142 82 100
141 82 100
140 82 100
139 82 100
138 82 100
137 82 100
136 82 100
135 82 100
134 82 100
134 82 2450
133 82 100
133 82 2450
132 82 100
132 82 2450
131 82 100
131 82 2450
130 82 100
130 82 2450
129 82 100
129 82 2450
128 82 100
128 82 2450
127 82 100
127 82 2450
126 82 100
126 82 2450
125 82 100
125 82 2450
124 82 100
124 82 2450
123 82 100
123 82 2450
122 82 100
122 82 2450
121 82 100
121 82 2450
120 82 100
120 82 2450
119 82 100
119 82 2450
118 82 100
118 82 2450
117 82 100
117 82 2450
116 82 100
116 82 2450
115 82 100
115 82 2450
114 82 100
114 82 2450
113 82 100
113 82 2450
112 82 100
112 82 2450
111 82 100
111 82 2450
110 82 100
110 82 2450
109 82 100
109 82 2450
108 82 100
108 82 2450
107 82 100
107 82 2450
106 82 100
106 82 2450
105 82 100
105 82 2450
104 82 100
104 82 2450
103 82 100
103 82 2450
102 82 100
102 82 2450
101 82 100
101 82 2450
100 82 100
100 82 2450
100 82 1225
18 178 100
18 178 2450
19 178 100
19 178 2450
20 178 100
20 178 2450
21 178 100
21 178 2450
22 178 100
22 178 2450
23 178 100
23 178 2450
24 178 100
24 178 2450
25 178 100
25 178 2450
26 178 100
26 178 2450
27 178 100
27 178 2450
28 178 100
28 178 2450
29 178 100
29 178 2450
30 178 100
30 178 2450
31 178 100
31 178 2450
32 178 100
32 178 2450
33 178 100
33 178 2450
34 178 100
34 178 2450
35 178 100
35 178 2450
36 178 100
36 178 2450
37 178 100
37 178 2450
38 178 100
38 178 2450
39 178 100
39 178 2450
40 178 100
40 178 2450
41 178 100
41 178 2450
42 178 100
42 178 2450
43 178 100
43 178 2450
44 178 100
44 178 2450
45 178 100
45 178 2450
46 178 100
46 178 2450
47 178 100
47 178 2450
48 178 100
48 178 2450
48 178 1225
49 178 100
49 178 2450
49 178 1225
50 178 100
50 178 2450
50 178 1225
51 178 100
51 178 2450
51 178 1225
52 178 100
52 178 2450
52 178 1225
53 178 100
53 178 2450
53 178 1225
53 178 612
54 178 100
54 178 2450
54 178 1225
54 178 612
55 178 100
55 178 2450
55 178 1225
55 178 612
56 178 100
56 178 2450
56 178 1225
56 178 612
57 178 100
57 178 2450
57 178 1225
57 178 612
58 178 100
58 178 2450
58 178 1225
58 178 612
59 178 100
59 178 2450
59 178 1225
59 178 612
60 178 100
60 178 2450
60 178 1225
60 178 612
60 178 306
61 178 100
61 178 2450
61 178 1225
61 178 612
61 178 306
62 178 100
62 178 2450
62 178 1225
62 178 612
62 178 306
63 178 100
63 178 2450
63 178 1225
63 178 612
63 178 306
63 178 153
64 178 100
64 178 2450
64 178 1225
64 178 612
64 178 306
64 178 153
65 178 100
65 178 2450
65 178 1225
65 178 612
65 178 306
65 178 153
66 178 100
66 178 2450
66 178 1225
66 178 612
66 178 306
66 178 153
67 178 100
67 178 2450
67 178 1225
67 178 612
67 178 306
67 178 153
68 178 100
68 178 2450
68 178 1225
68 178 612
68 178 306
68 178 153
68 178 77
69 178 100
69 178 2450
69 178 1225
69 178 612
69 178 306
69 178 153
69 178 77
70 178 100
70 178 2450
70 178 1225
70 178 612
70 178 306
70 178 153
70 178 77
71 178 100
71 178 2450
71 178 1225
71 178 612
71 178 306
71 178 153
72 178 100
72 178 2450
72 178 1225
72 178 612
72 178 306
72 178 153
73 178 100
73 178 2450
73 178 1225
73 178 612
73 178 306
73 178 153
74 178 100
74 178 2450
74 178 1225
74 178 612
74 178 306
74 178 153
75 178 100
75 178 2450
75 178 1225
75 178 612
75 178 306
75 178 153
76 178 100
76 178 2450
76 178 1225
76 178 612
76 178 306
77 178 100
77 178 2450
77 178 1225
77 178 612
77 178 306
78 178 100
78 178 2450
78 178 1225
78 178 612
78 178 306
79 178 100
79 178 2450
79 178 1225
79 178 612
80 178 100
80 178 2450
80 178 1225
80 178 612
81 178 100
81 178 2450
81 178 1225
81 178 612
82 178 100
82 178 2450
82 178 1225
82 178 612
83 178 100
83 178 2450
83 178 1225
84 178 100
84 178 2450
84 178 1225
85 178 100
85 178 2450
85 178 1225
86 178 100
86 178 2450
86 178 1225
87 178 100
87 178 2450
87 178 1225
88 178 100
88 178 2450
88 178 1225
89 178 100
89 178 2450
89 178 1225
90 178 100
90 178 2450
90 178 1225
91 178 100
91 178 2450
91 178 1225
92 178 100
92 178 2450
92 178 1225
93 178 100
93 178 2450
93 178 1225
94 178 100
94 178 2450
94 178 1225
95 178 100
95 178 2450
95 178 1225
96 178 100
96 178 2450
96 178 1225
97 178 100
97 178 2450
97 178 1225
98 178 100
98 178 2450
98 178 1225
99 178 100
99 178 2450
99 178 1225
99 177 100
99 177 2450
99 177 1225
99 176 100
99 176 2450
99 176 1225
99 175 100
99 175 2450
99 175 1225
99 174 100
99 174 2450
99 174 1225
99 173 100
99 173 2450
99 173 1225
99 172 100
99 172 2450
99 172 1225
99 171 100
99 171 2450
99 171 1225
99 170 100
99 170 2450
99 170 1225
99 169 100
99 169 2450
99 169 1225
99 168 100
99 168 2450
99 168 1225
99 167 100
99 167 2450
99 167 1225
99 166 100
99 166 2450
99 166 1225
