143 194 100
142 194 100
141 194 100
140 194 100
139 194 100
138 194 100
137 194 100
136 194 100
135 194 100
134 194 100
133 194 100
132 194 100
131 194 100
130 194 100
129 194 100
128 194 100
127 194 100
127 193 100
127 192 100
127 191 100
127 190 100
127 189 100
127 188 100
127 187 100
127 186 100
127 186 2450
127 185 100
127 185 2450
127 184 100
127 184 2450
127 183 100
127 183 2450
127 182 100
127 182 2450
127 181 100
127 181 2450
127 180 100
127 180 2450
127 179 100
127 179 2450
127 178 100
127 178 2450
127 177 100
127 177 2450
127 177 1225
127 176 100
127 176 2450
127 176 1225
127 175 100
127 175 2450
127 175 1225
127 174 100
127 174 2450
127 174 1225
127 173 100
127 173 2450
127 173 1225
127 172 100
127 172 2450
127 172 1225
127 171 100
127 171 2450
127 171 1225
127 170 100
127 170 2450
127 170 1225
127 169 100
127 169 2450
127 169 1225
127 168 100
127 168 2450
127 168 1225
127 167 100
127 167 2450
127 167 1225
127 166 100
127 166 2450
127 166 1225
127 165 100
127 165 2450
127 165 1225
127 164 100
127 164 2450
127 163 100
127 163 2450
127 162 100
127 162 2450
127 161 100
127 161 2450
127 160 100
127 160 2450
127 159 100
127 159 2450
127 158 100
127 158 2450
127 157 100
127 157 2450
127 156 100
127 156 2450
127 155 100
127 155 2450
127 154 100
127 154 2450
127 153 100
127 153 2450
127 152 100
127 152 2450
127 151 100
127 150 100
127 149 100
127 148 100
127 147 100
127 146 100
127 145 100
127 144 100
127 143 100
127 142 100
127 141 100
127 140 100
127 139 100
127 138 100
127 137 100
127 136 100
18 36 100
19 36 100
20 36 100
21 36 100
22 36 100
23 36 100
24 36 100
25 36 100
26 36 100
27 36 100
28 36 100
29 36 100
30 36 100
31 36 100
32 36 100
33 36 100
34 36 100
35 36 100
36 36 100
37 36 100
38 36 100
39 36 100
40 36 100
41 36 100
42 36 100
42 36 2450
43 36 100
43 36 2450
44 36 100
44 36 2450
45 36 100
45 36 2450
46 36 100
46 36 2450
47 36 100
47 36 2450
48 36 100
48 36 2450
49 36 100
49 36 2450
50 36 100
50 36 2450
51 36 100
51 36 2450
52 36 100
52 36 2450
53 36 100
53 36 2450
54 36 100
54 36 2450
55 36 100
55 36 2450
56 36 100
56 36 2450
57 36 100
57 36 2450
58 36 100
58 36 2450
59 36 100
59 36 2450
60 36 100
60 36 2450
61 36 100
61 36 2450
62 36 100
62 36 2450
63 36 100
63 36 2450
64 36 100
64 36 2450
65 36 100
65 36 2450
66 36 100
66 36 2450
67 36 100
67 36 2450
68 36 100
68 36 2450
69 36 100
69 36 2450
70 36 100
70 36 2450
71 36 100
71 36 2450
72 36 100
72 36 2450
73 36 100
73 36 2450
74 36 100
74 36 2450
75 36 100
75 36 2450
76 36 100
76 36 2450
77 36 100
77 36 2450
78 36 100
78 36 2450
79 36 100
79 36 2450
80 36 100
80 36 2450
81 36 100
81 36 2450
82 36 100
82 36 2450
83 36 100
83 36 2450
84 36 100
84 36 2450
85 36 100
85 36 2450
86 36 100
86 36 2450
87 36 100
87 36 2450
88 36 100
88 36 2450
89 36 100
89 36 2450
90 36 100
90 36 2450
91 36 100
91 36 2450
92 36 100
92 36 2450
93 36 100
93 36 2450
94 36 100
94 36 2450
95 36 100
95 36 2450
96 36 100
96 36 2450
97 36 100
97 36 2450
98 36 100
98 36 2450
99 36 100
99 36 2450
100 36 100
100 36 2450
101 36 100
101 36 2450
102 36 100
102 36 2450
103 36 100
104 36 100
105 36 100
106 36 100
107 36 100
108 36 100
109 36 100
110 36 100
111 36 100
112 36 100
113 36 100
114 36 100
115 36 100
116 36 100
117 36 100
118 36 100
119 36 100
120 36 100
120 36 2450
121 36 100
121 36 2450
122 36 100
122 36 2450
123 36 100
123 36 2450
124 36 100
124 36 2450
125 36 100
125 36 2450
126 36 100
126 36 2450
127 36 100
127 36 2450
127 37 100
127 37 2450
127 38 100
127 38 2450
127 39 100
127 39 2450
127 40 100
127 40 2450
127 41 100
127 41 2450
127 42 100
127 42 2450
127 43 100
127 43 2450
127 44 100
127 44 2450
127 45 100
127 45 2450
127 46 100
127 46 2450
127 47 100
127 47 2450
127 47 1225
127 48 100
127 48 2450
127 48 1225
127 49 100
127 49 2450
127 49 1225
127 50 100
127 50 2450
127 50 1225
127 51 100
127 51 2450
127 51 1225
127 52 100
127 52 2450
127 52 1225
127 53 100
127 53 2450
127 54 100
127 54 2450
127 55 100
127 55 2450
127 56 100
127 56 2450
127 57 100
127 57 2450
127 58 100
127 58 2450
127 59 100
127 59 2450
127 60 100
127 60 2450
127 61 100
127 61 2450
127 62 100
127 62 2450
127 63 100
127 63 2450
127 64 100
127 64 2450
127 65 100
127 66 100
127 67 100
127 68 100
127 69 100
127 70 100
127 71 100
127 72 100
127 73 100
127 74 100
127 75 100
127 75 2450
127 76 100
127 76 2450
127 77 100
127 77 2450
127 78 100
127 78 2450
127 79 100
127 79 2450
127 80 100
127 80 2450
127 81 100
127 81 2450
127 82 100
127 82 2450
127 83 100
127 83 2450
127 84 100
127 84 2450
127 85 100
127 85 2450
127 86 100
127 86 2450
127 87 100
127 87 2450
127 88 100
127 88 2450
127 89 100
127 89 2450
127 90 100
127 90 2450
127 91 100
127 91 2450
127 92 100
127 92 2450
127 93 100
127 93 2450
127 94 100
127 94 2450
127 95 100
127 95 2450
127 96 100
127 97 100
127 98 100
127 99 100
127 100 100
127 101 100
127 102 100
127 103 100
127 104 100
127 105 100
127 106 100
127 107 100
127 108 100
127 109 100
127 109 2450
127 110 100
127 110 2450
127 111 100
127 111 2450
127 112 100
127 112 2450
127 113 100
127 113 2450
127 114 100
127 114 2450
127 115 100
127 115 2450
127 116 100
127 116 2450
127 117 100
127 117 2450
127 118 100
127 118 2450
127 119 100
127 119 2450
127 120 100
127 120 2450
127 121 100
127 121 2450
127 122 100
127 122 2450
127 123 100
127 123 2450
127 124 100
127 124 2450
127 125 100
127 125 2450
127 126 100
127 126 2450
127 127 100
127 127 2450
127 128 100
127 128 2450
127 129 100
127 129 2450
127 130 100
127 130 2450
127 131 100
127 131 2450
127 132 100
127 132 2450
127 133 100
127 133 2450
127 134 100
127 134 2450
127 135 100
127 135 2450
58 97 100
59 97 100
60 97 100
61 97 100
62 97 100
63 97 100
64 97 100
64 97 2450
65 97 100
65 97 2450
66 97 100
66 97 2450
67 97 100
67 97 2450
68 97 100
68 97 2450
69 97 100
69 97 2450
70 97 100
70 97 2450
71 97 100
71 97 2450
72 97 100
72 97 2450
73 97 100
73 97 2450
74 97 100
74 97 2450
75 97 100
75 97 2450
76 97 100
76 97 2450
77 97 100
77 97 2450
78 97 100
78 97 2450
79 97 100
79 97 2450
80 97 100
80 97 2450
81 97 100
81 97 2450
82 97 100
82 97 2450
83 97 100
83 97 2450
84 97 100
84 97 2450
85 97 100
85 97 2450
86 97 100
86 97 2450
87 97 100
87 97 2450
88 97 100
89 97 100
90 97 100
91 97 100
92 97 100
93 97 100
94 97 100
95 97 100
96 97 100
97 97 100
98 97 100
99 97 100
100 97 100
101 97 100
102 97 100
103 97 100
104 97 100
105 97 100
106 97 100
107 97 100
108 97 100
109 97 100
110 97 100
111 97 100
112 97 100
112 97 2450
113 97 100
113 97 2450
114 97 100
114 97 2450
115 97 100
115 97 2450
116 97 100
116 97 2450
117 97 100
117 97 2450
118 97 100
118 97 2450
119 97 100
119 97 2450
120 97 100
120 97 2450
121 97 100
121 97 2450
122 97 100
122 97 2450
123 97 100
123 97 2450
124 97 100
124 97 2450
125 97 100
125 97 2450
126 97 100
45 48 100
45 48 2450
46 48 100
46 48 2450
47 48 100
47 48 2450
48 48 100
48 48 2450
49 48 100
49 48 2450
50 48 100
50 48 2450
51 48 100
51 48 2450
52 48 100
52 48 2450
53 48 100
53 48 2450
54 48 100
54 48 2450
55 48 100
55 48 2450
56 48 100
56 48 2450
57 48 100
57 48 2450
58 48 100
58 48 2450
59 48 100
59 48 2450
60 48 100
60 48 2450
61 48 100
61 48 2450
62 48 100
62 48 2450
63 48 100
63 48 2450
64 48 100
64 48 2450
65 48 100
65 48 2450
66 48 100
66 48 2450
67 48 100
67 48 2450
68 48 100
68 48 2450
69 48 100
69 48 2450
70 48 100
70 48 2450
71 48 100
71 48 2450
72 48 100
72 48 2450
73 48 100
73 48 2450
74 48 100
74 48 2450
75 48 100
75 48 2450
76 48 100
76 48 2450
77 48 100
77 48 2450
78 48 100
78 48 2450
79 48 100
79 48 2450
80 48 100
80 48 2450
81 48 100
81 48 2450
82 48 100
82 48 2450
83 48 100
83 48 2450
84 48 100
84 48 2450
85 48 100
85 48 2450
86 48 100
86 48 2450
87 48 100
87 48 2450
88 48 100
88 48 2450
89 48 100
89 48 2450
90 48 100
90 48 2450
91 48 100
91 48 2450
92 48 100
92 48 2450
93 48 100
93 48 2450
94 48 100
94 48 2450
95 48 100
96 48 100
97 48 100
98 48 100
99 48 100
100 48 100
101 48 100
102 48 100
103 48 100
104 48 100
105 48 100
106 48 100
107 48 100
108 48 100
109 48 100
110 48 100
111 48 100
112 48 100
113 48 100
114 48 100
115 48 100
116 48 100
116 48 2450
117 48 100
117 48 2450
118 48 100
118 48 2450
119 48 100
119 48 2450
120 48 100
120 48 2450
121 48 100
121 48 2450
122 48 100
122 48 2450
123 48 100
123 48 2450
124 48 100
124 48 2450
125 48 100
125 48 2450
126 48 100
126 48 2450
186 103 100
185 103 100
184 103 100
183 103 100
182 103 100
181 103 100
180 103 100
179 103 100
178 103 100
177 103 100
176 103 100
176 103 2450
175 103 100
175 103 2450
174 103 100
174 103 2450
173 103 100
173 103 2450
172 103 100
172 103 2450
171 103 100
171 103 2450
170 103 100
170 103 2450
169 103 100
169 103 2450
168 103 100
168 103 2450
167 103 100
167 103 2450
166 103 100
166 103 2450
165 103 100
165 103 2450
164 103 100
164 103 2450
163 103 100
163 103 2450
162 103 100
162 103 2450
161 103 100
161 103 2450
160 103 100
160 103 2450
159 103 100
159 103 2450
158 103 100
158 103 2450
157 103 100
157 103 2450
156 103 100
156 103 2450
155 103 100
155 103 2450
154 103 100
154 103 2450
153 103 100
153 103 2450
152 103 100
152 103 2450
151 103 100
151 103 2450
150 103 100
150 103 2450
149 103 100
149 103 2450
148 103 100
148 103 2450
147 103 100
147 103 2450
146 103 100
146 103 2450
145 103 100
144 103 100
143 103 100
142 103 100
141 103 100
140 103 100
139 103 100
138 103 100
137 103 100
136 103 100
135 103 100
134 103 100
133 103 100
132 103 100
131 103 100
130 103 100
129 103 100
128 103 100
98 10 100
99 10 100
100 10 100
101 10 100
102 10 100
103 10 100
104 10 100
105 10 100
106 10 100
107 10 100
108 10 100
109 10 100
110 10 100
111 10 100
112 10 100
113 10 100
113 10 2450
114 10 100
114 10 2450
115 10 100
115 10 2450
116 10 100
116 10 2450
117 10 100
117 10 2450
118 10 100
118 10 2450
119 10 100
119 10 2450
120 10 100
120 10 2450
121 10 100
121 10 2450
122 10 100
122 10 2450
123 10 100
123 10 2450
124 10 100
124 10 2450
125 10 100
125 10 2450
126 10 100
126 10 2450
127 10 100
127 10 2450
127 11 100
127 11 2450
127 12 100
127 12 2450
127 13 100
127 13 2450
127 14 100
127 14 2450
127 15 100
127 15 2450
127 16 100
127 16 2450
127 17 100
127 17 2450
127 18 100
127 18 2450
127 19 100
127 19 2450
127 20 100
127 20 2450
127 21 100
127 21 2450
127 22 100
127 22 2450
127 23 100
127 23 2450
127 24 100
127 24 2450
127 25 100
127 25 2450
127 26 100
127 26 2450
127 27 100
127 27 2450
127 28 100
127 28 2450
127 29 100
127 29 2450
127 30 100
127 30 2450
127 31 100
127 31 2450
127 32 100
127 32 2450
127 33 100
127 33 2450
127 34 100
127 34 2450
127 35 100
127 35 2450
113 31 100
114 31 100
115 31 100
116 31 100
117 31 100
118 31 100
119 31 100
119 31 2450
120 31 100
120 31 2450
121 31 100
121 31 2450
122 31 100
122 31 2450
123 31 100
123 31 2450
124 31 100
124 31 2450
125 31 100
125 31 2450
126 31 100
126 31 2450
86 90 100
87 90 100
88 90 100
89 90 100
90 90 100
91 90 100
92 90 100
93 90 100
94 90 100
95 90 100
96 90 100
97 90 100
98 90 100
99 90 100
100 90 100
101 90 100
102 90 100
103 90 100
104 90 100
105 90 100
106 90 100
107 90 100
108 90 100
109 90 100
110 90 100
111 90 100
112 90 100
112 90 2450
113 90 100
113 90 2450
114 90 100
114 90 2450
115 90 100
115 90 2450
116 90 100
116 90 2450
117 90 100
117 90 2450
118 90 100
118 90 2450
119 90 100
119 90 2450
120 90 100
120 90 2450
121 90 100
121 90 2450
122 90 100
122 90 2450
123 90 100
123 90 2450
124 90 100
124 90 2450
125 90 100
125 90 2450
126 90 100
126 90 2450
113 60 100
114 60 100
115 60 100
116 60 100
117 60 100
118 60 100
119 60 100
120 60 100
121 60 100
122 60 100
123 60 100
124 60 100
124 60 2450
125 60 100
125 60 2450
126 60 100
126 60 2450
124 105 100
124 105 2450
125 105 100
125 105 2450
126 105 100
