166 199 100
165 199 100
164 199 100
163 199 100
162 199 100
161 199 100
160 199 100
159 199 100
158 199 100
157 199 100
156 199 100
155 199 100
154 199 100
153 199 100
152 199 100
152 199 2450
151 199 100
151 199 2450
150 199 100
150 199 2450
149 199 100
148 199 100
147 199 100
146 199 100
145 199 100
144 199 100
143 199 100
142 199 100
141 199 100
140 199 100
139 199 100
138 199 100
137 199 100
136 199 100
135 199 100
134 199 100
133 199 100
132 199 100
132 199 2450
131 199 100
131 199 2450
130 199 100
130 199 2450
129 199 100
129 199 2450
128 199 100
128 199 2450
127 199 100
127 199 2450
126 199 100
126 199 2450
125 199 100
125 199 2450
124 199 100
124 199 2450
123 199 100
123 199 2450
122 199 100
122 199 2450
122 199 1225
121 199 100
121 199 2450
121 199 1225
120 199 100
120 199 2450
120 199 1225
119 199 100
119 199 2450
119 199 1225
118 199 100
118 199 2450
118 199 1225
117 199 100
117 199 2450
117 199 1225
116 199 100
116 199 2450
116 199 1225
115 199 100
115 199 2450
114 199 100
114 199 2450
113 199 100
113 199 2450
112 199 100
112 199 2450
111 199 100
111 199 2450
110 199 100
110 199 2450
109 199 100
109 199 2450
108 199 100
108 199 2450
107 199 100
107 199 2450
106 199 100
106 199 2450
105 199 100
105 199 2450
104 199 100
103 199 100
102 199 100
101 199 100
100 199 100
99 199 100
98 199 100
97 199 100
96 199 100
95 199 100
94 199 100
93 199 100
92 199 100
91 199 100
90 199 100
89 199 100
88 199 100
87 199 100
86 199 100
86 199 2450
85 199 100
85 199 2450
84 199 100
84 199 2450
83 199 100
83 199 2450
82 199 100
82 199 2450
81 199 100
81 199 2450
80 199 100
80 199 2450
79 199 100
79 199 2450
78 199 100
78 199 2450
77 199 100
77 199 2450
76 199 100
76 199 2450
75 199 100
75 199 2450
74 199 100
74 199 2450
73 199 100
73 199 2450
72 199 100
72 199 2450
71 199 100
71 199 2450
70 199 100
69 199 100
68 199 100
67 199 100
66 199 100
65 199 100
64 199 100
63 199 100
62 199 100
61 199 100
60 199 100
59 199 100
58 199 100
57 199 100
56 199 100
55 199 100
54 199 100
54 199 2450
53 199 100
53 199 2450
52 199 100
52 199 2450
51 199 100
51 199 2450
50 199 100
50 199 2450
49 199 100
49 199 2450
48 199 100
48 199 2450
47 199 100
47 199 2450
46 199 100
46 199 2450
45 199 100
45 199 2450
44 199 100
44 199 2450
43 199 100
43 199 2450
42 199 100
42 199 2450
41 199 100
41 199 2450
40 199 100
40 199 2450
40 198 100
40 198 2450
40 197 100
40 197 2450
40 196 100
40 196 2450
40 195 100
40 195 2450
40 194 100
40 194 2450
40 193 100
40 193 2450
40 192 100
40 192 2450
40 191 100
40 191 2450
40 190 100
40 190 2450
40 189 100
40 189 2450
40 188 100
40 188 2450
40 187 100
40 187 2450
40 186 100
40 186 2450
40 185 100
40 185 2450
40 184 100
40 184 2450
40 183 100
40 183 2450
40 182 100
40 182 2450
40 181 100
40 181 2450
40 180 100
40 179 100
40 178 100
40 177 100
40 176 100
40 175 100
40 174 100
40 173 100
40 172 100
40 171 100
40 170 100
40 169 100
40 168 100
40 167 100
40 166 100
40 165 100
40 164 100
40 163 100
40 162 100
40 100 100
40 101 100
40 102 100
40 103 100
40 104 100
40 105 100
40 106 100
40 107 100
40 108 100
40 109 100
40 110 100
40 111 100
40 112 100
40 113 100
40 114 100
40 115 100
40 116 100
40 117 100
40 118 100
40 119 100
40 120 100
40 121 100
40 122 100
40 123 100
40 124 100
40 125 100
40 126 100
40 126 2450
40 127 100
40 127 2450
40 128 100
40 128 2450
40 129 100
40 129 2450
40 130 100
40 130 2450
40 131 100
40 131 2450
40 132 100
40 132 2450
40 133 100
40 133 2450
40 134 100
40 134 2450
40 135 100
40 135 2450
40 136 100
40 136 2450
40 137 100
40 137 2450
40 138 100
40 139 100
40 140 100
40 141 100
40 142 100
40 143 100
40 144 100
40 145 100
40 146 100
40 147 100
40 148 100
40 149 100
40 150 100
40 151 100
40 152 100
40 153 100
40 154 100
40 155 100
40 156 100
40 157 100
40 158 100
40 159 100
40 160 100
40 161 100
140 34 100
140 34 2450
139 34 100
139 34 2450
138 34 100
138 34 2450
137 34 100
137 34 2450
136 34 100
136 34 2450
135 34 100
135 34 2450
134 34 100
134 34 2450
133 34 100
133 34 2450
132 34 100
132 34 2450
132 34 1225
131 34 100
131 34 2450
131 34 1225
130 34 100
130 34 2450
130 34 1225
129 34 100
129 34 2450
129 34 1225
128 34 100
128 34 2450
128 34 1225
127 34 100
127 34 2450
127 34 1225
126 34 100
126 34 2450
126 34 1225
125 34 100
125 34 2450
125 34 1225
124 34 100
124 34 2450
123 34 100
123 34 2450
122 34 100
122 34 2450
121 34 100
121 34 2450
120 34 100
120 34 2450
119 34 100
119 34 2450
118 34 100
118 34 2450
117 34 100
117 34 2450
116 34 100
116 34 2450
115 34 100
115 34 2450
114 34 100
114 34 2450
113 34 100
113 34 2450
112 34 100
112 34 2450
111 34 100
111 34 2450
110 34 100
110 34 2450
109 34 100
109 34 2450
108 34 100
108 34 2450
107 34 100
107 34 2450
106 34 100
106 34 2450
105 34 100
105 34 2450
105 34 1225
104 34 100
104 34 2450
104 34 1225
103 34 100
103 34 2450
103 34 1225
103 34 612
102 34 100
102 34 2450
102 34 1225
102 34 612
101 34 100
101 34 2450
101 34 1225
101 34 612
101 34 306
100 34 100
100 34 2450
100 34 1225
100 34 612
100 34 306
99 34 100
99 34 2450
99 34 1225
99 34 612
99 34 306
98 34 100
98 34 2450
98 34 1225
98 34 612
98 34 306
97 34 100
97 34 2450
97 34 1225
97 34 612
96 34 100
96 34 2450
96 34 1225
96 34 612
95 34 100
95 34 2450
95 34 1225
94 34 100
94 34 2450
94 34 1225
93 34 100
93 34 2450
92 34 100
92 34 2450
91 34 100
91 34 2450
90 34 100
90 34 2450
89 34 100
88 34 100
87 34 100
86 34 100
85 34 100
84 34 100
83 34 100
82 34 100
81 34 100
80 34 100
79 34 100
78 34 100
77 34 100
76 34 100
75 34 100
74 34 100
73 34 100
72 34 100
71 34 100
70 34 100
69 34 100
68 34 100
67 34 100
66 34 100
66 34 2450
65 34 100
65 34 2450
64 34 100
64 34 2450
63 34 100
63 34 2450
62 34 100
62 34 2450
61 34 100
61 34 2450
60 34 100
60 34 2450
59 34 100
59 34 2450
58 34 100
58 34 2450
57 34 100
57 34 2450
56 34 100
56 34 2450
55 34 100
55 34 2450
54 34 100
54 34 2450
53 34 100
52 34 100
51 34 100
50 34 100
50 34 2450
49 34 100
49 34 2450
48 34 100
48 34 2450
47 34 100
47 34 2450
46 34 100
46 34 2450
45 34 100
45 34 2450
44 34 100
44 34 2450
43 34 100
43 34 2450
42 34 100
42 34 2450
41 34 100
41 34 2450
40 34 100
40 34 2450
40 35 100
40 35 2450
40 36 100
40 36 2450
40 37 100
40 37 2450
40 38 100
40 38 2450
40 39 100
40 39 2450
40 40 100
40 40 2450
40 41 100
40 41 2450
40 42 100
40 42 2450
40 43 100
40 43 2450
40 44 100
40 44 2450
40 45 100
40 45 2450
40 46 100
40 46 2450
40 47 100
40 48 100
40 49 100
40 50 100
40 51 100
40 52 100
40 53 100
40 54 100
40 55 100
40 56 100
40 57 100
40 58 100
40 59 100
40 60 100
40 61 100
40 62 100
40 63 100
40 64 100
40 65 100
40 66 100
40 67 100
40 68 100
40 69 100
40 70 100
40 71 100
40 72 100
40 73 100
40 74 100
40 75 100
40 76 100
40 77 100
40 78 100
40 79 100
40 80 100
40 81 100
40 82 100
40 83 100
40 84 100
40 85 100
40 86 100
40 87 100
40 88 100
40 89 100
40 90 100
40 91 100
40 92 100
40 93 100
40 94 100
40 95 100
40 96 100
40 97 100
40 98 100
40 99 100
70 54 100
69 54 100
68 54 100
67 54 100
66 54 100
65 54 100
64 54 100
63 54 100
62 54 100
61 54 100
60 54 100
59 54 100
58 54 100
57 54 100
56 54 100
55 54 100
54 54 100
53 54 100
52 54 100
51 54 100
50 54 100
49 54 100
48 54 100
47 54 100
46 54 100
45 54 100
44 54 100
43 54 100
42 54 100
41 54 100
127 158 100
126 158 100
125 158 100
124 158 100
123 158 100
122 158 100
121 158 100
120 158 100
119 158 100
118 158 100
117 158 100
116 158 100
115 158 100
114 158 100
114 158 2450
113 158 100
113 158 2450
112 158 100
112 158 2450
111 158 100
110 158 100
109 158 100
108 158 100
107 158 100
106 158 100
105 158 100
104 158 100
103 158 100
102 158 100
101 158 100
100 158 100
99 158 100
98 158 100
97 158 100
96 158 100
95 158 100
94 158 100
93 158 100
92 158 100
91 158 100
90 158 100
89 158 100
88 158 100
87 158 100
86 158 100
85 158 100
84 158 100
83 158 100
82 158 100
81 158 100
80 158 100
79 158 100
78 158 100
77 158 100
76 158 100
75 158 100
74 158 100
73 158 100
72 158 100
71 158 100
70 158 100
69 158 100
68 158 100
67 158 100
66 158 100
65 158 100
64 158 100
63 158 100
62 158 100
62 158 2450
61 158 100
61 158 2450
60 158 100
60 158 2450
59 158 100
59 158 2450
58 158 100
57 158 100
56 158 100
55 158 100
54 158 100
53 158 100
52 158 100
51 158 100
50 158 100
49 158 100
48 158 100
47 158 100
46 158 100
45 158 100
44 158 100
43 158 100
42 158 100
41 158 100
30 195 100
31 195 100
32 195 100
33 195 100
33 195 2450
34 195 100
34 195 2450
35 195 100
35 195 2450
36 195 100
36 195 2450
37 195 100
37 195 2450
38 195 100
38 195 2450
39 195 100
39 195 2450
77 18 100
76 18 100
75 18 100
74 18 100
73 18 100
72 18 100
71 18 100
70 18 100
69 18 100
68 18 100
67 18 100
66 18 100
65 18 100
64 18 100
63 18 100
62 18 100
61 18 100
60 18 100
59 18 100
58 18 100
57 18 100
57 18 2450
56 18 100
56 18 2450
55 18 100
55 18 2450
54 18 100
54 18 2450
53 18 100
53 18 2450
52 18 100
52 18 2450
51 18 100
51 18 2450
50 18 100
50 18 2450
49 18 100
49 18 2450
48 18 100
48 18 2450
47 18 100
47 18 2450
46 18 100
45 18 100
44 18 100
43 18 100
42 18 100
41 18 100
40 18 100
40 19 100
40 20 100
40 21 100
40 22 100
40 23 100
40 24 100
40 25 100
40 26 100
40 27 100
40 28 100
40 29 100
40 30 100
40 30 2450
40 31 100
40 31 2450
40 32 100
40 32 2450
40 33 100
40 33 2450
