131 123 100
130 123 100
130 123 2450
129 123 100
129 123 2450
128 123 100
128 123 2450
127 123 100
127 123 2450
126 123 100
126 123 2450
125 123 100
125 123 2450
124 123 100
124 123 2450
123 123 100
123 123 2450
122 123 100
122 123 2450
121 123 100
121 123 2450
120 123 100
120 123 2450
119 123 100
119 123 2450
118 123 100
118 123 2450
117 123 100
117 123 2450
116 123 100
116 123 2450
115 123 100
115 123 2450
114 123 100
114 123 2450
113 123 100
113 123 2450
112 123 100
112 123 2450
111 123 100
111 123 2450
110 123 100
110 123 2450
110 123 1225
109 123 100
109 123 2450
109 123 1225
108 123 100
108 123 2450
108 123 1225
107 123 100
107 123 2450
107 123 1225
106 123 100
106 123 2450
106 123 1225
105 123 100
105 123 2450
105 123 1225
105 123 612
104 123 100
104 123 2450
104 123 1225
104 123 612
103 123 100
103 123 2450
103 123 1225
103 123 612
102 123 100
102 123 2450
102 123 1225
102 123 612
101 123 100
101 123 2450
101 123 1225
101 123 612
100 123 100
100 123 2450
100 123 1225
100 123 612
99 123 100
99 123 2450
99 123 1225
98 123 100
98 123 2450
98 123 1225
97 123 100
97 123 2450
97 123 1225
96 123 100
96 123 2450
96 123 1225
95 123 100
95 123 2450
94 123 100
94 123 2450
93 123 100
93 123 2450
92 123 100
92 123 2450
91 123 100
91 123 2450
91 122 100
91 122 2450
91 121 100
91 121 2450
91 120 100
91 120 2450
91 119 100
91 119 2450
91 118 100
91 118 2450
91 117 100
91 117 2450
91 116 100
91 116 2450
91 115 100
91 115 2450
91 114 100
91 114 2450
91 113 100
91 113 2450
91 112 100
91 112 2450
91 111 100
91 111 2450
91 110 100
91 110 2450
91 109 100
91 109 2450
91 108 100
91 108 2450
91 107 100
91 107 2450
91 106 100
91 106 2450
91 105 100
91 105 2450
91 104 100
91 103 100
91 102 100
91 101 100
91 100 100
91 99 100
91 98 100
91 97 100
91 96 100
91 95 100
91 94 100
91 93 100
91 92 100
18 108 100
18 108 2450
18 108 1225
19 108 100
19 108 2450
19 108 1225
20 108 100
20 108 2450
20 108 1225
21 108 100
21 108 2450
21 108 1225
22 108 100
22 108 2450
22 108 1225
23 108 100
23 108 2450
23 108 1225
24 108 100
24 108 2450
25 108 100
25 108 2450
26 108 100
26 108 2450
27 108 100
27 108 2450
28 108 100
28 108 2450
28 108 1225
29 108 100
29 108 2450
29 108 1225
30 108 100
30 108 2450
30 108 1225
31 108 100
31 108 2450
32 108 100
32 108 2450
33 108 100
33 108 2450
34 108 100
34 108 2450
35 108 100
35 108 2450
36 108 100
36 108 2450
37 108 100
37 108 2450
38 108 100
38 108 2450
39 108 100
39 108 2450
40 108 100
40 108 2450
41 108 100
41 108 2450
42 108 100
42 108 2450
43 108 100
43 108 2450
44 108 100
44 108 2450
45 108 100
45 108 2450
46 108 100
46 108 2450
47 108 100
47 108 2450
48 108 100
48 108 2450
49 108 100
49 108 2450
50 108 100
50 108 2450
51 108 100
51 108 2450
52 108 100
53 108 100
54 108 100
55 108 100
56 108 100
57 108 100
58 108 100
59 108 100
60 108 100
61 108 100
62 108 100
63 108 100
64 108 100
65 108 100
66 108 100
67 108 100
68 108 100
69 108 100
70 108 100
71 108 100
72 108 100
73 108 100
74 108 100
75 108 100
76 108 100
77 108 100
78 108 100
79 108 100
80 108 100
81 108 100
82 108 100
82 108 2450
83 108 100
83 108 2450
84 108 100
84 108 2450
85 108 100
85 108 2450
86 108 100
86 108 2450
87 108 100
87 108 2450
88 108 100
88 108 2450
89 108 100
89 108 2450
90 108 100
90 108 2450
198 188 100
197 188 100
196 188 100
195 188 100
194 188 100
193 188 100
192 188 100
191 188 100
190 188 100
189 188 100
188 188 100
187 188 100
186 188 100
185 188 100
184 188 100
183 188 100
182 188 100
181 188 100
180 188 100
179 188 100
178 188 100
177 188 100
176 188 100
175 188 100
174 188 100
173 188 100
172 188 100
171 188 100
171 188 2450
170 188 100
170 188 2450
169 188 100
169 188 2450
168 188 100
168 188 2450
167 188 100
167 188 2450
166 188 100
166 188 2450
165 188 100
165 188 2450
164 188 100
164 188 2450
163 188 100
163 188 2450
162 188 100
162 188 2450
161 188 100
161 188 2450
160 188 100
160 188 2450
159 188 100
159 188 2450
158 188 100
158 188 2450
157 188 100
157 188 2450
156 188 100
156 188 2450
155 188 100
155 188 2450
154 188 100
154 188 2450
153 188 100
153 188 2450
152 188 100
152 188 2450
151 188 100
151 188 2450
150 188 100
150 188 2450
149 188 100
149 188 2450
148 188 100
148 188 2450
147 188 100
147 188 2450
146 188 100
146 188 2450
145 188 100
145 188 2450
144 188 100
144 188 2450
143 188 100
143 188 2450
142 188 100
142 188 2450
141 188 100
141 188 2450
140 188 100
140 188 2450
139 188 100
139 188 2450
138 188 100
138 188 2450
137 188 100
137 188 2450
136 188 100
136 188 2450
135 188 100
135 188 2450
134 188 100
134 188 2450
134 188 1225
133 188 100
133 188 2450
133 188 1225
132 188 100
132 188 2450
132 188 1225
131 188 100
131 188 2450
131 188 1225
131 188 612
130 188 100
130 188 2450
130 188 1225
130 188 612
129 188 100
129 188 2450
129 188 1225
129 188 612
128 188 100
128 188 2450
128 188 1225
128 188 612
128 188 306
127 188 100
127 188 2450
127 188 1225
127 188 612
127 188 306
126 188 100
126 188 2450
126 188 1225
126 188 612
126 188 306
125 188 100
125 188 2450
125 188 1225
125 188 612
125 188 306
124 188 100
124 188 2450
124 188 1225
124 188 612
124 188 306
124 188 153
123 188 100
123 188 2450
123 188 1225
123 188 612
123 188 306
123 188 153
122 188 100
122 188 2450
122 188 1225
122 188 612
122 188 306
122 188 153
122 188 77
121 188 100
121 188 2450
121 188 1225
121 188 612
121 188 306
121 188 153
120 188 100
120 188 2450
120 188 1225
120 188 612
120 188 306
120 188 153
119 188 100
119 188 2450
119 188 1225
119 188 612
119 188 306
119 188 153
118 188 100
118 188 2450
118 188 1225
118 188 612
118 188 306
118 188 153
117 188 100
117 188 2450
117 188 1225
117 188 612
117 188 306
116 188 100
116 188 2450
116 188 1225
116 188 612
116 188 306
115 188 100
115 188 2450
115 188 1225
115 188 612
115 188 306
114 188 100
114 188 2450
114 188 1225
114 188 612
113 188 100
113 188 2450
113 188 1225
113 188 612
112 188 100
112 188 2450
112 188 1225
112 188 612
111 188 100
111 188 2450
111 188 1225
111 188 612
110 188 100
110 188 2450
110 188 1225
109 188 100
109 188 2450
109 188 1225
108 188 100
108 188 2450
108 188 1225
107 188 100
107 188 2450
107 188 1225
106 188 100
106 188 2450
106 188 1225
105 188 100
105 188 2450
104 188 100
104 188 2450
103 188 100
103 188 2450
102 188 100
102 188 2450
101 188 100
101 188 2450
100 188 100
100 188 2450
99 188 100
99 188 2450
98 188 100
98 188 2450
97 188 100
97 188 2450
96 188 100
96 188 2450
95 188 100
95 188 2450
94 188 100
94 188 2450
93 188 100
93 188 2450
92 188 100
92 188 2450
91 188 100
91 188 2450
91 187 100
91 187 2450
91 186 100
91 186 2450
91 185 100
91 185 2450
91 184 100
91 184 2450
91 183 100
91 183 2450
91 182 100
91 182 2450
91 181 100
91 181 2450
91 180 100
91 180 2450
91 179 100
91 179 2450
91 178 100
91 178 2450
91 177 100
91 177 2450
91 176 100
91 176 2450
91 175 100
91 175 2450
91 174 100
91 173 100
91 172 100
91 171 100
91 170 100
91 169 100
91 168 100
91 167 100
91 167 2450
91 166 100
91 166 2450
91 165 100
91 165 2450
91 164 100
91 164 2450
91 163 100
91 163 2450
91 162 100
91 162 2450
91 161 100
91 161 2450
91 160 100
91 160 2450
91 159 100
91 159 2450
91 158 100
91 158 2450
91 157 100
91 157 2450
91 156 100
91 156 2450
91 155 100
91 155 2450
91 154 100
91 154 2450
91 153 100
91 153 2450
91 152 100
91 152 2450
91 151 100
91 151 2450
91 150 100
91 150 2450
91 149 100
91 149 2450
91 148 100
91 148 2450
91 147 100
91 147 2450
91 146 100
91 146 2450
91 145 100
91 145 2450
91 144 100
91 144 2450
91 143 100
91 143 2450
91 142 100
91 142 2450
91 141 100
91 141 2450
91 140 100
91 140 2450
91 139 100
91 139 2450
91 138 100
91 138 2450
91 137 100
91 137 2450
91 136 100
91 136 2450
91 135 100
91 135 2450
91 134 100
91 134 2450
91 133 100
91 133 2450
91 132 100
91 132 2450
91 131 100
91 131 2450
91 130 100
91 130 2450
91 129 100
91 129 2450
91 128 100
91 128 2450
91 127 100
91 127 2450
91 126 100
91 126 2450
91 125 100
91 125 2450
91 124 100
91 124 2450
110 23 100
109 23 100
108 23 100
107 23 100
106 23 100
105 23 100
104 23 100
103 23 100
102 23 100
101 23 100
100 23 100
99 23 100
99 23 2450
98 23 100
98 23 2450
97 23 100
97 23 2450
96 23 100
96 23 2450
95 23 100
95 23 2450
94 23 100
94 23 2450
93 23 100
93 23 2450
92 23 100
92 23 2450
91 23 100
91 23 2450
91 24 100
91 24 2450
91 25 100
91 25 2450
91 26 100
91 26 2450
91 27 100
91 27 2450
91 28 100
91 28 2450
91 29 100
91 29 2450
91 30 100
91 30 2450
91 31 100
91 31 2450
91 32 100
91 33 100
91 34 100
91 35 100
91 36 100
91 37 100
91 38 100
91 39 100
91 39 2450
91 40 100
91 40 2450
91 41 100
91 41 2450
91 42 100
91 42 2450
91 43 100
91 43 2450
91 44 100
91 44 2450
91 45 100
91 45 2450
91 46 100
91 46 2450
91 47 100
91 47 2450
91 48 100
91 48 2450
91 49 100
91 49 2450
91 50 100
91 50 2450
91 51 100
91 51 2450
91 52 100
91 52 2450
91 53 100
91 53 2450
91 54 100
91 54 2450
91 55 100
91 55 2450
91 56 100
91 56 2450
91 57 100
91 57 2450
91 58 100
91 58 2450
91 59 100
91 59 2450
91 60 100
91 60 2450
91 61 100
91 61 2450
91 62 100
91 62 2450
91 63 100
91 63 2450
91 64 100
91 64 2450
91 65 100
91 65 2450
91 66 100
91 66 2450
91 67 100
91 67 2450
91 68 100
91 68 2450
91 69 100
91 70 100
91 71 100
91 72 100
91 73 100
91 74 100
91 75 100
91 76 100
91 77 100
91 78 100
91 79 100
91 80 100
91 81 100
91 82 100
91 83 100
91 84 100
91 85 100
91 86 100
91 87 100
91 88 100
91 89 100
91 90 100
91 91 100
188 83 100
187 83 100
186 83 100
185 83 100
184 83 100
183 83 100
182 83 100
181 83 100
180 83 100
179 83 100
178 83 100
177 83 100
176 83 100
175 83 100
174 83 100
173 83 100
172 83 100
171 83 100
170 83 100
169 83 100
168 83 100
167 83 100
166 83 100
165 83 100
164 83 100
163 83 100
162 83 100
161 83 100
160 83 100
159 83 100
158 83 100
157 83 100
156 83 100
155 83 100
154 83 100
153 83 100
153 83 2450
152 83 100
152 83 2450
151 83 100
151 83 2450
150 83 100
150 83 2450
149 83 100
149 83 2450
148 83 100
148 83 2450
147 83 100
147 83 2450
146 83 100
146 83 2450
145 83 100
145 83 2450
144 83 100
144 83 2450
143 83 100
143 83 2450
142 83 100
142 83 2450
141 83 100
141 83 2450
141 83 1225
140 83 100
140 83 2450
140 83 1225
139 83 100
139 83 2450
139 83 1225
138 83 100
138 83 2450
138 83 1225
137 83 100
137 83 2450
137 83 1225
137 83 612
136 83 100
136 83 2450
136 83 1225
136 83 612
135 83 100
135 83 2450
135 83 1225
135 83 612
134 83 100
134 83 2450
134 83 1225
134 83 612
133 83 100
133 83 2450
133 83 1225
133 83 612
132 83 100
132 83 2450
132 83 1225
132 83 612
131 83 100
131 83 2450
131 83 1225
131 83 612
130 83 100
130 83 2450
130 83 1225
130 83 612
129 83 100
129 83 2450
129 83 1225
129 83 612
128 83 100
128 83 2450
128 83 1225
128 83 612
127 83 100
127 83 2450
127 83 1225
127 83 612
126 83 100
126 83 2450
126 83 1225
126 83 612
125 83 100
125 83 2450
125 83 1225
125 83 612
124 83 100
124 83 2450
124 83 1225
124 83 612
123 83 100
123 83 2450
123 83 1225
123 83 612
122 83 100
122 83 2450
122 83 1225
122 83 612
121 83 100
121 83 2450
121 83 1225
121 83 612
120 83 100
120 83 2450
120 83 1225
120 83 612
119 83 100
119 83 2450
119 83 1225
119 83 612
118 83 100
118 83 2450
118 83 1225
118 83 612
117 83 100
117 83 2450
117 83 1225
117 83 612
116 83 100
116 83 2450
116 83 1225
116 83 612
115 83 100
115 83 2450
115 83 1225
115 83 612
114 83 100
114 83 2450
114 83 1225
114 83 612
113 83 100
113 83 2450
113 83 1225
112 83 100
112 83 2450
112 83 1225
111 83 100
111 83 2450
111 83 1225
110 83 100
110 83 2450
109 83 100
109 83 2450
108 83 100
108 83 2450
107 83 100
107 83 2450
106 83 100
106 83 2450
105 83 100
105 83 2450
104 83 100
104 83 2450
103 83 100
103 83 2450
102 83 100
101 83 100
100 83 100
99 83 100
98 83 100
97 83 100
96 83 100
95 83 100
94 83 100
93 83 100
92 83 100
