152 102 100
151 102 100
150 102 100
149 102 100
148 102 100
147 102 100
146 102 100
145 102 100
145 102 2450
144 102 100
144 102 2450
143 102 100
143 102 2450
142 102 100
142 102 2450
141 102 100
141 102 2450
140 102 100
140 102 2450
139 102 100
139 102 2450
138 102 100
138 102 2450
137 102 100
137 102 2450
136 102 100
136 102 2450
135 102 100
135 102 2450
134 102 100
134 102 2450
133 102 100
133 102 2450
132 102 100
132 102 2450
131 102 100
131 102 2450
130 102 100
130 102 2450
129 102 100
129 102 2450
128 102 100
128 102 2450
127 102 100
127 102 2450
126 102 100
126 102 2450
125 102 100
125 102 2450
124 102 100
124 102 2450
123 102 100
123 102 2450
122 102 100
122 102 2450
121 102 100
120 102 100
119 102 100
118 102 100
117 102 100
116 102 100
115 102 100
114 102 100
113 102 100
112 102 100
111 102 100
110 102 100
109 102 100
108 102 100
107 102 100
106 102 100
105 102 100
104 102 100
103 102 100
102 102 100
101 102 100
100 102 100
100 102 2450
99 102 100
99 102 2450
98 102 100
98 102 2450
97 102 100
97 102 2450
96 102 100
96 102 2450
95 102 100
95 102 2450
94 102 100
94 102 2450
93 102 100
93 102 2450
92 102 100
92 102 2450
91 102 100
90 102 100
89 102 100
88 102 100
87 102 100
86 102 100
85 102 100
84 102 100
83 102 100
82 102 100
81 102 100
81 102 2450
80 102 100
80 102 2450
79 102 100
79 102 2450
78 102 100
78 102 2450
77 102 100
77 102 2450
76 102 100
76 102 2450
75 102 100
75 102 2450
74 102 100
74 102 2450
73 102 100
73 102 2450
72 102 100
72 102 2450
71 102 100
71 102 2450
70 102 100
70 102 2450
69 102 100
69 102 2450
68 102 100
68 102 2450
67 102 100
67 102 2450
66 102 100
66 102 2450
65 102 100
65 102 2450
64 102 100
64 102 2450
63 102 100
63 102 2450
62 102 100
62 102 2450
61 102 100
61 102 2450
60 102 100
60 102 2450
59 102 100
59 102 2450
58 102 100
58 102 2450
57 102 100
57 102 2450
56 102 100
56 102 2450
55 102 100
55 102 2450
54 102 100
54 102 2450
53 102 100
53 102 2450
52 102 100
52 102 2450
51 102 100
51 102 2450
50 102 100
50 102 2450
49 102 100
49 102 2450
48 102 100
48 102 2450
47 102 100
47 102 2450
46 102 100
46 102 2450
45 102 100
45 102 2450
44 102 100
44 102 2450
43 102 100
43 102 2450
42 102 100
42 102 2450
41 102 100
41 102 2450
40 102 100
40 102 2450
39 102 100
39 102 2450
38 102 100
38 102 2450
37 102 100
37 102 2450
36 102 100
36 102 2450
35 102 100
35 102 2450
34 102 100
34 102 2450
33 102 100
33 102 2450
32 102 100
32 102 2450
31 102 100
31 102 2450
31 103 100
31 103 2450
31 104 100
31 104 2450
31 105 100
31 105 2450
31 106 100
31 106 2450
31 107 100
31 107 2450
31 108 100
31 108 2450
31 109 100
31 109 2450
31 110 100
31 110 2450
31 111 100
31 111 2450
31 112 100
31 112 2450
31 113 100
31 113 2450
31 114 100
31 114 2450
31 115 100
31 115 2450
31 116 100
31 116 2450
31 117 100
31 117 2450
31 118 100
31 118 2450
31 119 100
31 119 2450
31 120 100
31 120 2450
31 121 100
31 121 2450
31 122 100
31 122 2450
31 123 100
31 123 2450
31 124 100
31 124 2450
31 125 100
31 125 2450
31 126 100
31 126 2450
31 126 1225
31 127 100
31 127 2450
31 127 1225
31 128 100
31 128 2450
31 128 1225
31 129 100
31 129 2450
31 129 1225
31 130 100
31 130 2450
31 131 100
31 131 2450
31 132 100
31 132 2450
31 133 100
31 133 2450
31 134 100
31 134 2450
31 135 100
31 135 2450
31 136 100
31 136 2450
31 137 100
31 137 2450
31 138 100
31 138 2450
31 139 100
31 140 100
31 141 100
31 142 100
31 143 100
31 144 100
31 145 100
31 146 100
31 147 100
31 148 100
31 149 100
31 150 100
31 151 100
31 152 100
31 153 100
31 154 100
31 155 100
31 156 100
31 157 100
31 158 100
31 159 100
31 160 100
31 161 100
31 162 100
31 163 100
31 164 100
31 165 100
31 166 100
31 166 2450
31 167 100
31 167 2450
31 168 100
31 168 2450
31 169 100
31 169 2450
31 170 100
31 170 2450
31 171 100
31 171 2450
31 172 100
31 172 2450
31 173 100
31 173 2450
31 174 100
31 174 2450
31 175 100
31 175 2450
31 176 100
31 176 2450
31 177 100
31 177 2450
31 178 100
31 178 2450
31 179 100
31 179 2450
31 180 100
31 180 2450
31 181 100
31 181 2450
31 182 100
31 182 2450
31 183 100
31 184 100
31 185 100
31 186 100
31 187 100
31 188 100
31 189 100
96 163 100
95 163 100
94 163 100
93 163 100
92 163 100
91 163 100
90 163 100
89 163 100
88 163 100
87 163 100
86 163 100
86 163 2450
85 163 100
85 163 2450
84 163 100
84 163 2450
83 163 100
83 163 2450
82 163 100
82 163 2450
81 163 100
81 163 2450
80 163 100
80 163 2450
79 163 100
79 163 2450
78 163 100
78 163 2450
77 163 100
77 163 2450
76 163 100
76 163 2450
75 163 100
75 163 2450
74 163 100
74 163 2450
73 163 100
73 163 2450
72 163 100
72 163 2450
71 163 100
71 163 2450
70 163 100
70 163 2450
69 163 100
69 163 2450
68 163 100
68 163 2450
68 163 1225
67 163 100
67 163 2450
67 163 1225
66 163 100
66 163 2450
65 163 100
65 163 2450
64 163 100
64 163 2450
63 163 100
63 163 2450
62 163 100
62 163 2450
61 163 100
61 163 2450
60 163 100
60 163 2450
59 163 100
59 163 2450
58 163 100
58 163 2450
57 163 100
57 163 2450
56 163 100
56 163 2450
55 163 100
55 163 2450
54 163 100
54 163 2450
53 163 100
53 163 2450
52 163 100
51 163 100
50 163 100
49 163 100
48 163 100
47 163 100
46 163 100
45 163 100
44 163 100
43 163 100
42 163 100
41 163 100
40 163 100
39 163 100
38 163 100
37 163 100
36 163 100
35 163 100
34 163 100
33 163 100
32 163 100
87 39 100
86 39 100
85 39 100
84 39 100
83 39 100
82 39 100
81 39 100
80 39 100
79 39 100
78 39 100
77 39 100
76 39 100
75 39 100
74 39 100
73 39 100
72 39 100
71 39 100
70 39 100
69 39 100
68 39 100
67 39 100
66 39 100
65 39 100
64 39 100
63 39 100
62 39 100
61 39 100
60 39 100
59 39 100
58 39 100
57 39 100
56 39 100
55 39 100
54 39 100
53 39 100
52 39 100
51 39 100
50 39 100
49 39 100
48 39 100
47 39 100
46 39 100
45 39 100
44 39 100
43 39 100
42 39 100
41 39 100
40 39 100
39 39 100
38 39 100
37 39 100
36 39 100
35 39 100
34 39 100
33 39 100
32 39 100
31 39 100
31 40 100
31 41 100
31 42 100
31 43 100
31 44 100
31 45 100
31 46 100
31 47 100
31 48 100
31 49 100
31 50 100
31 51 100
31 52 100
31 53 100
31 54 100
31 55 100
31 56 100
31 57 100
31 58 100
31 59 100
31 60 100
31 61 100
31 62 100
31 63 100
31 64 100
31 65 100
31 66 100
31 67 100
31 68 100
31 69 100
31 70 100
31 71 100
31 72 100
31 73 100
31 74 100
31 75 100
31 76 100
31 77 100
31 78 100
31 79 100
31 80 100
31 81 100
31 81 2450
31 82 100
31 82 2450
31 83 100
31 83 2450
31 84 100
31 84 2450
31 85 100
31 85 2450
31 86 100
31 86 2450
31 87 100
31 87 2450
31 88 100
31 88 2450
31 89 100
31 89 2450
31 90 100
31 90 2450
31 91 100
31 91 2450
31 92 100
31 92 2450
31 93 100
31 93 2450
31 94 100
31 94 2450
31 95 100
31 95 2450
31 96 100
31 96 2450
31 97 100
31 97 2450
31 98 100
31 98 2450
31 99 100
31 99 2450
31 100 100
31 100 2450
31 101 100
31 101 2450
187 4 100
186 4 100
185 4 100
184 4 100
183 4 100
182 4 100
181 4 100
180 4 100
179 4 100
178 4 100
177 4 100
176 4 100
175 4 100
174 4 100
173 4 100
172 4 100
171 4 100
170 4 100
169 4 100
168 4 100
167 4 100
166 4 100
165 4 100
164 4 100
163 4 100
162 4 100
161 4 100
160 4 100
159 4 100
158 4 100
157 4 100
156 4 100
155 4 100
154 4 100
153 4 100
152 4 100
151 4 100
150 4 100
149 4 100
148 4 100
147 4 100
146 4 100
145 4 100
144 4 100
143 4 100
142 4 100
141 4 100
140 4 100
139 4 100
138 4 100
137 4 100
136 4 100
135 4 100
134 4 100
133 4 100
132 4 100
131 4 100
130 4 100
129 4 100
128 4 100
127 4 100
126 4 100
125 4 100
124 4 100
123 4 100
122 4 100
121 4 100
120 4 100
119 4 100
118 4 100
117 4 100
116 4 100
115 4 100
114 4 100
113 4 100
112 4 100
111 4 100
110 4 100
109 4 100
108 4 100
107 4 100
106 4 100
105 4 100
104 4 100
103 4 100
102 4 100
101 4 100
100 4 100
99 4 100
98 4 100
97 4 100
96 4 100
95 4 100
94 4 100
93 4 100
92 4 100
91 4 100
90 4 100
89 4 100
88 4 100
87 4 100
86 4 100
85 4 100
84 4 100
84 4 2450
83 4 100
83 4 2450
82 4 100
82 4 2450
81 4 100
81 4 2450
80 4 100
80 4 2450
79 4 100
79 4 2450
78 4 100
78 4 2450
77 4 100
77 4 2450
76 4 100
76 4 2450
75 4 100
75 4 2450
74 4 100
74 4 2450
73 4 100
73 4 2450
72 4 100
72 4 2450
71 4 100
71 4 2450
70 4 100
70 4 2450
69 4 100
69 4 2450
68 4 100
68 4 2450
67 4 100
67 4 2450
66 4 100
66 4 2450
65 4 100
65 4 2450
64 4 100
64 4 2450
63 4 100
63 4 2450
62 4 100
62 4 2450
61 4 100
61 4 2450
60 4 100
60 4 2450
59 4 100
59 4 2450
58 4 100
58 4 2450
57 4 100
57 4 2450
56 4 100
56 4 2450
55 4 100
55 4 2450
54 4 100
54 4 2450
53 4 100
53 4 2450
52 4 100
52 4 2450
51 4 100
51 4 2450
50 4 100
50 4 2450
49 4 100
49 4 2450
48 4 100
48 4 2450
47 4 100
47 4 2450
46 4 100
46 4 2450
45 4 100
45 4 2450
44 4 100
44 4 2450
43 4 100
43 4 2450
42 4 100
42 4 2450
41 4 100
41 4 2450
40 4 100
40 4 2450
39 4 100
39 4 2450
38 4 100
38 4 2450
37 4 100
37 4 2450
36 4 100
36 4 2450
35 4 100
35 4 2450
35 4 1225
34 4 100
34 4 2450
34 4 1225
33 4 100
33 4 2450
33 4 1225
32 4 100
32 4 2450
32 4 1225
31 4 100
31 4 2450
31 4 1225
31 5 100
31 5 2450
31 5 1225
31 6 100
31 6 2450
31 6 1225
31 7 100
31 7 2450
31 7 1225
31 8 100
31 8 2450
31 8 1225
31 9 100
31 9 2450
31 9 1225
31 10 100
31 10 2450
31 11 100
31 11 2450
31 12 100
31 12 2450
31 13 100
31 13 2450
31 14 100
31 14 2450
31 15 100
31 15 2450
31 16 100
31 16 2450
31 17 100
31 17 2450
31 18 100
31 18 2450
31 19 100
31 19 2450
31 20 100
31 21 100
31 22 100
31 23 100
31 24 100
31 25 100
31 26 100
31 27 100
31 28 100
31 29 100
31 30 100
31 31 100
31 32 100
31 33 100
31 34 100
31 35 100
31 36 100
31 37 100
31 38 100
164 71 100
163 71 100
162 71 100
161 71 100
161 71 2450
160 71 100
160 71 2450
159 71 100
159 71 2450
158 71 100
158 71 2450
157 71 100
157 71 2450
156 71 100
156 71 2450
155 71 100
155 71 2450
154 71 100
154 71 2450
153 71 100
153 71 2450
152 71 100
152 71 2450
151 71 100
151 71 2450
150 71 100
150 71 2450
149 71 100
149 71 2450
148 71 100
148 71 2450
147 71 100
147 71 2450
146 71 100
146 71 2450
145 71 100
145 71 2450
144 71 100
144 71 2450
143 71 100
143 71 2450
142 71 100
142 71 2450
141 71 100
141 71 2450
140 71 100
140 71 2450
139 71 100
139 71 2450
138 71 100
138 71 2450
137 71 100
137 71 2450
136 71 100
136 71 2450
135 71 100
135 71 2450
134 71 100
134 71 2450
133 71 100
133 71 2450
132 71 100
132 71 2450
131 71 100
131 71 2450
130 71 100
130 71 2450
129 71 100
129 71 2450
128 71 100
128 71 2450
127 71 100
127 71 2450
126 71 100
126 71 2450
125 71 100
125 71 2450
124 71 100
124 71 2450
123 71 100
123 71 2450
122 71 100
122 71 2450
121 71 100
121 71 2450
120 71 100
120 71 2450
119 71 100
119 71 2450
118 71 100
118 71 2450
117 71 100
117 71 2450
116 71 100
116 71 2450
115 71 100
115 71 2450
114 71 100
114 71 2450
113 71 100
113 71 2450
112 71 100
112 71 2450
111 71 100
111 71 2450
110 71 100
110 71 2450
109 71 100
109 71 2450
108 71 100
108 71 2450
107 71 100
107 71 2450
106 71 100
106 71 2450
105 71 100
105 71 2450
104 71 100
104 71 2450
103 71 100
103 71 2450
103 71 1225
102 71 100
102 71 2450
102 71 1225
101 71 100
101 71 2450
101 71 1225
100 71 100
100 71 2450
100 71 1225
99 71 100
99 71 2450
99 71 1225
99 71 612
98 71 100
98 71 2450
98 71 1225
98 71 612
97 71 100
97 71 2450
97 71 1225
97 71 612
96 71 100
96 71 2450
96 71 1225
96 71 612
95 71 100
95 71 2450
95 71 1225
95 71 612
94 71 100
94 71 2450
94 71 1225
94 71 612
93 71 100
93 71 2450
93 71 1225
92 71 100
92 71 2450
92 71 1225
91 71 100
91 71 2450
91 71 1225
90 71 100
90 71 2450
90 71 1225
89 71 100
89 71 2450
89 71 1225
88 71 100
88 71 2450
87 71 100
87 71 2450
86 71 100
86 71 2450
85 71 100
85 71 2450
84 71 100
84 71 2450
83 71 100
83 71 2450
82 71 100
82 71 2450
81 71 100
81 71 2450
80 71 100
80 71 2450
79 71 100
79 71 2450
78 71 100
78 71 2450
77 71 100
77 71 2450
76 71 100
76 71 2450
75 71 100
75 71 2450
74 71 100
74 71 2450
73 71 100
73 71 2450
72 71 100
72 71 2450
71 71 100
71 71 2450
70 71 100
70 71 2450
69 71 100
69 71 2450
68 71 100
68 71 2450
67 71 100
67 71 2450
66 71 100
66 71 2450
65 71 100
65 71 2450
64 71 100
64 71 2450
63 71 100
63 71 2450
62 71 100
62 71 2450
61 71 100
61 71 2450
60 71 100
60 71 2450
59 71 100
59 71 2450
58 71 100
58 71 2450
57 71 100
57 71 2450
56 71 100
55 71 100
54 71 100
53 71 100
52 71 100
51 71 100
50 71 100
49 71 100
48 71 100
47 71 100
46 71 100
45 71 100
44 71 100
43 71 100
42 71 100
41 71 100
40 71 100
39 71 100
38 71 100
37 71 100
36 71 100
35 71 100
34 71 100
33 71 100
32 71 100
165 188 100
164 188 100
163 188 100
162 188 100
161 188 100
160 188 100
159 188 100
158 188 100
157 188 100
156 188 100
156 188 2450
155 188 100
155 188 2450
154 188 100
154 188 2450
153 188 100
153 188 2450
152 188 100
152 188 2450
151 188 100
151 188 2450
150 188 100
150 188 2450
149 188 100
149 188 2450
148 188 100
148 188 2450
147 188 100
147 188 2450
146 188 100
146 188 2450
145 188 100
145 188 2450
144 188 100
144 188 2450
143 188 100
143 188 2450
142 188 100
142 188 2450
141 188 100
141 188 2450
140 188 100
140 188 2450
139 188 100
139 188 2450
138 188 100
137 188 100
136 188 100
135 188 100
134 188 100
133 188 100
132 188 100
131 188 100
130 188 100
129 188 100
128 188 100
127 188 100
127 188 2450
126 188 100
126 188 2450
125 188 100
125 188 2450
124 188 100
124 188 2450
123 188 100
123 188 2450
122 188 100
122 188 2450
121 188 100
121 188 2450
120 188 100
120 188 2450
119 188 100
119 188 2450
118 188 100
118 188 2450
117 188 100
117 188 2450
116 188 100
116 188 2450
115 188 100
115 188 2450
114 188 100
114 188 2450
113 188 100
113 188 2450
112 188 100
112 188 2450
111 188 100
111 188 2450
110 188 100
110 188 2450
109 188 100
109 188 2450
108 188 100
108 188 2450
107 188 100
107 188 2450
106 188 100
106 188 2450
106 188 1225
105 188 100
105 188 2450
105 188 1225
104 188 100
104 188 2450
103 188 100
103 188 2450
102 188 100
102 188 2450
101 188 100
101 188 2450
100 188 100
100 188 2450
99 188 100
99 188 2450
98 188 100
98 188 2450
97 188 100
97 188 2450
96 188 100
96 188 2450
95 188 100
95 188 2450
94 188 100
94 188 2450
93 188 100
93 188 2450
92 188 100
92 188 2450
91 188 100
90 188 100
89 188 100
88 188 100
87 188 100
86 188 100
85 188 100
84 188 100
83 188 100
82 188 100
81 188 100
80 188 100
79 188 100
78 188 100
77 188 100
76 188 100
75 188 100
74 188 100
73 188 100
72 188 100
71 188 100
70 188 100
69 188 100
68 188 100
67 188 100
66 188 100
65 188 100
64 188 100
63 188 100
62 188 100
61 188 100
60 188 100
59 188 100
58 188 100
57 188 100
56 188 100
55 188 100
54 188 100
53 188 100
53 188 2450
52 188 100
52 188 2450
51 188 100
51 188 2450
50 188 100
50 188 2450
49 188 100
49 188 2450
48 188 100
48 188 2450
47 188 100
47 188 2450
46 188 100
46 188 2450
45 188 100
45 188 2450
44 188 100
44 188 2450
43 188 100
43 188 2450
42 188 100
42 188 2450
41 188 100
41 188 2450
40 188 100
40 188 2450
39 188 100
39 188 2450
38 188 100
38 188 2450
37 188 100
37 188 2450
36 188 100
36 188 2450
35 188 100
35 188 2450
34 188 100
33 188 100
32 188 100
7 102 100
8 102 100
9 102 100
10 102 100
11 102 100
12 102 100
13 102 100
14 102 100
15 102 100
16 102 100
17 102 100
18 102 100
18 102 2450
19 102 100
19 102 2450
20 102 100
20 102 2450
21 102 100
21 102 2450
22 102 100
22 102 2450
23 102 100
23 102 2450
24 102 100
24 102 2450
25 102 100
25 102 2450
26 102 100
26 102 2450
27 102 100
27 102 2450
28 102 100
28 102 2450
29 102 100
29 102 2450
30 102 100
30 102 2450
