137 51 100
136 51 100
135 51 100
134 51 100
133 51 100
132 51 100
131 51 100
130 51 100
129 51 100
128 51 100
127 51 100
126 51 100
125 51 100
124 51 100
123 51 100
122 51 100
121 51 100
120 51 100
119 51 100
118 51 100
117 51 100
116 51 100
115 51 100
114 51 100
113 51 100
112 51 100
112 51 2450
111 51 100
111 51 2450
110 51 100
110 51 2450
109 51 100
109 51 2450
108 51 100
108 51 2450
107 51 100
107 51 2450
106 51 100
106 51 2450
105 51 100
105 51 2450
104 51 100
104 51 2450
103 51 100
103 51 2450
102 51 100
102 51 2450
101 51 100
101 51 2450
100 51 100
100 51 2450
99 51 100
99 51 2450
98 51 100
98 51 2450
97 51 100
97 51 2450
96 51 100
96 51 2450
95 51 100
95 51 2450
94 51 100
94 51 2450
93 51 100
93 51 2450
92 51 100
92 51 2450
91 51 100
91 51 2450
90 51 100
90 51 2450
89 51 100
89 51 2450
88 51 100
88 51 2450
87 51 100
87 51 2450
86 51 100
86 51 2450
85 51 100
85 51 2450
84 51 100
84 51 2450
83 51 100
83 51 2450
82 51 100
82 51 2450
81 51 100
81 51 2450
80 51 100
80 51 2450
79 51 100
79 51 2450
78 51 100
78 51 2450
77 51 100
77 51 2450
76 51 100
76 51 2450
75 51 100
75 51 2450
74 51 100
74 51 2450
73 51 100
73 51 2450
72 51 100
72 51 2450
71 51 100
71 51 2450
70 51 100
70 51 2450
69 51 100
69 51 2450
68 51 100
67 51 100
66 51 100
65 51 100
64 51 100
63 51 100
62 51 100
61 51 100
60 51 100
59 51 100
58 51 100
57 51 100
56 51 100
55 51 100
54 51 100
53 51 100
52 51 100
52 51 2450
51 51 100
51 51 2450
51 52 100
51 52 2450
51 53 100
51 53 2450
51 54 100
51 55 100
51 56 100
51 57 100
51 58 100
51 59 100
51 60 100
51 61 100
51 62 100
51 63 100
51 64 100
51 65 100
51 66 100
51 67 100
51 68 100
51 69 100
51 70 100
51 71 100
51 72 100
51 73 100
51 74 100
51 75 100
51 76 100
51 77 100
10 101 100
11 101 100
12 101 100
13 101 100
14 101 100
15 101 100
16 101 100
17 101 100
18 101 100
19 101 100
20 101 100
21 101 100
22 101 100
23 101 100
24 101 100
25 101 100
26 101 100
27 101 100
28 101 100
29 101 100
30 101 100
31 101 100
32 101 100
33 101 100
34 101 100
35 101 100
36 101 100
37 101 100
38 101 100
38 101 2450
39 101 100
39 101 2450
40 101 100
40 101 2450
41 101 100
41 101 2450
42 101 100
42 101 2450
43 101 100
43 101 2450
44 101 100
44 101 2450
45 101 100
45 101 2450
46 101 100
46 101 2450
47 101 100
48 101 100
49 101 100
50 101 100
51 101 100
51 100 100
51 99 100
51 98 100
51 97 100
51 96 100
51 95 100
51 94 100
51 93 100
51 92 100
51 91 100
51 90 100
51 89 100
51 88 100
51 87 100
51 86 100
51 85 100
51 84 100
51 83 100
51 82 100
51 81 100
51 80 100
51 79 100
51 78 100
131 109 100
130 109 100
129 109 100
128 109 100
127 109 100
126 109 100
125 109 100
124 109 100
123 109 100
122 109 100
121 109 100
120 109 100
119 109 100
119 109 2450
118 109 100
118 109 2450
117 109 100
117 109 2450
116 109 100
116 109 2450
115 109 100
115 109 2450
114 109 100
114 109 2450
113 109 100
113 109 2450
112 109 100
112 109 2450
111 109 100
111 109 2450
111 109 1225
110 109 100
110 109 2450
110 109 1225
109 109 100
109 109 2450
109 109 1225
108 109 100
108 109 2450
108 109 1225
107 109 100
107 109 2450
107 109 1225
106 109 100
106 109 2450
105 109 100
105 109 2450
104 109 100
104 109 2450
103 109 100
103 109 2450
102 109 100
102 109 2450
101 109 100
101 109 2450
100 109 100
100 109 2450
99 109 100
99 109 2450
98 109 100
98 109 2450
97 109 100
97 109 2450
96 109 100
96 109 2450
95 109 100
95 109 2450
94 109 100
94 109 2450
93 109 100
93 109 2450
92 109 100
92 109 2450
91 109 100
91 109 2450
90 109 100
89 109 100
88 109 100
87 109 100
86 109 100
85 109 100
85 109 2450
84 109 100
84 109 2450
83 109 100
83 109 2450
82 109 100
82 109 2450
81 109 100
81 109 2450
80 109 100
80 109 2450
79 109 100
79 109 2450
78 109 100
78 109 2450
77 109 100
77 109 2450
76 109 100
75 109 100
74 109 100
73 109 100
72 109 100
71 109 100
70 109 100
69 109 100
68 109 100
67 109 100
66 109 100
65 109 100
64 109 100
63 109 100
62 109 100
61 109 100
60 109 100
59 109 100
58 109 100
57 109 100
56 109 100
55 109 100
54 109 100
53 109 100
52 109 100
51 109 100
51 108 100
51 107 100
51 106 100
51 105 100
51 104 100
51 103 100
51 102 100
116 10 100
115 10 100
114 10 100
113 10 100
112 10 100
111 10 100
110 10 100
109 10 100
108 10 100
107 10 100
106 10 100
105 10 100
104 10 100
103 10 100
102 10 100
102 10 2450
101 10 100
101 10 2450
100 10 100
100 10 2450
99 10 100
99 10 2450
98 10 100
98 10 2450
97 10 100
97 10 2450
96 10 100
96 10 2450
95 10 100
95 10 2450
94 10 100
94 10 2450
93 10 100
93 10 2450
92 10 100
92 10 2450
91 10 100
91 10 2450
90 10 100
90 10 2450
89 10 100
89 10 2450
88 10 100
88 10 2450
87 10 100
87 10 2450
86 10 100
86 10 2450
85 10 100
85 10 2450
84 10 100
84 10 2450
83 10 100
83 10 2450
82 10 100
82 10 2450
81 10 100
81 10 2450
80 10 100
80 10 2450
79 10 100
79 10 2450
78 10 100
78 10 2450
77 10 100
77 10 2450
76 10 100
76 10 2450
75 10 100
74 10 100
73 10 100
72 10 100
71 10 100
70 10 100
69 10 100
68 10 100
67 10 100
66 10 100
65 10 100
64 10 100
63 10 100
62 10 100
61 10 100
60 10 100
59 10 100
58 10 100
57 10 100
56 10 100
55 10 100
54 10 100
53 10 100
52 10 100
51 10 100
51 11 100
51 12 100
51 13 100
51 14 100
51 15 100
51 16 100
51 17 100
51 18 100
51 19 100
51 20 100
51 21 100
51 22 100
51 23 100
51 24 100
51 25 100
51 26 100
51 27 100
51 28 100
51 29 100
51 30 100
51 31 100
51 32 100
51 33 100
51 34 100
51 34 2450
51 35 100
51 35 2450
51 36 100
51 36 2450
51 37 100
51 37 2450
51 38 100
51 38 2450
51 39 100
51 39 2450
51 40 100
51 40 2450
51 41 100
51 41 2450
51 42 100
51 42 2450
51 43 100
51 43 2450
51 44 100
51 44 2450
51 45 100
51 45 2450
51 46 100
51 46 2450
51 47 100
51 47 2450
51 48 100
51 48 2450
51 49 100
51 49 2450
51 50 100
51 50 2450
