48 120 100
49 120 100
50 120 100
51 120 100
52 120 100
53 120 100
54 120 100
55 120 100
56 120 100
56 120 2450
57 120 100
57 120 2450
58 120 100
58 120 2450
59 120 100
59 120 2450
60 120 100
60 120 2450
61 120 100
61 120 2450
62 120 100
62 120 2450
63 120 100
63 120 2450
64 120 100
64 120 2450
65 120 100
65 120 2450
66 120 100
66 120 2450
67 120 100
67 120 2450
68 120 100
68 120 2450
69 120 100
69 120 2450
70 120 100
70 120 2450
71 120 100
71 120 2450
72 120 100
72 120 2450
73 120 100
73 120 2450
74 120 100
74 120 2450
75 120 100
75 120 2450
76 120 100
76 120 2450
77 120 100
77 120 2450
78 120 100
78 120 2450
79 120 100
79 120 2450
80 120 100
80 120 2450
81 120 100
81 120 2450
82 120 100
82 120 2450
83 120 100
83 120 2450
84 120 100
84 120 2450
85 120 100
85 120 2450
86 120 100
86 120 2450
87 120 100
87 120 2450
88 120 100
88 120 2450
88 120 1225
89 120 100
89 120 2450
89 120 1225
90 120 100
90 120 2450
90 120 1225
91 120 100
91 120 2450
91 120 1225
92 120 100
92 120 2450
92 120 1225
93 120 100
93 120 2450
93 120 1225
94 120 100
94 120 2450
94 120 1225
95 120 100
95 120 2450
95 120 1225
96 120 100
96 120 2450
96 120 1225
97 120 100
97 120 2450
98 120 100
98 120 2450
99 120 100
99 120 2450
100 120 100
100 120 2450
101 120 100
101 120 2450
102 120 100
102 120 2450
103 120 100
103 120 2450
104 120 100
104 120 2450
105 120 100
105 120 2450
106 120 100
106 120 2450
107 120 100
107 120 2450
108 120 100
108 120 2450
109 120 100
109 120 2450
110 120 100
110 120 2450
111 120 100
111 120 2450
112 120 100
112 120 2450
113 120 100
113 120 2450
114 120 100
114 120 2450
115 120 100
115 120 2450
116 120 100
116 120 2450
117 120 100
117 120 2450
118 120 100
118 120 2450
119 120 100
119 120 2450
120 120 100
120 120 2450
121 120 100
121 120 2450
122 120 100
122 120 2450
123 120 100
123 120 2450
124 120 100
124 120 2450
125 120 100
125 120 2450
126 120 100
126 120 2450
127 120 100
127 120 2450
128 120 100
128 120 2450
129 120 100
129 120 2450
130 120 100
130 120 2450
131 120 100
131 120 2450
131 119 100
131 118 100
131 117 100
131 116 100
131 115 100
131 114 100
131 113 100
131 112 100
131 111 100
131 110 100
131 109 100
131 108 100
131 107 100
131 106 100
131 105 100
131 104 100
131 103 100
131 102 100
131 101 100
131 101 2450
131 100 100
131 100 2450
131 99 100
131 99 2450
131 98 100
131 98 2450
131 97 100
131 97 2450
131 96 100
131 96 2450
131 95 100
131 95 2450
131 94 100
131 94 2450
131 93 100
131 93 2450
131 92 100
131 92 2450
131 91 100
131 91 2450
131 90 100
131 90 2450
131 89 100
131 89 2450
131 88 100
131 88 2450
131 87 100
131 87 2450
131 86 100
131 86 2450
131 85 100
131 85 2450
131 84 100
131 84 2450
131 83 100
131 83 2450
131 82 100
131 81 100
131 80 100
131 79 100
131 78 100
131 78 2450
131 77 100
131 77 2450
131 76 100
131 76 2450
131 75 100
131 75 2450
131 74 100
131 74 2450
131 73 100
131 73 2450
131 72 100
131 72 2450
131 71 100
131 71 2450
131 70 100
131 70 2450
131 69 100
131 69 2450
131 68 100
131 68 2450
131 67 100
131 67 2450
131 66 100
131 66 2450
131 65 100
131 65 2450
131 64 100
131 64 2450
131 63 100
131 63 2450
131 62 100
131 62 2450
131 61 100
131 61 2450
131 60 100
131 60 2450
188 142 100
187 142 100
186 142 100
185 142 100
184 142 100
183 142 100
182 142 100
181 142 100
180 142 100
179 142 100
178 142 100
177 142 100
176 142 100
176 142 2450
175 142 100
175 142 2450
174 142 100
174 142 2450
173 142 100
173 142 2450
172 142 100
172 142 2450
171 142 100
171 142 2450
170 142 100
170 142 2450
169 142 100
169 142 2450
168 142 100
168 142 2450
167 142 100
167 142 2450
166 142 100
166 142 2450
165 142 100
165 142 2450
164 142 100
164 142 2450
163 142 100
163 142 2450
162 142 100
162 142 2450
161 142 100
161 142 2450
160 142 100
160 142 2450
159 142 100
159 142 2450
158 142 100
158 142 2450
157 142 100
157 142 2450
156 142 100
156 142 2450
155 142 100
155 142 2450
154 142 100
154 142 2450
153 142 100
153 142 2450
152 142 100
152 142 2450
151 142 100
151 142 2450
150 142 100
150 142 2450
149 142 100
148 142 100
147 142 100
146 142 100
145 142 100
144 142 100
143 142 100
142 142 100
141 142 100
140 142 100
139 142 100
138 142 100
137 142 100
136 142 100
135 142 100
134 142 100
133 142 100
132 142 100
131 142 100
131 141 100
131 141 2450
131 140 100
131 140 2450
131 139 100
131 139 2450
131 138 100
131 138 2450
131 137 100
131 137 2450
131 136 100
131 136 2450
131 135 100
131 135 2450
131 134 100
131 134 2450
131 133 100
131 133 2450
131 132 100
131 132 2450
131 131 100
131 131 2450
131 130 100
131 130 2450
131 129 100
131 129 2450
131 128 100
131 128 2450
131 127 100
131 127 2450
131 126 100
131 126 2450
131 125 100
131 125 2450
131 124 100
131 124 2450
131 123 100
131 123 2450
131 122 100
131 122 2450
131 121 100
131 121 2450
194 46 100
193 46 100
192 46 100
191 46 100
190 46 100
189 46 100
188 46 100
187 46 100
186 46 100
185 46 100
185 46 2450
184 46 100
184 46 2450
183 46 100
183 46 2450
182 46 100
182 46 2450
181 46 100
181 46 2450
180 46 100
180 46 2450
179 46 100
179 46 2450
178 46 100
178 46 2450
177 46 100
177 46 2450
176 46 100
176 46 2450
175 46 100
175 46 2450
174 46 100
174 46 2450
173 46 100
173 46 2450
172 46 100
172 46 2450
171 46 100
171 46 2450
170 46 100
170 46 2450
169 46 100
169 46 2450
168 46 100
168 46 2450
167 46 100
167 46 2450
166 46 100
166 46 2450
165 46 100
165 46 2450
164 46 100
164 46 2450
163 46 100
163 46 2450
162 46 100
162 46 2450
161 46 100
161 46 2450
160 46 100
160 46 2450
159 46 100
159 46 2450
158 46 100
158 46 2450
157 46 100
157 46 2450
156 46 100
156 46 2450
155 46 100
155 46 2450
154 46 100
154 46 2450
153 46 100
153 46 2450
152 46 100
152 46 2450
151 46 100
151 46 2450
151 46 1225
150 46 100
150 46 2450
150 46 1225
149 46 100
149 46 2450
149 46 1225
148 46 100
148 46 2450
148 46 1225
147 46 100
147 46 2450
147 46 1225
146 46 100
146 46 2450
146 46 1225
145 46 100
145 46 2450
145 46 1225
144 46 100
144 46 2450
144 46 1225
143 46 100
143 46 2450
143 46 1225
142 46 100
142 46 2450
142 46 1225
141 46 100
141 46 2450
141 46 1225
140 46 100
140 46 2450
140 46 1225
139 46 100
139 46 2450
138 46 100
138 46 2450
137 46 100
137 46 2450
136 46 100
136 46 2450
135 46 100
135 46 2450
134 46 100
134 46 2450
133 46 100
133 46 2450
132 46 100
132 46 2450
131 46 100
131 46 2450
131 47 100
131 47 2450
131 48 100
131 48 2450
131 49 100
131 49 2450
131 50 100
131 50 2450
131 51 100
131 51 2450
131 52 100
131 52 2450
131 53 100
131 53 2450
131 54 100
131 54 2450
131 55 100
131 55 2450
131 56 100
131 56 2450
131 57 100
131 57 2450
131 58 100
131 58 2450
131 59 100
131 59 2450
83 7 100
84 7 100
84 7 2450
85 7 100
85 7 2450
86 7 100
86 7 2450
87 7 100
87 7 2450
88 7 100
88 7 2450
89 7 100
89 7 2450
90 7 100
90 7 2450
91 7 100
91 7 2450
92 7 100
92 7 2450
93 7 100
93 7 2450
94 7 100
94 7 2450
95 7 100
95 7 2450
96 7 100
96 7 2450
97 7 100
97 7 2450
98 7 100
98 7 2450
99 7 100
99 7 2450
100 7 100
100 7 2450
101 7 100
101 7 2450
102 7 100
102 7 2450
103 7 100
103 7 2450
104 7 100
104 7 2450
105 7 100
105 7 2450
106 7 100
106 7 2450
107 7 100
107 7 2450
108 7 100
108 7 2450
109 7 100
109 7 2450
110 7 100
110 7 2450
111 7 100
111 7 2450
112 7 100
112 7 2450
113 7 100
113 7 2450
114 7 100
114 7 2450
115 7 100
115 7 2450
116 7 100
116 7 2450
117 7 100
117 7 2450
118 7 100
118 7 2450
119 7 100
119 7 2450
120 7 100
120 7 2450
121 7 100
121 7 2450
122 7 100
122 7 2450
123 7 100
123 7 2450
124 7 100
124 7 2450
125 7 100
125 7 2450
126 7 100
127 7 100
128 7 100
129 7 100
130 7 100
131 7 100
131 8 100
131 9 100
131 10 100
131 11 100
131 12 100
131 13 100
131 14 100
131 15 100
131 16 100
131 17 100
131 18 100
131 19 100
131 20 100
131 21 100
131 21 2450
131 22 100
131 22 2450
131 23 100
131 23 2450
131 24 100
131 24 2450
131 25 100
131 25 2450
131 26 100
131 26 2450
131 27 100
131 27 2450
131 28 100
131 28 2450
131 29 100
131 29 2450
131 30 100
131 30 2450
131 31 100
131 31 2450
131 31 1225
131 32 100
131 32 2450
131 32 1225
131 33 100
131 33 2450
131 33 1225
131 34 100
131 34 2450
131 34 1225
131 35 100
131 35 2450
131 35 1225
131 36 100
131 36 2450
131 36 1225
131 37 100
131 37 2450
131 37 1225
131 38 100
131 38 2450
131 38 1225
131 39 100
131 39 2450
131 39 1225
131 40 100
131 40 2450
131 41 100
131 41 2450
131 42 100
131 42 2450
131 43 100
131 43 2450
131 44 100
131 44 2450
131 45 100
131 45 2450
148 24 100
147 24 100
146 24 100
145 24 100
144 24 100
143 24 100
142 24 100
141 24 100
140 24 100
139 24 100
138 24 100
137 24 100
136 24 100
135 24 100
134 24 100
134 24 2450
133 24 100
133 24 2450
132 24 100
132 24 2450
