3 15 100
4 15 100
5 15 100
6 15 100
7 15 100
8 15 100
9 15 100
10 15 100
11 15 100
12 15 100
13 15 100
14 15 100
15 15 100
16 15 100
17 15 100
18 15 100
19 15 100
20 15 100
21 15 100
22 15 100
23 15 100
24 15 100
25 15 100
26 15 100
27 15 100
28 15 100
29 15 100
30 15 100
31 15 100
32 15 100
33 15 100
34 15 100
35 15 100
36 15 100
37 15 100
38 15 100
38 15 2450
39 15 100
39 15 2450
40 15 100
40 15 2450
41 15 100
41 15 2450
42 15 100
42 15 2450
43 15 100
43 15 2450
44 15 100
44 15 2450
45 15 100
45 15 2450
46 15 100
46 15 2450
47 15 100
47 15 2450
48 15 100
48 15 2450
49 15 100
49 15 2450
50 15 100
50 15 2450
51 15 100
51 15 2450
52 15 100
52 15 2450
53 15 100
53 15 2450
54 15 100
54 15 2450
54 15 1225
55 15 100
55 15 2450
55 15 1225
56 15 100
56 15 2450
56 15 1225
57 15 100
57 15 2450
57 15 1225
58 15 100
58 15 2450
58 15 1225
59 15 100
59 15 2450
59 15 1225
60 15 100
60 15 2450
60 15 1225
61 15 100
61 15 2450
61 15 1225
62 15 100
62 15 2450
62 15 1225
63 15 100
63 15 2450
63 15 1225
64 15 100
64 15 2450
64 15 1225
65 15 100
65 15 2450
65 15 1225
66 15 100
66 15 2450
66 15 1225
67 15 100
67 15 2450
67 15 1225
68 15 100
68 15 2450
68 15 1225
69 15 100
69 15 2450
69 15 1225
70 15 100
70 15 2450
70 15 1225
71 15 100
71 15 2450
71 15 1225
72 15 100
72 15 2450
72 15 1225
72 15 612
73 15 100
73 15 2450
73 15 1225
73 15 612
74 15 100
74 15 2450
74 15 1225
74 15 612
75 15 100
75 15 2450
75 15 1225
75 15 612
76 15 100
76 15 2450
76 15 1225
76 15 612
76 15 306
77 15 100
77 15 2450
77 15 1225
77 15 612
77 15 306
78 15 100
78 15 2450
78 15 1225
78 15 612
78 15 306
78 15 153
79 15 100
79 15 2450
79 15 1225
79 15 612
79 15 306
79 15 153
80 15 100
80 15 2450
80 15 1225
80 15 612
80 15 306
80 15 153
80 15 77
81 15 100
81 15 2450
81 15 1225
81 15 612
81 15 306
81 15 153
81 15 77
82 15 100
82 15 2450
82 15 1225
82 15 612
82 15 306
82 15 153
82 15 77
83 15 100
83 15 2450
83 15 1225
83 15 612
83 15 306
83 15 153
83 15 77
84 15 100
84 15 2450
84 15 1225
84 15 612
84 15 306
84 15 153
84 15 77
85 15 100
85 15 2450
85 15 1225
85 15 612
85 15 306
85 15 153
86 15 100
86 15 2450
86 15 1225
86 15 612
86 15 306
86 15 153
87 15 100
87 15 2450
87 15 1225
87 15 612
87 15 306
88 15 100
88 15 2450
88 15 1225
88 15 612
88 15 306
89 15 100
89 15 2450
89 15 1225
89 15 612
89 15 306
90 15 100
90 15 2450
90 15 1225
90 15 612
90 15 306
91 15 100
91 15 2450
91 15 1225
91 15 612
92 15 100
92 15 2450
92 15 1225
92 15 612
93 15 100
93 15 2450
93 15 1225
93 15 612
94 15 100
94 15 2450
94 15 1225
94 15 612
95 15 100
95 15 2450
95 15 1225
95 15 612
96 15 100
96 15 2450
96 15 1225
96 15 612
97 15 100
97 15 2450
97 15 1225
97 15 612
98 15 100
98 15 2450
98 15 1225
98 15 612
99 15 100
99 15 2450
99 15 1225
99 15 612
100 15 100
100 15 2450
100 15 1225
100 15 612
101 15 100
101 15 2450
101 15 1225
101 15 612
102 15 100
102 15 2450
102 15 1225
102 15 612
103 15 100
103 15 2450
103 15 1225
104 15 100
104 15 2450
104 15 1225
105 15 100
105 15 2450
105 15 1225
106 15 100
106 15 2450
106 15 1225
107 15 100
107 15 2450
107 15 1225
108 15 100
108 15 2450
108 15 1225
109 15 100
109 15 2450
109 15 1225
110 15 100
110 15 2450
110 15 1225
111 15 100
111 15 2450
111 15 1225
112 15 100
112 15 2450
113 15 100
113 15 2450
114 15 100
114 15 2450
115 15 100
115 15 2450
116 15 100
116 15 2450
117 15 100
117 15 2450
118 15 100
118 15 2450
119 15 100
119 15 2450
120 15 100
120 15 2450
121 15 100
121 15 2450
122 15 100
122 15 2450
123 15 100
123 15 2450
124 15 100
124 15 2450
125 15 100
125 15 2450
126 15 100
126 15 2450
127 15 100
127 15 2450
128 15 100
128 15 2450
129 15 100
129 15 2450
130 15 100
130 15 2450
131 15 100
131 15 2450
132 15 100
132 15 2450
133 15 100
133 15 2450
134 15 100
134 15 2450
135 15 100
135 15 2450
136 15 100
136 15 2450
137 15 100
137 15 2450
138 15 100
138 15 2450
139 15 100
139 15 2450
140 15 100
140 15 2450
141 15 100
141 15 2450
142 15 100
142 15 2450
143 15 100
143 15 2450
144 15 100
144 15 2450
145 15 100
145 15 2450
146 15 100
146 15 2450
147 15 100
147 15 2450
148 15 100
148 15 2450
149 15 100
149 15 2450
150 15 100
150 15 2450
151 15 100
151 15 2450
152 15 100
152 15 2450
153 15 100
153 15 2450
154 15 100
154 15 2450
155 15 100
155 15 2450
156 15 100
156 15 2450
157 15 100
157 15 2450
158 15 100
158 15 2450
159 15 100
159 15 2450
160 15 100
160 15 2450
161 15 100
161 15 2450
162 15 100
163 15 100
164 15 100
165 15 100
166 15 100
167 15 100
168 15 100
169 15 100
170 15 100
171 15 100
172 15 100
173 15 100
174 15 100
175 15 100
176 15 100
177 15 100
178 15 100
179 15 100
180 15 100
181 15 100
182 15 100
183 15 100
184 15 100
185 15 100
186 15 100
187 15 100
188 15 100
188 16 100
188 17 100
188 18 100
188 19 100
188 20 100
188 21 100
188 22 100
188 23 100
188 24 100
188 25 100
188 26 100
188 27 100
188 28 100
188 29 100
188 30 100
172 51 100
173 51 100
174 51 100
175 51 100
176 51 100
177 51 100
178 51 100
179 51 100
180 51 100
181 51 100
182 51 100
183 51 100
184 51 100
185 51 100
186 51 100
187 51 100
188 51 100
188 50 100
188 49 100
188 48 100
188 47 100
188 46 100
188 45 100
188 44 100
188 43 100
188 42 100
188 41 100
188 40 100
188 39 100
188 38 100
188 37 100
188 36 100
188 35 100
188 34 100
188 33 100
188 32 100
188 31 100
136 131 100
137 131 100
138 131 100
139 131 100
140 131 100
141 131 100
142 131 100
143 131 100
143 131 2450
144 131 100
144 131 2450
145 131 100
145 131 2450
146 131 100
146 131 2450
147 131 100
147 131 2450
148 131 100
148 131 2450
149 131 100
149 131 2450
150 131 100
150 131 2450
151 131 100
151 131 2450
152 131 100
152 131 2450
153 131 100
153 131 2450
154 131 100
154 131 2450
155 131 100
155 131 2450
156 131 100
156 131 2450
157 131 100
157 131 2450
158 131 100
158 131 2450
159 131 100
159 131 2450
160 131 100
160 131 2450
161 131 100
161 131 2450
162 131 100
162 131 2450
163 131 100
163 131 2450
164 131 100
164 131 2450
165 131 100
165 131 2450
166 131 100
166 131 2450
167 131 100
167 131 2450
168 131 100
168 131 2450
169 131 100
169 131 2450
170 131 100
170 131 2450
170 131 1225
171 131 100
171 131 2450
171 131 1225
172 131 100
172 131 2450
172 131 1225
173 131 100
173 131 2450
173 131 1225
174 131 100
174 131 2450
174 131 1225
175 131 100
175 131 2450
175 131 1225
176 131 100
176 131 2450
176 131 1225
177 131 100
177 131 2450
177 131 1225
178 131 100
178 131 2450
179 131 100
179 131 2450
180 131 100
180 131 2450
181 131 100
181 131 2450
182 131 100
182 131 2450
183 131 100
183 131 2450
184 131 100
184 131 2450
185 131 100
185 131 2450
186 131 100
186 131 2450
187 131 100
187 131 2450
188 131 100
188 131 2450
188 130 100
188 130 2450
188 129 100
188 129 2450
188 128 100
188 128 2450
188 127 100
188 127 2450
188 126 100
188 126 2450
188 125 100
188 125 2450
188 124 100
188 124 2450
188 123 100
188 123 2450
188 122 100
188 122 2450
188 121 100
188 121 2450
188 120 100
188 120 2450
188 119 100
188 119 2450
188 118 100
188 118 2450
188 117 100
188 117 2450
188 116 100
188 116 2450
188 115 100
188 115 2450
188 114 100
188 114 2450
188 113 100
188 113 2450
188 112 100
188 112 2450
188 111 100
188 111 2450
188 110 100
188 110 2450
188 109 100
188 109 2450
188 109 1225
188 108 100
188 108 2450
188 108 1225
188 107 100
188 107 2450
188 107 1225
188 106 100
188 106 2450
188 106 1225
188 105 100
188 105 2450
188 105 1225
188 104 100
188 104 2450
188 104 1225
188 103 100
188 103 2450
188 103 1225
188 103 612
188 102 100
188 102 2450
188 102 1225
188 102 612
188 101 100
188 101 2450
188 101 1225
188 101 612
188 100 100
188 100 2450
188 100 1225
188 100 612
188 99 100
188 99 2450
188 99 1225
188 99 612
188 98 100
188 98 2450
188 98 1225
188 98 612
188 97 100
188 97 2450
188 97 1225
188 97 612
188 96 100
188 96 2450
188 96 1225
188 96 612
188 95 100
188 95 2450
188 95 1225
188 95 612
188 94 100
188 94 2450
188 94 1225
188 94 612
188 93 100
188 93 2450
188 93 1225
188 92 100
188 92 2450
188 92 1225
188 91 100
188 91 2450
188 91 1225
188 90 100
188 90 2450
188 90 1225
188 89 100
188 89 2450
188 89 1225
188 88 100
188 88 2450
188 88 1225
188 87 100
188 87 2450
188 87 1225
188 86 100
188 86 2450
188 86 1225
188 85 100
188 85 2450
188 85 1225
188 84 100
188 84 2450
188 83 100
188 83 2450
188 82 100
188 82 2450
188 81 100
188 81 2450
188 80 100
188 80 2450
188 79 100
188 79 2450
188 78 100
188 78 2450
188 77 100
188 77 2450
188 76 100
188 76 2450
188 75 100
188 75 2450
188 74 100
188 74 2450
188 73 100
188 73 2450
188 72 100
188 72 2450
188 71 100
188 71 2450
188 70 100
188 70 2450
188 69 100
188 69 2450
188 68 100
188 68 2450
188 67 100
188 67 2450
188 66 100
188 66 2450
188 65 100
188 65 2450
188 64 100
188 64 2450
188 63 100
188 63 2450
188 62 100
188 62 2450
188 61 100
188 61 2450
188 60 100
188 60 2450
188 59 100
188 59 2450
188 58 100
188 57 100
188 56 100
188 55 100
188 54 100
188 53 100
188 52 100
114 150 100
115 150 100
116 150 100
117 150 100
118 150 100
119 150 100
120 150 100
121 150 100
122 150 100
123 150 100
124 150 100
125 150 100
126 150 100
127 150 100
128 150 100
129 150 100
130 150 100
131 150 100
132 150 100
133 150 100
134 150 100
135 150 100
136 150 100
137 150 100
138 150 100
139 150 100
140 150 100
141 150 100
142 150 100
143 150 100
144 150 100
145 150 100
146 150 100
147 150 100
148 150 100
149 150 100
150 150 100
151 150 100
152 150 100
153 150 100
154 150 100
155 150 100
156 150 100
157 150 100
158 150 100
159 150 100
159 150 2450
160 150 100
160 150 2450
161 150 100
161 150 2450
162 150 100
162 150 2450
163 150 100
163 150 2450
164 150 100
164 150 2450
165 150 100
165 150 2450
166 150 100
166 150 2450
167 150 100
167 150 2450
168 150 100
168 150 2450
169 150 100
169 150 2450
170 150 100
170 150 2450
171 150 100
171 150 2450
172 150 100
172 150 2450
173 150 100
173 150 2450
174 150 100
174 150 2450
175 150 100
175 150 2450
176 150 100
176 150 2450
177 150 100
177 150 2450
178 150 100
178 150 2450
179 150 100
179 150 2450
180 150 100
180 150 2450
181 150 100
181 150 2450
182 150 100
182 150 2450
183 150 100
183 150 2450
184 150 100
184 150 2450
185 150 100
185 150 2450
186 150 100
186 150 2450
187 150 100
187 150 2450
188 150 100
188 150 2450
188 149 100
188 149 2450
188 148 100
188 148 2450
188 147 100
188 147 2450
188 146 100
188 146 2450
188 145 100
188 145 2450
188 144 100
188 144 2450
188 143 100
188 143 2450
188 142 100
188 142 2450
188 141 100
188 141 2450
188 140 100
188 140 2450
188 139 100
188 139 2450
188 138 100
188 138 2450
188 137 100
188 137 2450
188 136 100
188 136 2450
188 135 100
188 135 2450
188 134 100
188 134 2450
188 133 100
188 133 2450
188 132 100
188 132 2450
71 92 100
72 92 100
73 92 100
74 92 100
74 92 2450
75 92 100
75 92 2450
76 92 100
76 92 2450
77 92 100
77 92 2450
78 92 100
78 92 2450
79 92 100
79 92 2450
80 92 100
80 92 2450
81 92 100
81 92 2450
82 92 100
82 92 2450
83 92 100
83 92 2450
84 92 100
84 92 2450
85 92 100
85 92 2450
86 92 100
86 92 2450
87 92 100
88 92 100
89 92 100
90 92 100
91 92 100
92 92 100
93 92 100
93 92 2450
94 92 100
94 92 2450
95 92 100
95 92 2450
96 92 100
96 92 2450
97 92 100
97 92 2450
98 92 100
98 92 2450
99 92 100
99 92 2450
100 92 100
100 92 2450
101 92 100
101 92 2450
102 92 100
102 92 2450
103 92 100
103 92 2450
104 92 100
104 92 2450
105 92 100
105 92 2450
106 92 100
106 92 2450
107 92 100
107 92 2450
108 92 100
108 92 2450
109 92 100
109 92 2450
110 92 100
110 92 2450
111 92 100
111 92 2450
112 92 100
112 92 2450
113 92 100
113 92 2450
114 92 100
114 92 2450
115 92 100
115 92 2450
116 92 100
116 92 2450
117 92 100
117 92 2450
118 92 100
118 92 2450
119 92 100
119 92 2450
120 92 100
120 92 2450
121 92 100
121 92 2450
122 92 100
122 92 2450
123 92 100
123 92 2450
124 92 100
124 92 2450
125 92 100
125 92 2450
126 92 100
126 92 2450
127 92 100
127 92 2450
128 92 100
128 92 2450
129 92 100
129 92 2450
130 92 100
130 92 2450
131 92 100
131 92 2450
132 92 100
132 92 2450
133 92 100
133 92 2450
134 92 100
134 92 2450
135 92 100
135 92 2450
136 92 100
136 92 2450
137 92 100
137 92 2450
138 92 100
138 92 2450
139 92 100
139 92 2450
140 92 100
140 92 2450
141 92 100
141 92 2450
142 92 100
142 92 2450
143 92 100
143 92 2450
144 92 100
144 92 2450
145 92 100
145 92 2450
146 92 100
146 92 2450
147 92 100
147 92 2450
148 92 100
148 92 2450
149 92 100
149 92 2450
150 92 100
150 92 2450
151 92 100
151 92 2450
152 92 100
152 92 2450
153 92 100
153 92 2450
154 92 100
154 92 2450
154 92 1225
155 92 100
155 92 2450
155 92 1225
156 92 100
156 92 2450
156 92 1225
157 92 100
157 92 2450
157 92 1225
158 92 100
158 92 2450
158 92 1225
159 92 100
159 92 2450
159 92 1225
160 92 100
160 92 2450
160 92 1225
161 92 100
161 92 2450
161 92 1225
162 92 100
162 92 2450
162 92 1225
163 92 100
163 92 2450
163 92 1225
164 92 100
164 92 2450
164 92 1225
165 92 100
165 92 2450
165 92 1225
166 92 100
166 92 2450
166 92 1225
167 92 100
167 92 2450
167 92 1225
168 92 100
168 92 2450
168 92 1225
169 92 100
169 92 2450
169 92 1225
170 92 100
170 92 2450
170 92 1225
171 92 100
171 92 2450
171 92 1225
172 92 100
172 92 2450
172 92 1225
173 92 100
173 92 2450
173 92 1225
174 92 100
174 92 2450
174 92 1225
175 92 100
175 92 2450
175 92 1225
176 92 100
176 92 2450
176 92 1225
177 92 100
177 92 2450
177 92 1225
178 92 100
178 92 2450
178 92 1225
179 92 100
179 92 2450
179 92 1225
180 92 100
180 92 2450
180 92 1225
181 92 100
181 92 2450
181 92 1225
182 92 100
182 92 2450
182 92 1225
183 92 100
183 92 2450
183 92 1225
184 92 100
184 92 2450
184 92 1225
185 92 100
185 92 2450
185 92 1225
186 92 100
186 92 2450
186 92 1225
187 92 100
187 92 2450
187 92 1225
119 12 100
119 12 2450
120 12 100
120 12 2450
121 12 100
121 12 2450
122 12 100
122 12 2450
123 12 100
123 12 2450
124 12 100
124 12 2450
125 12 100
125 12 2450
126 12 100
126 12 2450
127 12 100
127 12 2450
128 12 100
128 12 2450
129 12 100
129 12 2450
130 12 100
130 12 2450
131 12 100
131 12 2450
132 12 100
132 12 2450
133 12 100
133 12 2450
134 12 100
134 12 2450
135 12 100
135 12 2450
136 12 100
136 12 2450
137 12 100
137 12 2450
138 12 100
138 12 2450
139 12 100
139 12 2450
140 12 100
140 12 2450
141 12 100
141 12 2450
142 12 100
142 12 2450
143 12 100
143 12 2450
144 12 100
144 12 2450
145 12 100
145 12 2450
146 12 100
146 12 2450
147 12 100
147 12 2450
148 12 100
148 12 2450
149 12 100
149 12 2450
150 12 100
150 12 2450
151 12 100
151 12 2450
152 12 100
152 12 2450
153 12 100
153 12 2450
154 12 100
154 12 2450
155 12 100
155 12 2450
156 12 100
156 12 2450
157 12 100
157 12 2450
158 12 100
158 12 2450
159 12 100
159 12 2450
160 12 100
160 12 2450
161 12 100
161 12 2450
162 12 100
162 12 2450
163 12 100
163 12 2450
164 12 100
164 12 2450
165 12 100
166 12 100
167 12 100
168 12 100
169 12 100
170 12 100
171 12 100
172 12 100
173 12 100
174 12 100
175 12 100
176 12 100
177 12 100
178 12 100
179 12 100
180 12 100
181 12 100
182 12 100
183 12 100
184 12 100
185 12 100
186 12 100
187 12 100
188 12 100
188 13 100
188 14 100
143 61 100
143 61 2450
144 61 100
144 61 2450
145 61 100
146 61 100
147 61 100
148 61 100
149 61 100
150 61 100
151 61 100
152 61 100
153 61 100
154 61 100
155 61 100
156 61 100
157 61 100
158 61 100
159 61 100
160 61 100
161 61 100
162 61 100
163 61 100
164 61 100
165 61 100
166 61 100
167 61 100
168 61 100
169 61 100
170 61 100
171 61 100
172 61 100
173 61 100
174 61 100
175 61 100
176 61 100
177 61 100
178 61 100
179 61 100
180 61 100
181 61 100
182 61 100
183 61 100
184 61 100
185 61 100
186 61 100
187 61 100
187 61 2450
36 34 100
37 34 100
38 34 100
39 34 100
40 34 100
41 34 100
42 34 100
43 34 100
44 34 100
45 34 100
46 34 100
46 34 2450
47 34 100
47 34 2450
48 34 100
48 34 2450
49 34 100
49 34 2450
50 34 100
50 34 2450
51 34 100
51 34 2450
52 34 100
52 34 2450
53 34 100
53 34 2450
54 34 100
54 34 2450
55 34 100
55 34 2450
56 34 100
56 34 2450
57 34 100
57 34 2450
58 34 100
58 34 2450
59 34 100
59 34 2450
60 34 100
60 34 2450
61 34 100
61 34 2450
62 34 100
62 34 2450
63 34 100
63 34 2450
64 34 100
64 34 2450
65 34 100
65 34 2450
66 34 100
66 34 2450
67 34 100
67 34 2450
68 34 100
68 34 2450
69 34 100
69 34 2450
70 34 100
70 34 2450
71 34 100
71 34 2450
71 34 1225
72 34 100
72 34 2450
72 34 1225
73 34 100
73 34 2450
73 34 1225
74 34 100
74 34 2450
74 34 1225
75 34 100
75 34 2450
75 34 1225
76 34 100
76 34 2450
76 34 1225
77 34 100
77 34 2450
77 34 1225
78 34 100
78 34 2450
78 34 1225
79 34 100
79 34 2450
79 34 1225
80 34 100
80 34 2450
80 34 1225
81 34 100
81 34 2450
81 34 1225
82 34 100
82 34 2450
82 34 1225
83 34 100
83 34 2450
83 34 1225
84 34 100
84 34 2450
84 34 1225
85 34 100
85 34 2450
85 34 1225
86 34 100
86 34 2450
86 34 1225
87 34 100
87 34 2450
87 34 1225
88 34 100
88 34 2450
88 34 1225
88 34 612
89 34 100
89 34 2450
89 34 1225
89 34 612
90 34 100
90 34 2450
90 34 1225
90 34 612
91 34 100
91 34 2450
91 34 1225
91 34 612
92 34 100
92 34 2450
92 34 1225
92 34 612
93 34 100
93 34 2450
93 34 1225
93 34 612
93 34 306
94 34 100
94 34 2450
94 34 1225
94 34 612
94 34 306
95 34 100
95 34 2450
95 34 1225
95 34 612
95 34 306
96 34 100
96 34 2450
96 34 1225
96 34 612
96 34 306
96 34 153
97 34 100
97 34 2450
97 34 1225
97 34 612
97 34 306
97 34 153
98 34 100
98 34 2450
98 34 1225
98 34 612
98 34 306
98 34 153
99 34 100
99 34 2450
99 34 1225
99 34 612
99 34 306
99 34 153
99 34 77
100 34 100
100 34 2450
100 34 1225
100 34 612
100 34 306
100 34 153
100 34 77
100 34 38
101 34 100
101 34 2450
101 34 1225
101 34 612
101 34 306
101 34 153
101 34 77
101 34 38
102 34 100
102 34 2450
102 34 1225
102 34 612
102 34 306
102 34 153
102 34 77
103 34 100
103 34 2450
103 34 1225
103 34 612
103 34 306
103 34 153
103 34 77
104 34 100
104 34 2450
104 34 1225
104 34 612
104 34 306
104 34 153
105 34 100
105 34 2450
105 34 1225
105 34 612
105 34 306
106 34 100
106 34 2450
106 34 1225
106 34 612
106 34 306
107 34 100
107 34 2450
107 34 1225
107 34 612
108 34 100
108 34 2450
108 34 1225
108 34 612
109 34 100
109 34 2450
109 34 1225
109 34 612
110 34 100
110 34 2450
110 34 1225
111 34 100
111 34 2450
111 34 1225
112 34 100
112 34 2450
112 34 1225
113 34 100
113 34 2450
113 34 1225
114 34 100
114 34 2450
114 34 1225
115 34 100
115 34 2450
115 34 1225
116 34 100
116 34 2450
117 34 100
117 34 2450
118 34 100
118 34 2450
119 34 100
119 34 2450
120 34 100
120 34 2450
121 34 100
121 34 2450
122 34 100
122 34 2450
123 34 100
123 34 2450
124 34 100
124 34 2450
125 34 100
125 34 2450
126 34 100
126 34 2450
127 34 100
127 34 2450
128 34 100
128 34 2450
129 34 100
129 34 2450
130 34 100
130 34 2450
131 34 100
131 34 2450
132 34 100
132 34 2450
133 34 100
133 34 2450
134 34 100
134 34 2450
135 34 100
135 34 2450
136 34 100
136 34 2450
137 34 100
137 34 2450
138 34 100
138 34 2450
139 34 100
139 34 2450
140 34 100
140 34 2450
141 34 100
141 34 2450
142 34 100
142 34 2450
143 34 100
143 34 2450
144 34 100
144 34 2450
145 34 100
145 34 2450
146 34 100
146 34 2450
147 34 100
147 34 2450
148 34 100
148 34 2450
149 34 100
149 34 2450
150 34 100
151 34 100
152 34 100
153 34 100
154 34 100
155 34 100
156 34 100
157 34 100
158 34 100
159 34 100
160 34 100
161 34 100
162 34 100
163 34 100
164 34 100
165 34 100
166 34 100
167 34 100
168 34 100
169 34 100
170 34 100
171 34 100
172 34 100
173 34 100
174 34 100
175 34 100
176 34 100
177 34 100
178 34 100
179 34 100
180 34 100
181 34 100
182 34 100
183 34 100
184 34 100
185 34 100
186 34 100
187 34 100
