112 121 100
112 121 2450
113 121 100
113 121 2450
114 121 100
114 121 2450
115 121 100
115 121 2450
116 121 100
116 121 2450
117 121 100
117 121 2450
118 121 100
118 121 2450
119 121 100
119 121 2450
120 121 100
120 121 2450
121 121 100
121 121 2450
122 121 100
122 121 2450
122 121 1225
123 121 100
123 121 2450
123 121 1225
124 121 100
124 121 2450
124 121 1225
125 121 100
125 121 2450
125 121 1225
125 121 612
126 121 100
126 121 2450
126 121 1225
126 121 612
127 121 100
127 121 2450
127 121 1225
127 121 612
128 121 100
128 121 2450
128 121 1225
128 121 612
129 121 100
129 121 2450
129 121 1225
129 121 612
129 121 306
130 121 100
130 121 2450
130 121 1225
130 121 612
130 121 306
131 121 100
131 121 2450
131 121 1225
131 121 612
131 121 306
132 121 100
132 121 2450
132 121 1225
132 121 612
132 121 306
133 121 100
133 121 2450
133 121 1225
133 121 612
133 121 306
134 121 100
134 121 2450
134 121 1225
134 121 612
134 121 306
135 121 100
135 121 2450
135 121 1225
135 121 612
135 121 306
136 121 100
136 121 2450
136 121 1225
136 121 612
136 121 306
137 121 100
137 121 2450
137 121 1225
137 121 612
137 121 306
138 121 100
138 121 2450
138 121 1225
138 121 612
138 121 306
139 121 100
139 121 2450
139 121 1225
139 121 612
139 121 306
140 121 100
140 121 2450
140 121 1225
140 121 612
140 121 306
141 121 100
141 121 2450
141 121 1225
141 121 612
141 121 306
142 121 100
142 121 2450
142 121 1225
142 121 612
142 121 306
143 121 100
143 121 2450
143 121 1225
143 121 612
143 121 306
144 121 100
144 121 2450
144 121 1225
144 121 612
144 121 306
145 121 100
145 121 2450
145 121 1225
145 121 612
146 121 100
146 121 2450
146 121 1225
146 121 612
147 121 100
147 121 2450
147 121 1225
147 121 612
148 121 100
148 121 2450
148 121 1225
149 121 100
149 121 2450
149 121 1225
150 121 100
150 121 2450
150 121 1225
151 121 100
151 121 2450
151 121 1225
152 121 100
152 121 2450
152 121 1225
153 121 100
153 121 2450
153 121 1225
154 121 100
154 121 2450
154 121 1225
155 121 100
155 121 2450
155 121 1225
156 121 100
156 121 2450
157 121 100
157 121 2450
158 121 100
158 121 2450
159 121 100
159 121 2450
160 121 100
160 121 2450
161 121 100
161 121 2450
162 121 100
162 121 2450
163 121 100
163 121 2450
164 121 100
164 121 2450
165 121 100
165 121 2450
166 121 100
166 121 2450
167 121 100
167 121 2450
168 121 100
168 121 2450
169 121 100
169 121 2450
170 121 100
171 121 100
172 121 100
173 121 100
173 120 100
173 119 100
173 118 100
173 117 100
173 116 100
144 198 100
145 198 100
146 198 100
147 198 100
148 198 100
149 198 100
150 198 100
151 198 100
152 198 100
152 198 2450
153 198 100
153 198 2450
154 198 100
154 198 2450
155 198 100
155 198 2450
156 198 100
156 198 2450
157 198 100
157 198 2450
158 198 100
158 198 2450
159 198 100
159 198 2450
160 198 100
160 198 2450
161 198 100
161 198 2450
162 198 100
162 198 2450
163 198 100
163 198 2450
164 198 100
164 198 2450
165 198 100
165 198 2450
165 198 1225
166 198 100
166 198 2450
166 198 1225
167 198 100
167 198 2450
167 198 1225
168 198 100
168 198 2450
168 198 1225
169 198 100
169 198 2450
169 198 1225
170 198 100
170 198 2450
170 198 1225
170 198 612
171 198 100
171 198 2450
171 198 1225
171 198 612
172 198 100
172 198 2450
172 198 1225
172 198 612
173 198 100
173 198 2450
173 198 1225
173 198 612
173 197 100
173 197 2450
173 197 1225
173 197 612
173 196 100
173 196 2450
173 196 1225
173 196 612
173 195 100
173 195 2450
173 195 1225
173 195 612
173 194 100
173 194 2450
173 194 1225
173 194 612
173 193 100
173 193 2450
173 193 1225
173 193 612
173 192 100
173 192 2450
173 192 1225
173 191 100
173 191 2450
173 191 1225
173 190 100
173 190 2450
173 190 1225
173 189 100
173 189 2450
173 189 1225
173 188 100
173 188 2450
173 188 1225
173 187 100
173 187 2450
173 187 1225
173 186 100
173 186 2450
173 185 100
173 185 2450
173 184 100
173 184 2450
173 183 100
173 183 2450
173 182 100
173 182 2450
173 181 100
173 181 2450
173 180 100
173 180 2450
173 179 100
173 179 2450
173 178 100
173 178 2450
173 178 1225
173 177 100
173 177 2450
173 177 1225
173 176 100
173 176 2450
173 176 1225
173 175 100
173 175 2450
173 175 1225
173 174 100
173 174 2450
173 174 1225
173 173 100
173 173 2450
173 173 1225
173 172 100
173 172 2450
173 172 1225
173 171 100
173 171 2450
173 171 1225
173 170 100
173 170 2450
173 170 1225
173 170 612
173 169 100
173 169 2450
173 169 1225
173 169 612
173 168 100
173 168 2450
173 168 1225
173 168 612
173 167 100
173 167 2450
173 167 1225
173 166 100
173 166 2450
173 166 1225
173 165 100
173 165 2450
173 165 1225
173 164 100
173 164 2450
173 164 1225
173 163 100
173 163 2450
173 163 1225
173 162 100
173 162 2450
173 162 1225
173 161 100
173 161 2450
173 161 1225
173 160 100
173 160 2450
173 160 1225
173 159 100
173 159 2450
173 159 1225
173 158 100
173 158 2450
173 158 1225
173 157 100
173 157 2450
173 156 100
173 156 2450
173 155 100
173 155 2450
173 154 100
173 154 2450
173 153 100
173 153 2450
173 152 100
173 152 2450
173 151 100
173 151 2450
173 150 100
173 150 2450
173 149 100
173 149 2450
173 148 100
173 148 2450
173 147 100
173 147 2450
173 146 100
173 146 2450
173 145 100
173 145 2450
173 144 100
173 144 2450
173 143 100
173 143 2450
173 142 100
173 142 2450
173 141 100
173 141 2450
173 140 100
173 140 2450
173 139 100
173 139 2450
173 138 100
173 138 2450
173 137 100
173 137 2450
173 136 100
173 136 2450
173 135 100
173 135 2450
173 134 100
173 134 2450
173 133 100
173 133 2450
173 132 100
173 132 2450
173 131 100
173 131 2450
173 130 100
173 130 2450
173 129 100
173 129 2450
173 128 100
173 128 2450
173 127 100
173 127 2450
173 126 100
173 126 2450
173 125 100
173 125 2450
173 124 100
173 123 100
173 122 100
44 143 100
45 143 100
45 143 2450
46 143 100
46 143 2450
47 143 100
47 143 2450
48 143 100
48 143 2450
49 143 100
49 143 2450
50 143 100
50 143 2450
51 143 100
51 143 2450
52 143 100
52 143 2450
53 143 100
53 143 2450
54 143 100
54 143 2450
55 143 100
55 143 2450
56 143 100
56 143 2450
57 143 100
57 143 2450
58 143 100
58 143 2450
59 143 100
59 143 2450
60 143 100
60 143 2450
61 143 100
61 143 2450
62 143 100
62 143 2450
63 143 100
63 143 2450
64 143 100
64 143 2450
65 143 100
65 143 2450
66 143 100
66 143 2450
67 143 100
67 143 2450
68 143 100
68 143 2450
69 143 100
69 143 2450
70 143 100
70 143 2450
71 143 100
71 143 2450
72 143 100
73 143 100
74 143 100
75 143 100
76 143 100
77 143 100
78 143 100
78 143 2450
79 143 100
79 143 2450
80 143 100
80 143 2450
81 143 100
81 143 2450
82 143 100
82 143 2450
83 143 100
83 143 2450
84 143 100
84 143 2450
85 143 100
85 143 2450
86 143 100
86 143 2450
87 143 100
87 143 2450
88 143 100
88 143 2450
89 143 100
89 143 2450
90 143 100
90 143 2450
91 143 100
91 143 2450
92 143 100
92 143 2450
93 143 100
93 143 2450
94 143 100
94 143 2450
95 143 100
95 143 2450
96 143 100
96 143 2450
97 143 100
97 143 2450
98 143 100
98 143 2450
99 143 100
100 143 100
101 143 100
102 143 100
103 143 100
104 143 100
105 143 100
106 143 100
107 143 100
108 143 100
109 143 100
110 143 100
111 143 100
112 143 100
113 143 100
114 143 100
115 143 100
116 143 100
117 143 100
118 143 100
119 143 100
120 143 100
120 143 2450
121 143 100
121 143 2450
122 143 100
122 143 2450
123 143 100
123 143 2450
124 143 100
124 143 2450
125 143 100
125 143 2450
126 143 100
126 143 2450
127 143 100
127 143 2450
128 143 100
128 143 2450
129 143 100
129 143 2450
130 143 100
130 143 2450
131 143 100
131 143 2450
132 143 100
132 143 2450
133 143 100
133 143 2450
134 143 100
134 143 2450
135 143 100
135 143 2450
136 143 100
136 143 2450
137 143 100
137 143 2450
138 143 100
138 143 2450
139 143 100
139 143 2450
140 143 100
140 143 2450
141 143 100
141 143 2450
142 143 100
142 143 2450
143 143 100
143 143 2450
144 143 100
144 143 2450
145 143 100
145 143 2450
146 143 100
146 143 2450
147 143 100
147 143 2450
148 143 100
149 143 100
150 143 100
151 143 100
152 143 100
153 143 100
154 143 100
155 143 100
156 143 100
157 143 100
158 143 100
159 143 100
160 143 100
161 143 100
162 143 100
163 143 100
163 143 2450
164 143 100
164 143 2450
165 143 100
165 143 2450
166 143 100
166 143 2450
167 143 100
167 143 2450
168 143 100
168 143 2450
169 143 100
169 143 2450
170 143 100
170 143 2450
171 143 100
171 143 2450
172 143 100
172 143 2450
119 155 100
120 155 100
121 155 100
122 155 100
123 155 100
124 155 100
125 155 100
126 155 100
127 155 100
128 155 100
129 155 100
130 155 100
131 155 100
132 155 100
133 155 100
134 155 100
135 155 100
136 155 100
137 155 100
138 155 100
139 155 100
140 155 100
141 155 100
142 155 100
143 155 100
144 155 100
145 155 100
146 155 100
147 155 100
148 155 100
149 155 100
150 155 100
151 155 100
152 155 100
153 155 100
154 155 100
155 155 100
156 155 100
157 155 100
158 155 100
159 155 100
160 155 100
160 155 2450
161 155 100
161 155 2450
162 155 100
162 155 2450
163 155 100
163 155 2450
164 155 100
164 155 2450
165 155 100
165 155 2450
166 155 100
166 155 2450
167 155 100
167 155 2450
168 155 100
168 155 2450
169 155 100
169 155 2450
170 155 100
170 155 2450
171 155 100
171 155 2450
172 155 100
172 155 2450
32 184 100
32 184 2450
33 184 100
33 184 2450
34 184 100
34 184 2450
35 184 100
35 184 2450
36 184 100
36 184 2450
37 184 100
37 184 2450
38 184 100
38 184 2450
39 184 100
39 184 2450
40 184 100
40 184 2450
41 184 100
41 184 2450
42 184 100
42 184 2450
43 184 100
43 184 2450
44 184 100
44 184 2450
44 184 1225
45 184 100
45 184 2450
45 184 1225
46 184 100
46 184 2450
46 184 1225
47 184 100
47 184 2450
47 184 1225
48 184 100
48 184 2450
48 184 1225
49 184 100
49 184 2450
49 184 1225
50 184 100
50 184 2450
50 184 1225
51 184 100
51 184 2450
51 184 1225
52 184 100
52 184 2450
53 184 100
53 184 2450
54 184 100
54 184 2450
55 184 100
55 184 2450
56 184 100
56 184 2450
57 184 100
57 184 2450
58 184 100
58 184 2450
59 184 100
59 184 2450
60 184 100
60 184 2450
61 184 100
61 184 2450
62 184 100
62 184 2450
63 184 100
63 184 2450
64 184 100
64 184 2450
65 184 100
65 184 2450
66 184 100
66 184 2450
67 184 100
67 184 2450
68 184 100
68 184 2450
69 184 100
69 184 2450
70 184 100
70 184 2450
71 184 100
71 184 2450
72 184 100
72 184 2450
73 184 100
73 184 2450
74 184 100
74 184 2450
75 184 100
75 184 2450
76 184 100
76 184 2450
77 184 100
77 184 2450
78 184 100
78 184 2450
79 184 100
79 184 2450
80 184 100
80 184 2450
81 184 100
81 184 2450
82 184 100
82 184 2450
83 184 100
83 184 2450
84 184 100
84 184 2450
85 184 100
85 184 2450
86 184 100
86 184 2450
87 184 100
87 184 2450
88 184 100
88 184 2450
89 184 100
89 184 2450
90 184 100
90 184 2450
91 184 100
91 184 2450
92 184 100
92 184 2450
93 184 100
93 184 2450
93 184 1225
94 184 100
94 184 2450
94 184 1225
95 184 100
95 184 2450
95 184 1225
96 184 100
96 184 2450
96 184 1225
97 184 100
97 184 2450
97 184 1225
98 184 100
98 184 2450
98 184 1225
99 184 100
99 184 2450
99 184 1225
99 184 612
100 184 100
100 184 2450
100 184 1225
100 184 612
101 184 100
101 184 2450
101 184 1225
101 184 612
102 184 100
102 184 2450
102 184 1225
102 184 612
102 184 306
103 184 100
103 184 2450
103 184 1225
103 184 612
103 184 306
104 184 100
104 184 2450
104 184 1225
104 184 612
104 184 306
105 184 100
105 184 2450
105 184 1225
105 184 612
105 184 306
106 184 100
106 184 2450
106 184 1225
106 184 612
106 184 306
107 184 100
107 184 2450
107 184 1225
107 184 612
107 184 306
108 184 100
108 184 2450
108 184 1225
108 184 612
109 184 100
109 184 2450
109 184 1225
109 184 612
110 184 100
110 184 2450
110 184 1225
110 184 612
111 184 100
111 184 2450
111 184 1225
112 184 100
112 184 2450
112 184 1225
113 184 100
113 184 2450
113 184 1225
114 184 100
114 184 2450
115 184 100
115 184 2450
116 184 100
116 184 2450
117 184 100
117 184 2450
118 184 100
118 184 2450
119 184 100
119 184 2450
120 184 100
120 184 2450
121 184 100
121 184 2450
122 184 100
122 184 2450
123 184 100
123 184 2450
124 184 100
124 184 2450
125 184 100
125 184 2450
126 184 100
126 184 2450
127 184 100
127 184 2450
128 184 100
128 184 2450
129 184 100
129 184 2450
130 184 100
131 184 100
132 184 100
133 184 100
134 184 100
135 184 100
136 184 100
137 184 100
138 184 100
139 184 100
140 184 100
141 184 100
142 184 100
143 184 100
143 184 2450
144 184 100
144 184 2450
145 184 100
145 184 2450
146 184 100
146 184 2450
147 184 100
147 184 2450
148 184 100
148 184 2450
149 184 100
149 184 2450
150 184 100
150 184 2450
151 184 100
151 184 2450
152 184 100
152 184 2450
153 184 100
153 184 2450
154 184 100
154 184 2450
155 184 100
155 184 2450
156 184 100
156 184 2450
157 184 100
157 184 2450
158 184 100
158 184 2450
159 184 100
159 184 2450
160 184 100
160 184 2450
161 184 100
161 184 2450
162 184 100
162 184 2450
162 184 1225
163 184 100
163 184 2450
163 184 1225
164 184 100
164 184 2450
164 184 1225
165 184 100
165 184 2450
165 184 1225
166 184 100
166 184 2450
166 184 1225
167 184 100
167 184 2450
167 184 1225
168 184 100
168 184 2450
168 184 1225
169 184 100
169 184 2450
169 184 1225
170 184 100
170 184 2450
170 184 1225
171 184 100
171 184 2450
172 184 100
172 184 2450
68 31 100
69 31 100
70 31 100
71 31 100
72 31 100
73 31 100
74 31 100
75 31 100
76 31 100
76 31 2450
77 31 100
77 31 2450
78 31 100
78 31 2450
79 31 100
79 31 2450
80 31 100
80 31 2450
81 31 100
81 31 2450
82 31 100
82 31 2450
83 31 100
83 31 2450
84 31 100
84 31 2450
85 31 100
85 31 2450
86 31 100
86 31 2450
87 31 100
87 31 2450
88 31 100
88 31 2450
89 31 100
89 31 2450
90 31 100
90 31 2450
91 31 100
91 31 2450
92 31 100
92 31 2450
92 31 1225
93 31 100
93 31 2450
93 31 1225
94 31 100
94 31 2450
94 31 1225
95 31 100
95 31 2450
95 31 1225
96 31 100
96 31 2450
96 31 1225
97 31 100
97 31 2450
97 31 1225
98 31 100
98 31 2450
98 31 1225
99 31 100
99 31 2450
99 31 1225
100 31 100
100 31 2450
100 31 1225
101 31 100
101 31 2450
101 31 1225
102 31 100
102 31 2450
102 31 1225
103 31 100
103 31 2450
103 31 1225
104 31 100
104 31 2450
104 31 1225
105 31 100
105 31 2450
106 31 100
106 31 2450
107 31 100
107 31 2450
108 31 100
108 31 2450
109 31 100
109 31 2450
110 31 100
110 31 2450
111 31 100
111 31 2450
112 31 100
112 31 2450
113 31 100
113 31 2450
114 31 100
114 31 2450
115 31 100
115 31 2450
116 31 100
116 31 2450
117 31 100
117 31 2450
118 31 100
118 31 2450
119 31 100
119 31 2450
120 31 100
120 31 2450
121 31 100
121 31 2450
122 31 100
123 31 100
124 31 100
125 31 100
126 31 100
127 31 100
128 31 100
129 31 100
130 31 100
131 31 100
132 31 100
133 31 100
134 31 100
135 31 100
136 31 100
137 31 100
138 31 100
139 31 100
140 31 100
141 31 100
142 31 100
143 31 100
144 31 100
145 31 100
146 31 100
146 31 2450
147 31 100
147 31 2450
148 31 100
148 31 2450
149 31 100
149 31 2450
150 31 100
150 31 2450
151 31 100
151 31 2450
152 31 100
152 31 2450
153 31 100
153 31 2450
154 31 100
154 31 2450
155 31 100
155 31 2450
156 31 100
156 31 2450
157 31 100
157 31 2450
158 31 100
158 31 2450
159 31 100
159 31 2450
160 31 100
160 31 2450
161 31 100
161 31 2450
162 31 100
162 31 2450
163 31 100
163 31 2450
164 31 100
164 31 2450
165 31 100
165 31 2450
166 31 100
166 31 2450
167 31 100
167 31 2450
168 31 100
168 31 2450
169 31 100
169 31 2450
170 31 100
170 31 2450
171 31 100
171 31 2450
172 31 100
172 31 2450
173 31 100
173 31 2450
173 32 100
173 32 2450
173 33 100
173 34 100
173 35 100
173 36 100
173 37 100
173 38 100
173 39 100
173 39 2450
173 40 100
173 40 2450
173 41 100
173 41 2450
173 42 100
173 42 2450
173 43 100
173 43 2450
173 44 100
173 44 2450
173 45 100
173 45 2450
173 46 100
173 46 2450
173 47 100
173 47 2450
173 48 100
173 48 2450
173 49 100
173 49 2450
173 50 100
173 50 2450
173 51 100
173 51 2450
173 52 100
173 52 2450
173 53 100
173 53 2450
173 54 100
173 54 2450
173 55 100
173 55 2450
173 55 1225
173 56 100
173 56 2450
173 56 1225
173 57 100
173 57 2450
173 57 1225
173 58 100
173 58 2450
173 58 1225
173 59 100
173 59 2450
173 59 1225
173 59 612
173 60 100
173 60 2450
173 60 1225
173 60 612
173 61 100
173 61 2450
173 61 1225
173 62 100
173 62 2450
173 62 1225
173 63 100
173 63 2450
173 63 1225
173 64 100
173 64 2450
173 64 1225
173 65 100
173 65 2450
173 65 1225
173 66 100
173 66 2450
173 67 100
173 67 2450
173 68 100
173 68 2450
173 69 100
173 69 2450
173 70 100
173 70 2450
173 71 100
173 71 2450
173 72 100
173 72 2450
173 73 100
173 73 2450
173 74 100
173 74 2450
173 75 100
173 75 2450
173 76 100
173 76 2450
173 77 100
173 77 2450
173 78 100
173 78 2450
173 79 100
173 79 2450
173 80 100
173 80 2450
173 81 100
173 81 2450
173 82 100
173 82 2450
173 83 100
173 83 2450
173 84 100
173 84 2450
173 85 100
173 85 2450
173 86 100
173 86 2450
173 87 100
173 87 2450
173 88 100
173 88 2450
173 89 100
173 89 2450
173 90 100
173 90 2450
173 91 100
173 91 2450
173 92 100
173 93 100
173 94 100
173 95 100
173 96 100
173 97 100
173 98 100
173 99 100
173 100 100
173 101 100
173 102 100
173 103 100
173 104 100
173 105 100
173 106 100
173 107 100
173 108 100
173 109 100
173 110 100
173 111 100
173 112 100
173 113 100
173 114 100
173 115 100
177 89 100
177 89 2450
176 89 100
176 89 2450
175 89 100
175 89 2450
174 89 100
174 89 2450
141 167 100
142 167 100
143 167 100
144 167 100
145 167 100
146 167 100
147 167 100
147 167 2450
148 167 100
148 167 2450
149 167 100
149 167 2450
150 167 100
150 167 2450
151 167 100
152 167 100
153 167 100
154 167 100
154 167 2450
155 167 100
155 167 2450
156 167 100
156 167 2450
157 167 100
157 167 2450
158 167 100
158 167 2450
159 167 100
159 167 2450
160 167 100
160 167 2450
161 167 100
161 167 2450
162 167 100
162 167 2450
163 167 100
163 167 2450
164 167 100
164 167 2450
164 167 1225
165 167 100
165 167 2450
165 167 1225
166 167 100
166 167 2450
166 167 1225
167 167 100
167 167 2450
167 167 1225
168 167 100
168 167 2450
168 167 1225
168 167 612
169 167 100
169 167 2450
169 167 1225
169 167 612
170 167 100
170 167 2450
170 167 1225
170 167 612
171 167 100
171 167 2450
171 167 1225
171 167 612
172 167 100
172 167 2450
172 167 1225
172 167 612
27 98 100
28 98 100
29 98 100
30 98 100
31 98 100
32 98 100
33 98 100
34 98 100
35 98 100
36 98 100
37 98 100
38 98 100
39 98 100
39 98 2450
40 98 100
40 98 2450
41 98 100
41 98 2450
42 98 100
42 98 2450
43 98 100
43 98 2450
44 98 100
44 98 2450
45 98 100
45 98 2450
46 98 100
46 98 2450
47 98 100
47 98 2450
48 98 100
48 98 2450
49 98 100
49 98 2450
50 98 100
50 98 2450
51 98 100
51 98 2450
52 98 100
52 98 2450
53 98 100
53 98 2450
54 98 100
54 98 2450
55 98 100
55 98 2450
56 98 100
56 98 2450
57 98 100
57 98 2450
58 98 100
58 98 2450
59 98 100
59 98 2450
60 98 100
60 98 2450
60 98 1225
61 98 100
61 98 2450
61 98 1225
62 98 100
62 98 2450
62 98 1225
63 98 100
63 98 2450
63 98 1225
64 98 100
64 98 2450
64 98 1225
65 98 100
65 98 2450
65 98 1225
66 98 100
66 98 2450
66 98 1225
67 98 100
67 98 2450
67 98 1225
68 98 100
68 98 2450
68 98 1225
69 98 100
69 98 2450
69 98 1225
70 98 100
70 98 2450
70 98 1225
71 98 100
71 98 2450
72 98 100
72 98 2450
73 98 100
73 98 2450
74 98 100
74 98 2450
75 98 100
75 98 2450
76 98 100
76 98 2450
77 98 100
77 98 2450
78 98 100
78 98 2450
79 98 100
79 98 2450
80 98 100
80 98 2450
81 98 100
81 98 2450
82 98 100
82 98 2450
83 98 100
83 98 2450
84 98 100
84 98 2450
85 98 100
85 98 2450
86 98 100
86 98 2450
87 98 100
87 98 2450
88 98 100
88 98 2450
89 98 100
89 98 2450
90 98 100
91 98 100
92 98 100
93 98 100
94 98 100
95 98 100
96 98 100
97 98 100
98 98 100
99 98 100
100 98 100
101 98 100
102 98 100
103 98 100
104 98 100
105 98 100
106 98 100
106 98 2450
107 98 100
107 98 2450
108 98 100
108 98 2450
109 98 100
109 98 2450
110 98 100
110 98 2450
111 98 100
111 98 2450
112 98 100
112 98 2450
113 98 100
113 98 2450
114 98 100
114 98 2450
115 98 100
115 98 2450
116 98 100
116 98 2450
117 98 100
117 98 2450
118 98 100
118 98 2450
119 98 100
119 98 2450
120 98 100
120 98 2450
121 98 100
121 98 2450
122 98 100
122 98 2450
123 98 100
123 98 2450
124 98 100
124 98 2450
125 98 100
125 98 2450
126 98 100
126 98 2450
127 98 100
127 98 2450
127 98 1225
128 98 100
128 98 2450
128 98 1225
129 98 100
129 98 2450
129 98 1225
130 98 100
130 98 2450
130 98 1225
131 98 100
131 98 2450
131 98 1225
132 98 100
132 98 2450
132 98 1225
132 98 612
133 98 100
133 98 2450
133 98 1225
133 98 612
134 98 100
134 98 2450
134 98 1225
134 98 612
135 98 100
135 98 2450
135 98 1225
135 98 612
136 98 100
136 98 2450
136 98 1225
136 98 612
137 98 100
137 98 2450
137 98 1225
138 98 100
138 98 2450
138 98 1225
139 98 100
139 98 2450
139 98 1225
140 98 100
140 98 2450
140 98 1225
141 98 100
141 98 2450
142 98 100
142 98 2450
143 98 100
143 98 2450
144 98 100
144 98 2450
145 98 100
145 98 2450
146 98 100
146 98 2450
147 98 100
147 98 2450
148 98 100
148 98 2450
149 98 100
149 98 2450
150 98 100
150 98 2450
151 98 100
151 98 2450
152 98 100
152 98 2450
153 98 100
153 98 2450
154 98 100
154 98 2450
155 98 100
155 98 2450
156 98 100
157 98 100
158 98 100
159 98 100
160 98 100
161 98 100
162 98 100
163 98 100
164 98 100
165 98 100
166 98 100
167 98 100
168 98 100
169 98 100
170 98 100
171 98 100
172 98 100
18 150 100
19 150 100
20 150 100
21 150 100
22 150 100
23 150 100
24 150 100
25 150 100
26 150 100
27 150 100
28 150 100
29 150 100
30 150 100
31 150 100
32 150 100
33 150 100
34 150 100
35 150 100
36 150 100
37 150 100
38 150 100
39 150 100
40 150 100
41 150 100
42 150 100
43 150 100
44 150 100
45 150 100
46 150 100
47 150 100
48 150 100
49 150 100
50 150 100
51 150 100
52 150 100
53 150 100
54 150 100
55 150 100
56 150 100
57 150 100
58 150 100
59 150 100
60 150 100
61 150 100
62 150 100
63 150 100
64 150 100
65 150 100
66 150 100
67 150 100
68 150 100
69 150 100
70 150 100
71 150 100
72 150 100
73 150 100
74 150 100
75 150 100
76 150 100
76 150 2450
77 150 100
77 150 2450
78 150 100
78 150 2450
79 150 100
79 150 2450
80 150 100
80 150 2450
81 150 100
81 150 2450
82 150 100
82 150 2450
83 150 100
83 150 2450
84 150 100
84 150 2450
85 150 100
85 150 2450
86 150 100
86 150 2450
87 150 100
87 150 2450
88 150 100
88 150 2450
89 150 100
89 150 2450
90 150 100
90 150 2450
91 150 100
91 150 2450
92 150 100
92 150 2450
93 150 100
93 150 2450
94 150 100
94 150 2450
95 150 100
95 150 2450
96 150 100
96 150 2450
97 150 100
97 150 2450
98 150 100
98 150 2450
99 150 100
100 150 100
101 150 100
102 150 100
103 150 100
104 150 100
105 150 100
106 150 100
107 150 100
108 150 100
109 150 100
110 150 100
111 150 100
112 150 100
113 150 100
114 150 100
115 150 100
116 150 100
117 150 100
118 150 100
119 150 100
120 150 100
121 150 100
122 150 100
123 150 100
124 150 100
125 150 100
126 150 100
127 150 100
128 150 100
129 150 100
130 150 100
131 150 100
132 150 100
132 150 2450
133 150 100
133 150 2450
134 150 100
134 150 2450
135 150 100
135 150 2450
136 150 100
137 150 100
138 150 100
139 150 100
140 150 100
141 150 100
142 150 100
143 150 100
144 150 100
145 150 100
146 150 100
147 150 100
148 150 100
149 150 100
150 150 100
151 150 100
152 150 100
153 150 100
154 150 100
155 150 100
156 150 100
157 150 100
158 150 100
159 150 100
160 150 100
161 150 100
162 150 100
162 150 2450
163 150 100
163 150 2450
164 150 100
164 150 2450
165 150 100
165 150 2450
166 150 100
166 150 2450
167 150 100
167 150 2450
168 150 100
168 150 2450
169 150 100
169 150 2450
170 150 100
170 150 2450
171 150 100
171 150 2450
172 150 100
172 150 2450
