3 182 100
4 182 100
5 182 100
6 182 100
7 182 100
8 182 100
9 182 100
10 182 100
11 182 100
12 182 100
13 182 100
14 182 100
15 182 100
16 182 100
17 182 100
18 182 100
19 182 100
19 182 2450
20 182 100
20 182 2450
21 182 100
21 182 2450
22 182 100
22 182 2450
23 182 100
23 182 2450
24 182 100
24 182 2450
25 182 100
25 182 2450
26 182 100
26 182 2450
27 182 100
27 182 2450
28 182 100
28 182 2450
29 182 100
29 182 2450
30 182 100
30 182 2450
31 182 100
31 182 2450
32 182 100
32 182 2450
33 182 100
33 182 2450
34 182 100
34 182 2450
35 182 100
35 182 2450
36 182 100
36 182 2450
37 182 100
37 182 2450
38 182 100
38 182 2450
39 182 100
39 182 2450
40 182 100
40 182 2450
41 182 100
41 182 2450
42 182 100
42 182 2450
43 182 100
43 182 2450
44 182 100
45 182 100
46 182 100
47 182 100
48 182 100
49 182 100
50 182 100
51 182 100
52 182 100
53 182 100
54 182 100
55 182 100
56 182 100
57 182 100
58 182 100
59 182 100
60 182 100
61 182 100
62 182 100
63 182 100
64 182 100
65 182 100
66 182 100
67 182 100
68 182 100
69 182 100
70 182 100
71 182 100
72 182 100
73 182 100
74 182 100
75 182 100
76 182 100
77 182 100
78 182 100
79 182 100
80 182 100
81 182 100
82 182 100
83 182 100
83 182 2450
84 182 100
84 182 2450
85 182 100
85 182 2450
86 182 100
87 182 100
88 182 100
89 182 100
90 182 100
91 182 100
92 182 100
93 182 100
94 182 100
95 182 100
96 182 100
97 182 100
98 182 100
99 182 100
100 182 100
101 182 100
102 182 100
103 182 100
104 182 100
105 182 100
106 182 100
107 182 100
108 182 100
109 182 100
110 182 100
111 182 100
111 182 2450
112 182 100
112 182 2450
113 182 100
113 182 2450
114 182 100
114 182 2450
115 182 100
115 182 2450
116 182 100
116 182 2450
117 182 100
117 182 2450
118 182 100
118 182 2450
119 182 100
119 182 2450
120 182 100
120 182 2450
121 182 100
122 182 100
123 182 100
124 182 100
125 182 100
126 182 100
127 182 100
128 182 100
129 182 100
130 182 100
131 182 100
132 182 100
133 182 100
134 182 100
135 182 100
136 182 100
137 182 100
138 182 100
139 182 100
140 182 100
141 182 100
142 182 100
143 182 100
144 182 100
145 182 100
146 182 100
147 182 100
148 182 100
149 182 100
150 182 100
151 182 100
152 182 100
153 182 100
153 182 2450
154 182 100
154 182 2450
155 182 100
155 182 2450
156 182 100
156 182 2450
157 182 100
157 182 2450
158 182 100
158 182 2450
159 182 100
159 182 2450
160 182 100
160 182 2450
161 182 100
161 182 2450
162 182 100
162 182 2450
163 182 100
163 182 2450
164 182 100
164 182 2450
165 182 100
165 182 2450
166 182 100
166 182 2450
167 182 100
167 182 2450
168 182 100
168 182 2450
169 182 100
169 182 2450
170 182 100
170 182 2450
171 182 100
171 182 2450
172 182 100
172 182 2450
173 182 100
173 182 2450
174 182 100
174 182 2450
175 182 100
175 182 2450
176 182 100
176 182 2450
177 182 100
177 182 2450
178 182 100
178 182 2450
179 182 100
179 182 2450
180 182 100
180 182 2450
181 182 100
181 182 2450
182 182 100
182 182 2450
183 182 100
183 182 2450
184 182 100
184 182 2450
185 182 100
185 182 2450
186 182 100
186 182 2450
187 182 100
187 182 2450
188 182 100
188 182 2450
189 182 100
189 182 2450
190 182 100
191 182 100
192 182 100
193 182 100
194 182 100
195 182 100
195 182 2450
196 182 100
196 182 2450
197 182 100
197 182 2450
198 182 100
198 182 2450
199 182 100
199 182 2450
199 181 100
199 181 2450
199 180 100
199 180 2450
199 179 100
199 179 2450
199 178 100
199 178 2450
199 177 100
199 177 2450
199 176 100
199 175 100
199 174 100
199 173 100
199 172 100
199 171 100
199 170 100
199 169 100
199 168 100
199 167 100
199 166 100
199 165 100
2 53 100
3 53 100
4 53 100
5 53 100
6 53 100
7 53 100
8 53 100
9 53 100
10 53 100
11 53 100
12 53 100
13 53 100
14 53 100
14 53 2450
15 53 100
15 53 2450
16 53 100
16 53 2450
17 53 100
17 53 2450
18 53 100
18 53 2450
19 53 100
19 53 2450
20 53 100
20 53 2450
21 53 100
21 53 2450
22 53 100
22 53 2450
23 53 100
23 53 2450
24 53 100
24 53 2450
25 53 100
25 53 2450
26 53 100
26 53 2450
27 53 100
27 53 2450
28 53 100
28 53 2450
29 53 100
29 53 2450
30 53 100
30 53 2450
31 53 100
31 53 2450
32 53 100
32 53 2450
33 53 100
33 53 2450
34 53 100
34 53 2450
35 53 100
35 53 2450
36 53 100
37 53 100
38 53 100
39 53 100
40 53 100
41 53 100
42 53 100
43 53 100
44 53 100
45 53 100
46 53 100
47 53 100
48 53 100
49 53 100
50 53 100
51 53 100
52 53 100
53 53 100
54 53 100
55 53 100
56 53 100
57 53 100
58 53 100
59 53 100
60 53 100
61 53 100
62 53 100
63 53 100
64 53 100
65 53 100
66 53 100
67 53 100
68 53 100
69 53 100
70 53 100
71 53 100
72 53 100
73 53 100
74 53 100
75 53 100
75 53 2450
76 53 100
76 53 2450
77 53 100
77 53 2450
78 53 100
78 53 2450
79 53 100
79 53 2450
80 53 100
80 53 2450
81 53 100
81 53 2450
82 53 100
82 53 2450
83 53 100
83 53 2450
84 53 100
84 53 2450
85 53 100
85 53 2450
86 53 100
86 53 2450
86 53 1225
87 53 100
87 53 2450
87 53 1225
88 53 100
88 53 2450
88 53 1225
88 53 612
89 53 100
89 53 2450
89 53 1225
89 53 612
90 53 100
90 53 2450
90 53 1225
90 53 612
90 53 306
91 53 100
91 53 2450
91 53 1225
91 53 612
91 53 306
91 53 153
92 53 100
92 53 2450
92 53 1225
92 53 612
92 53 306
92 53 153
92 53 77
93 53 100
93 53 2450
93 53 1225
93 53 612
93 53 306
93 53 153
94 53 100
94 53 2450
94 53 1225
94 53 612
94 53 306
94 53 153
95 53 100
95 53 2450
95 53 1225
95 53 612
95 53 306
96 53 100
96 53 2450
96 53 1225
96 53 612
96 53 306
97 53 100
97 53 2450
97 53 1225
97 53 612
98 53 100
98 53 2450
98 53 1225
98 53 612
99 53 100
99 53 2450
99 53 1225
99 53 612
100 53 100
100 53 2450
100 53 1225
101 53 100
101 53 2450
101 53 1225
102 53 100
102 53 2450
102 53 1225
103 53 100
103 53 2450
104 53 100
104 53 2450
105 53 100
105 53 2450
106 53 100
106 53 2450
107 53 100
107 53 2450
108 53 100
108 53 2450
109 53 100
109 53 2450
110 53 100
110 53 2450
111 53 100
111 53 2450
112 53 100
112 53 2450
113 53 100
113 53 2450
114 53 100
114 53 2450
115 53 100
115 53 2450
116 53 100
116 53 2450
117 53 100
117 53 2450
118 53 100
118 53 2450
119 53 100
119 53 2450
120 53 100
120 53 2450
121 53 100
121 53 2450
122 53 100
122 53 2450
123 53 100
123 53 2450
124 53 100
124 53 2450
125 53 100
125 53 2450
126 53 100
126 53 2450
127 53 100
127 53 2450
128 53 100
128 53 2450
129 53 100
129 53 2450
130 53 100
130 53 2450
131 53 100
131 53 2450
132 53 100
132 53 2450
133 53 100
133 53 2450
134 53 100
134 53 2450
135 53 100
135 53 2450
136 53 100
136 53 2450
137 53 100
137 53 2450
138 53 100
138 53 2450
139 53 100
139 53 2450
140 53 100
140 53 2450
141 53 100
142 53 100
143 53 100
144 53 100
145 53 100
146 53 100
147 53 100
148 53 100
149 53 100
150 53 100
151 53 100
152 53 100
153 53 100
154 53 100
155 53 100
156 53 100
157 53 100
158 53 100
159 53 100
160 53 100
161 53 100
162 53 100
163 53 100
164 53 100
165 53 100
166 53 100
167 53 100
168 53 100
169 53 100
170 53 100
171 53 100
172 53 100
173 53 100
174 53 100
175 53 100
176 53 100
177 53 100
178 53 100
179 53 100
180 53 100
181 53 100
182 53 100
183 53 100
184 53 100
185 53 100
186 53 100
187 53 100
188 53 100
189 53 100
190 53 100
191 53 100
192 53 100
193 53 100
194 53 100
195 53 100
196 53 100
197 53 100
198 53 100
199 53 100
199 54 100
199 55 100
199 56 100
199 57 100
199 58 100
199 59 100
199 60 100
199 61 100
199 62 100
199 63 100
199 64 100
199 64 2450
199 65 100
199 65 2450
199 66 100
199 66 2450
199 67 100
199 67 2450
199 68 100
199 68 2450
199 69 100
199 69 2450
199 70 100
199 70 2450
199 71 100
199 71 2450
199 72 100
199 72 2450
199 73 100
199 73 2450
199 74 100
199 74 2450
199 75 100
199 75 2450
199 76 100
199 76 2450
199 77 100
199 77 2450
199 78 100
199 78 2450
199 79 100
199 79 2450
199 80 100
199 80 2450
199 81 100
199 81 2450
199 82 100
199 82 2450
199 83 100
199 83 2450
199 84 100
199 84 2450
199 85 100
199 85 2450
199 86 100
199 86 2450
199 87 100
199 87 2450
199 88 100
199 88 2450
199 89 100
199 89 2450
199 90 100
199 90 2450
199 91 100
199 91 2450
199 92 100
199 92 2450
199 93 100
199 93 2450
199 94 100
199 94 2450
199 95 100
199 95 2450
199 96 100
199 96 2450
199 97 100
199 97 2450
199 98 100
199 98 2450
199 99 100
199 99 2450
199 100 100
199 101 100
199 102 100
199 103 100
199 104 100
199 105 100
199 106 100
199 107 100
199 108 100
199 109 100
199 110 100
199 111 100
199 112 100
199 113 100
199 114 100
199 114 2450
199 115 100
199 115 2450
199 116 100
199 116 2450
199 117 100
199 117 2450
199 118 100
199 118 2450
199 119 100
199 119 2450
199 120 100
199 120 2450
199 121 100
199 121 2450
199 122 100
199 122 2450
199 123 100
199 123 2450
199 124 100
199 124 2450
199 125 100
199 125 2450
199 126 100
199 126 2450
199 127 100
199 127 2450
199 128 100
199 128 2450
199 129 100
199 129 2450
199 130 100
199 130 2450
199 131 100
199 131 2450
199 132 100
199 132 2450
199 133 100
199 133 2450
199 134 100
199 135 100
199 136 100
199 137 100
199 138 100
199 139 100
199 140 100
199 140 2450
199 141 100
199 141 2450
199 142 100
199 142 2450
199 143 100
199 143 2450
199 144 100
199 144 2450
199 145 100
199 145 2450
199 146 100
199 146 2450
199 147 100
199 147 2450
199 148 100
199 148 2450
199 149 100
199 149 2450
199 150 100
199 150 2450
199 151 100
199 151 2450
199 152 100
199 152 2450
199 153 100
199 153 2450
199 154 100
199 154 2450
199 155 100
199 155 2450
199 156 100
199 157 100
199 158 100
199 159 100
199 160 100
199 161 100
199 162 100
199 163 100
199 164 100
84 154 100
85 154 100
86 154 100
87 154 100
88 154 100
89 154 100
90 154 100
91 154 100
92 154 100
93 154 100
94 154 100
95 154 100
96 154 100
97 154 100
98 154 100
99 154 100
100 154 100
101 154 100
102 154 100
103 154 100
104 154 100
105 154 100
106 154 100
107 154 100
108 154 100
109 154 100
110 154 100
110 154 2450
111 154 100
111 154 2450
112 154 100
112 154 2450
113 154 100
113 154 2450
114 154 100
114 154 2450
115 154 100
115 154 2450
116 154 100
116 154 2450
117 154 100
117 154 2450
118 154 100
118 154 2450
119 154 100
119 154 2450
120 154 100
120 154 2450
121 154 100
121 154 2450
122 154 100
122 154 2450
123 154 100
123 154 2450
124 154 100
124 154 2450
125 154 100
125 154 2450
126 154 100
126 154 2450
127 154 100
127 154 2450
128 154 100
128 154 2450
129 154 100
129 154 2450
130 154 100
130 154 2450
131 154 100
131 154 2450
132 154 100
132 154 2450
133 154 100
133 154 2450
134 154 100
134 154 2450
135 154 100
136 154 100
137 154 100
138 154 100
139 154 100
140 154 100
141 154 100
142 154 100
143 154 100
144 154 100
145 154 100
146 154 100
147 154 100
148 154 100
149 154 100
150 154 100
151 154 100
152 154 100
153 154 100
154 154 100
155 154 100
156 154 100
157 154 100
158 154 100
159 154 100
160 154 100
161 154 100
162 154 100
163 154 100
164 154 100
165 154 100
165 154 2450
166 154 100
166 154 2450
167 154 100
167 154 2450
168 154 100
168 154 2450
169 154 100
169 154 2450
170 154 100
170 154 2450
171 154 100
171 154 2450
172 154 100
172 154 2450
173 154 100
173 154 2450
174 154 100
174 154 2450
175 154 100
175 154 2450
176 154 100
176 154 2450
177 154 100
177 154 2450
178 154 100
178 154 2450
179 154 100
179 154 2450
180 154 100
180 154 2450
181 154 100
181 154 2450
182 154 100
182 154 2450
183 154 100
183 154 2450
184 154 100
184 154 2450
185 154 100
185 154 2450
186 154 100
186 154 2450
187 154 100
187 154 2450
188 154 100
188 154 2450
189 154 100
189 154 2450
190 154 100
190 154 2450
191 154 100
191 154 2450
192 154 100
192 154 2450
193 154 100
194 154 100
195 154 100
196 154 100
197 154 100
198 154 100
198 154 2450
