0 102 100
1 102 100
2 102 100
3 102 100
4 102 100
5 102 100
6 102 100
7 102 100
8 102 100
9 102 100
10 102 100
11 102 100
12 102 100
13 102 100
14 102 100
15 102 100
16 102 100
17 102 100
18 102 100
19 102 100
20 102 100
21 102 100
22 102 100
23 102 100
24 102 100
25 102 100
26 102 100
27 102 100
28 102 100
29 102 100
30 102 100
31 102 100
32 102 100
33 102 100
34 102 100
35 102 100
36 102 100
37 102 100
38 102 100
38 102 2450
39 102 100
39 102 2450
40 102 100
40 102 2450
41 102 100
41 102 2450
42 102 100
42 102 2450
43 102 100
43 102 2450
44 102 100
44 102 2450
45 102 100
45 102 2450
46 102 100
46 102 2450
47 102 100
47 102 2450
48 102 100
48 102 2450
49 102 100
49 102 2450
50 102 100
50 102 2450
51 102 100
51 102 2450
52 102 100
52 102 2450
53 102 100
53 102 2450
54 102 100
54 102 2450
54 102 1225
55 102 100
55 102 2450
55 102 1225
56 102 100
56 102 2450
56 102 1225
57 102 100
57 102 2450
57 102 1225
58 102 100
58 102 2450
58 102 1225
59 102 100
59 102 2450
59 102 1225
60 102 100
60 102 2450
60 102 1225
61 102 100
61 102 2450
61 102 1225
62 102 100
62 102 2450
62 102 1225
63 102 100
63 102 2450
63 102 1225
64 102 100
64 102 2450
64 102 1225
65 102 100
65 102 2450
65 102 1225
66 102 100
66 102 2450
66 102 1225
67 102 100
67 102 2450
67 102 1225
68 102 100
68 102 2450
68 102 1225
69 102 100
69 102 2450
69 102 1225
70 102 100
70 102 2450
70 102 1225
71 102 100
71 102 2450
71 102 1225
72 102 100
72 102 2450
72 102 1225
73 102 100
73 102 2450
73 102 1225
74 102 100
74 102 2450
74 102 1225
75 102 100
75 102 2450
75 102 1225
76 102 100
76 102 2450
76 102 1225
77 102 100
77 102 2450
77 102 1225
78 102 100
78 102 2450
78 102 1225
79 102 100
79 102 2450
79 102 1225
80 102 100
80 102 2450
80 102 1225
81 102 100
81 102 2450
81 102 1225
82 102 100
82 102 2450
82 102 1225
82 102 612
83 102 100
83 102 2450
83 102 1225
83 102 612
84 102 100
84 102 2450
84 102 1225
84 102 612
85 102 100
85 102 2450
85 102 1225
85 102 612
86 102 100
86 102 2450
86 102 1225
86 102 612
87 102 100
87 102 2450
87 102 1225
87 102 612
88 102 100
88 102 2450
88 102 1225
88 102 612
89 102 100
89 102 2450
89 102 1225
89 102 612
90 102 100
90 102 2450
90 102 1225
90 102 612
91 102 100
91 102 2450
91 102 1225
91 102 612
92 102 100
92 102 2450
92 102 1225
92 102 612
93 102 100
93 102 2450
93 102 1225
93 102 612
94 102 100
94 102 2450
94 102 1225
94 102 612
95 102 100
95 102 2450
95 102 1225
95 102 612
96 102 100
96 102 2450
96 102 1225
96 102 612
97 102 100
97 102 2450
97 102 1225
97 102 612
98 102 100
98 102 2450
98 102 1225
98 102 612
99 102 100
99 102 2450
99 102 1225
99 102 612
100 102 100
100 102 2450
100 102 1225
100 102 612
101 102 100
101 102 2450
101 102 1225
101 102 612
102 102 100
102 102 2450
102 102 1225
102 102 612
103 102 100
103 102 2450
103 102 1225
103 102 612
103 102 306
104 102 100
104 102 2450
104 102 1225
104 102 612
104 102 306
105 102 100
105 102 2450
105 102 1225
105 102 612
105 102 306
106 102 100
106 102 2450
106 102 1225
106 102 612
106 102 306
107 102 100
107 102 2450
107 102 1225
107 102 612
107 102 306
108 102 100
108 102 2450
108 102 1225
108 102 612
108 102 306
109 102 100
109 102 2450
109 102 1225
109 102 612
109 102 306
110 102 100
110 102 2450
110 102 1225
110 102 612
111 102 100
111 102 2450
111 102 1225
111 102 612
112 102 100
112 102 2450
112 102 1225
112 102 612
113 102 100
113 102 2450
113 102 1225
113 102 612
114 102 100
114 102 2450
114 102 1225
115 102 100
115 102 2450
115 102 1225
116 102 100
116 102 2450
116 102 1225
117 102 100
117 102 2450
117 102 1225
118 102 100
118 102 2450
118 102 1225
119 102 100
119 102 2450
119 102 1225
120 102 100
120 102 2450
120 102 1225
121 102 100
121 102 2450
121 102 1225
122 102 100
122 102 2450
122 102 1225
123 102 100
123 102 2450
124 102 100
124 102 2450
125 102 100
125 102 2450
126 102 100
126 102 2450
127 102 100
127 102 2450
128 102 100
128 102 2450
129 102 100
129 102 2450
130 102 100
130 102 2450
131 102 100
131 102 2450
132 102 100
132 102 2450
133 102 100
133 102 2450
133 102 1225
134 102 100
134 102 2450
134 102 1225
135 102 100
135 102 2450
135 102 1225
136 102 100
136 102 2450
136 102 1225
137 102 100
137 102 2450
137 102 1225
138 102 100
138 102 2450
139 102 100
139 102 2450
140 102 100
140 102 2450
141 102 100
141 102 2450
142 102 100
142 102 2450
143 102 100
143 102 2450
144 102 100
144 102 2450
144 102 1225
145 102 100
145 102 2450
145 102 1225
145 101 100
145 101 2450
145 101 1225
145 100 100
145 100 2450
145 100 1225
145 99 100
145 99 2450
145 99 1225
145 98 100
145 98 2450
145 98 1225
145 97 100
145 97 2450
145 97 1225
145 96 100
145 96 2450
145 96 1225
145 95 100
145 95 2450
145 95 1225
145 94 100
145 94 2450
145 94 1225
145 93 100
145 93 2450
145 93 1225
145 92 100
145 92 2450
145 91 100
145 91 2450
145 90 100
145 90 2450
145 89 100
145 89 2450
145 88 100
145 88 2450
145 87 100
145 87 2450
145 86 100
145 86 2450
145 85 100
145 85 2450
145 84 100
145 84 2450
145 83 100
145 83 2450
145 82 100
145 82 2450
145 81 100
145 81 2450
145 80 100
145 80 2450
145 79 100
145 79 2450
145 78 100
145 78 2450
145 77 100
145 77 2450
145 76 100
145 76 2450
145 75 100
145 75 2450
145 74 100
145 74 2450
145 73 100
145 73 2450
145 72 100
145 72 2450
145 71 100
145 71 2450
145 70 100
145 69 100
145 68 100
145 67 100
145 66 100
145 65 100
145 64 100
145 63 100
145 62 100
145 61 100
145 60 100
145 59 100
145 58 100
145 57 100
145 56 100
145 55 100
89 170 100
90 170 100
91 170 100
92 170 100
93 170 100
94 170 100
95 170 100
96 170 100
97 170 100
98 170 100
99 170 100
100 170 100
101 170 100
102 170 100
103 170 100
104 170 100
105 170 100
106 170 100
107 170 100
108 170 100
109 170 100
110 170 100
111 170 100
112 170 100
113 170 100
114 170 100
115 170 100
116 170 100
117 170 100
118 170 100
119 170 100
120 170 100
121 170 100
122 170 100
123 170 100
124 170 100
125 170 100
126 170 100
127 170 100
128 170 100
129 170 100
129 170 2450
130 170 100
130 170 2450
131 170 100
131 170 2450
132 170 100
132 170 2450
133 170 100
133 170 2450
134 170 100
134 170 2450
135 170 100
135 170 2450
136 170 100
136 170 2450
137 170 100
137 170 2450
138 170 100
138 170 2450
139 170 100
139 170 2450
140 170 100
140 170 2450
141 170 100
141 170 2450
142 170 100
142 170 2450
143 170 100
143 170 2450
144 170 100
144 170 2450
145 170 100
145 170 2450
145 169 100
145 169 2450
145 168 100
145 168 2450
145 167 100
145 167 2450
145 166 100
145 166 2450
145 165 100
145 165 2450
145 164 100
145 164 2450
145 163 100
145 163 2450
145 162 100
145 162 2450
145 161 100
145 161 2450
145 160 100
145 160 2450
145 159 100
145 158 100
145 157 100
145 156 100
145 155 100
145 154 100
145 153 100
145 152 100
145 151 100
145 150 100
145 149 100
145 148 100
145 147 100
145 146 100
145 145 100
145 144 100
145 143 100
145 142 100
145 141 100
145 140 100
145 139 100
145 138 100
145 137 100
145 136 100
145 135 100
145 134 100
145 133 100
145 132 100
145 131 100
145 130 100
145 129 100
145 128 100
145 127 100
145 127 2450
145 126 100
145 126 2450
145 125 100
145 125 2450
145 124 100
145 124 2450
145 123 100
145 123 2450
145 122 100
145 122 2450
145 121 100
145 121 2450
145 120 100
145 120 2450
145 119 100
145 119 2450
145 118 100
145 118 2450
145 117 100
145 117 2450
145 116 100
145 116 2450
145 115 100
145 115 2450
145 114 100
145 114 2450
145 113 100
145 113 2450
145 112 100
145 112 2450
145 111 100
145 111 2450
145 110 100
145 110 2450
145 109 100
145 109 2450
145 108 100
145 108 2450
145 107 100
145 107 2450
145 106 100
145 106 2450
145 105 100
145 105 2450
145 104 100
145 104 2450
145 103 100
145 103 2450
145 103 1225
125 145 100
126 145 100
127 145 100
128 145 100
129 145 100
130 145 100
131 145 100
132 145 100
133 145 100
134 145 100
135 145 100
136 145 100
137 145 100
138 145 100
139 145 100
140 145 100
141 145 100
142 145 100
143 145 100
144 145 100
75 129 100
75 129 2450
76 129 100
76 129 2450
77 129 100
77 129 2450
78 129 100
78 129 2450
79 129 100
79 129 2450
80 129 100
80 129 2450
81 129 100
81 129 2450
82 129 100
82 129 2450
83 129 100
83 129 2450
84 129 100
84 129 2450
85 129 100
85 129 2450
86 129 100
86 129 2450
87 129 100
87 129 2450
88 129 100
88 129 2450
89 129 100
89 129 2450
90 129 100
90 129 2450
91 129 100
91 129 2450
92 129 100
92 129 2450
92 129 1225
93 129 100
93 129 2450
93 129 1225
94 129 100
94 129 2450
94 129 1225
95 129 100
95 129 2450
95 129 1225
96 129 100
96 129 2450
96 129 1225
97 129 100
97 129 2450
97 129 1225
98 129 100
98 129 2450
99 129 100
99 129 2450
100 129 100
100 129 2450
101 129 100
101 129 2450
102 129 100
102 129 2450
103 129 100
103 129 2450
104 129 100
104 129 2450
105 129 100
105 129 2450
106 129 100
106 129 2450
107 129 100
107 129 2450
108 129 100
108 129 2450
109 129 100
109 129 2450
110 129 100
110 129 2450
111 129 100
111 129 2450
112 129 100
112 129 2450
113 129 100
113 129 2450
114 129 100
114 129 2450
115 129 100
115 129 2450
116 129 100
116 129 2450
117 129 100
117 129 2450
118 129 100
118 129 2450
119 129 100
119 129 2450
120 129 100
120 129 2450
121 129 100
121 129 2450
122 129 100
122 129 2450
123 129 100
124 129 100
125 129 100
126 129 100
127 129 100
128 129 100
129 129 100
130 129 100
131 129 100
132 129 100
133 129 100
134 129 100
135 129 100
135 129 2450
136 129 100
136 129 2450
137 129 100
137 129 2450
138 129 100
138 129 2450
139 129 100
139 129 2450
140 129 100
140 129 2450
141 129 100
141 129 2450
142 129 100
142 129 2450
143 129 100
143 129 2450
144 129 100
