187 194 100
186 194 100
185 194 100
184 194 100
183 194 100
182 194 100
181 194 100
180 194 100
179 194 100
178 194 100
177 194 100
176 194 100
176 194 2450
175 194 100
175 194 2450
174 194 100
174 194 2450
173 194 100
173 194 2450
172 194 100
172 194 2450
171 194 100
171 194 2450
170 194 100
170 194 2450
169 194 100
169 194 2450
168 194 100
168 194 2450
167 194 100
167 194 2450
166 194 100
166 194 2450
165 194 100
165 194 2450
164 194 100
164 194 2450
163 194 100
163 194 2450
162 194 100
162 194 2450
161 194 100
161 194 2450
161 194 1225
160 194 100
160 194 2450
160 194 1225
159 194 100
159 194 2450
159 194 1225
158 194 100
158 194 2450
158 194 1225
157 194 100
157 194 2450
157 194 1225
157 194 612
156 194 100
156 194 2450
156 194 1225
156 194 612
155 194 100
155 194 2450
155 194 1225
155 194 612
154 194 100
154 194 2450
154 194 1225
154 194 612
154 194 306
153 194 100
153 194 2450
153 194 1225
153 194 612
153 194 306
152 194 100
152 194 2450
152 194 1225
152 194 612
152 194 306
151 194 100
151 194 2450
151 194 1225
151 194 612
151 194 306
150 194 100
150 194 2450
150 194 1225
150 194 612
149 194 100
149 194 2450
149 194 1225
149 194 612
148 194 100
148 194 2450
148 194 1225
148 194 612
147 194 100
147 194 2450
147 194 1225
146 194 100
146 194 2450
146 194 1225
145 194 100
145 194 2450
145 194 1225
144 194 100
144 194 2450
144 194 1225
143 194 100
143 194 2450
142 194 100
142 194 2450
141 194 100
141 194 2450
140 194 100
140 194 2450
139 194 100
139 194 2450
138 194 100
138 194 2450
137 194 100
137 194 2450
136 194 100
136 194 2450
135 194 100
135 194 2450
135 194 1225
134 194 100
134 194 2450
134 194 1225
133 194 100
133 194 2450
133 194 1225
132 194 100
132 194 2450
132 194 1225
131 194 100
131 194 2450
131 194 1225
131 194 612
130 194 100
130 194 2450
130 194 1225
130 194 612
129 194 100
129 194 2450
129 194 1225
129 194 612
128 194 100
128 194 2450
128 194 1225
128 194 612
127 194 100
127 194 2450
127 194 1225
127 194 612
127 194 306
126 194 100
126 194 2450
126 194 1225
126 194 612
126 194 306
125 194 100
125 194 2450
125 194 1225
125 194 612
125 194 306
124 194 100
124 194 2450
124 194 1225
124 194 612
123 194 100
123 194 2450
123 194 1225
123 194 612
122 194 100
122 194 2450
122 194 1225
122 194 612
121 194 100
121 194 2450
121 194 1225
121 194 612
120 194 100
120 194 2450
120 194 1225
119 194 100
119 194 2450
119 194 1225
118 194 100
118 194 2450
118 194 1225
117 194 100
117 194 2450
117 194 1225
116 194 100
116 194 2450
116 194 1225
115 194 100
115 194 2450
114 194 100
114 194 2450
113 194 100
113 194 2450
112 194 100
112 194 2450
111 194 100
111 194 2450
110 194 100
110 194 2450
109 194 100
109 194 2450
108 194 100
108 194 2450
107 194 100
107 194 2450
106 194 100
106 194 2450
105 194 100
105 194 2450
104 194 100
104 194 2450
103 194 100
103 194 2450
102 194 100
102 194 2450
101 194 100
101 194 2450
100 194 100
100 194 2450
99 194 100
98 194 100
97 194 100
96 194 100
95 194 100
94 194 100
93 194 100
92 194 100
91 194 100
90 194 100
89 194 100
89 193 100
89 192 100
89 191 100
89 190 100
89 189 100
89 188 100
89 187 100
89 186 100
89 185 100
89 184 100
89 184 2450
89 183 100
89 183 2450
89 182 100
89 182 2450
89 181 100
89 181 2450
89 180 100
89 180 2450
89 179 100
89 179 2450
89 178 100
89 178 2450
89 177 100
89 177 2450
89 176 100
89 176 2450
105 47 100
104 47 100
103 47 100
102 47 100
101 47 100
100 47 100
99 47 100
98 47 100
97 47 100
96 47 100
96 47 2450
95 47 100
95 47 2450
94 47 100
94 47 2450
93 47 100
93 47 2450
92 47 100
92 47 2450
91 47 100
91 47 2450
90 47 100
90 47 2450
89 47 100
89 47 2450
89 48 100
89 48 2450
89 49 100
89 49 2450
89 50 100
89 50 2450
89 51 100
89 51 2450
89 52 100
89 52 2450
89 53 100
89 53 2450
89 54 100
89 54 2450
89 55 100
89 55 2450
89 56 100
89 56 2450
89 57 100
89 57 2450
89 57 1225
89 58 100
89 58 2450
89 58 1225
89 59 100
89 59 2450
89 59 1225
89 60 100
89 60 2450
89 60 1225
89 61 100
89 61 2450
89 61 1225
89 61 612
89 62 100
89 62 2450
89 62 1225
89 62 612
89 63 100
89 63 2450
89 63 1225
89 63 612
89 64 100
89 64 2450
89 64 1225
89 64 612
89 65 100
89 65 2450
89 65 1225
89 65 612
89 65 306
89 66 100
89 66 2450
89 66 1225
89 66 612
89 66 306
89 67 100
89 67 2450
89 67 1225
89 67 612
89 67 306
89 68 100
89 68 2450
89 68 1225
89 68 612
89 68 306
89 69 100
89 69 2450
89 69 1225
89 69 612
89 70 100
89 70 2450
89 70 1225
89 70 612
89 71 100
89 71 2450
89 71 1225
89 71 612
89 72 100
89 72 2450
89 72 1225
89 73 100
89 73 2450
89 73 1225
89 74 100
89 74 2450
89 74 1225
89 75 100
89 75 2450
89 76 100
89 76 2450
89 77 100
89 77 2450
89 78 100
89 78 2450
89 79 100
89 79 2450
89 80 100
89 80 2450
89 81 100
89 81 2450
89 82 100
89 82 2450
89 83 100
89 83 2450
89 84 100
89 84 2450
89 85 100
89 85 2450
89 86 100
89 86 2450
89 87 100
89 87 2450
89 88 100
89 88 2450
89 89 100
89 89 2450
89 90 100
89 90 2450
89 91 100
89 91 2450
89 92 100
89 92 2450
89 93 100
89 93 2450
89 94 100
89 94 2450
89 95 100
89 95 2450
89 96 100
89 96 2450
89 97 100
89 97 2450
89 98 100
89 98 2450
89 99 100
89 99 2450
89 100 100
89 100 2450
89 101 100
89 101 2450
89 102 100
89 102 2450
89 103 100
89 103 2450
89 104 100
89 104 2450
89 105 100
89 105 2450
89 106 100
89 106 2450
89 107 100
89 107 2450
89 108 100
89 108 2450
89 109 100
89 109 2450
89 110 100
89 110 2450
89 111 100
89 111 2450
89 112 100
89 112 2450
89 113 100
89 114 100
89 115 100
89 116 100
89 117 100
89 118 100
89 119 100
89 120 100
89 121 100
89 122 100
89 123 100
89 123 2450
89 124 100
89 124 2450
89 125 100
89 125 2450
89 126 100
89 126 2450
89 127 100
89 127 2450
89 128 100
89 128 2450
89 129 100
89 129 2450
89 130 100
89 130 2450
89 131 100
89 131 2450
89 132 100
89 132 2450
89 133 100
89 133 2450
89 134 100
89 134 2450
89 135 100
89 135 2450
89 136 100
89 136 2450
89 137 100
89 137 2450
89 137 1225
89 138 100
89 138 2450
89 138 1225
89 139 100
89 139 2450
89 139 1225
89 140 100
89 140 2450
89 140 1225
89 141 100
89 141 2450
89 141 1225
89 142 100
89 142 2450
89 142 1225
89 143 100
89 143 2450
89 143 1225
89 144 100
89 144 2450
89 144 1225
89 145 100
89 145 2450
89 145 1225
89 146 100
89 146 2450
89 146 1225
89 147 100
89 147 2450
89 148 100
89 148 2450
89 149 100
89 149 2450
89 150 100
89 150 2450
89 151 100
89 151 2450
89 152 100
89 152 2450
89 153 100
89 153 2450
89 154 100
89 154 2450
89 155 100
89 155 2450
89 156 100
89 156 2450
89 157 100
89 157 2450
89 158 100
89 158 2450
89 159 100
89 159 2450
89 160 100
89 160 2450
89 161 100
89 161 2450
89 162 100
89 162 2450
89 163 100
89 163 2450
89 164 100
89 164 2450
89 165 100
89 165 2450
89 166 100
89 166 2450
89 167 100
89 167 2450
89 168 100
89 168 2450
89 169 100
89 169 2450
89 170 100
89 170 2450
89 171 100
89 171 2450
89 172 100
89 172 2450
89 173 100
89 173 2450
89 174 100
89 174 2450
89 175 100
89 175 2450
47 155 100
47 155 2450
48 155 100
48 155 2450
49 155 100
49 155 2450
50 155 100
51 155 100
52 155 100
53 155 100
54 155 100
55 155 100
56 155 100
57 155 100
58 155 100
59 155 100
60 155 100
61 155 100
62 155 100
63 155 100
64 155 100
65 155 100
65 155 2450
66 155 100
66 155 2450
67 155 100
67 155 2450
68 155 100
68 155 2450
69 155 100
69 155 2450
70 155 100
70 155 2450
71 155 100
71 155 2450
72 155 100
72 155 2450
73 155 100
73 155 2450
74 155 100
74 155 2450
75 155 100
75 155 2450
76 155 100
76 155 2450
77 155 100
77 155 2450
78 155 100
78 155 2450
79 155 100
79 155 2450
80 155 100
80 155 2450
81 155 100
81 155 2450
82 155 100
82 155 2450
83 155 100
83 155 2450
84 155 100
84 155 2450
85 155 100
85 155 2450
86 155 100
86 155 2450
87 155 100
87 155 2450
88 155 100
88 155 2450
177 40 100
176 40 100
175 40 100
174 40 100
173 40 100
172 40 100
171 40 100
170 40 100
169 40 100
168 40 100
167 40 100
166 40 100
165 40 100
164 40 100
163 40 100
162 40 100
161 40 100
160 40 100
159 40 100
158 40 100
157 40 100
156 40 100
155 40 100
154 40 100
153 40 100
152 40 100
152 40 2450
151 40 100
151 40 2450
150 40 100
150 40 2450
149 40 100
149 40 2450
148 40 100
148 40 2450
147 40 100
147 40 2450
146 40 100
146 40 2450
145 40 100
145 40 2450
144 40 100
144 40 2450
143 40 100
143 40 2450
142 40 100
142 40 2450
141 40 100
141 40 2450
140 40 100
140 40 2450
139 40 100
139 40 2450
138 40 100
138 40 2450
137 40 100
137 40 2450
136 40 100
136 40 2450
135 40 100
135 40 2450
134 40 100
134 40 2450
133 40 100
133 40 2450
132 40 100
132 40 2450
132 40 1225
131 40 100
131 40 2450
131 40 1225
130 40 100
130 40 2450
130 40 1225
129 40 100
129 40 2450
129 40 1225
128 40 100
128 40 2450
127 40 100
127 40 2450
126 40 100
126 40 2450
125 40 100
125 40 2450
124 40 100
124 40 2450
123 40 100
123 40 2450
122 40 100
122 40 2450
121 40 100
121 40 2450
120 40 100
120 40 2450
119 40 100
119 40 2450
118 40 100
118 40 2450
117 40 100
117 40 2450
116 40 100
116 40 2450
115 40 100
115 40 2450
114 40 100
114 40 2450
113 40 100
113 40 2450
112 40 100
112 40 2450
111 40 100
110 40 100
109 40 100
108 40 100
107 40 100
106 40 100
105 40 100
104 40 100
103 40 100
102 40 100
101 40 100
100 40 100
99 40 100
98 40 100
98 40 2450
97 40 100
97 40 2450
96 40 100
96 40 2450
95 40 100
95 40 2450
94 40 100
94 40 2450
93 40 100
93 40 2450
92 40 100
92 40 2450
91 40 100
91 40 2450
90 40 100
90 40 2450
89 40 100
89 40 2450
89 41 100
89 41 2450
89 42 100
89 42 2450
89 43 100
89 43 2450
89 44 100
89 44 2450
89 45 100
89 45 2450
89 46 100
89 46 2450
58 37 100
59 37 100
60 37 100
61 37 100
62 37 100
63 37 100
64 37 100
65 37 100
66 37 100
67 37 100
68 37 100
69 37 100
70 37 100
71 37 100
72 37 100
72 37 2450
73 37 100
73 37 2450
74 37 100
74 37 2450
75 37 100
75 37 2450
76 37 100
76 37 2450
77 37 100
77 37 2450
78 37 100
78 37 2450
79 37 100
79 37 2450
80 37 100
80 37 2450
81 37 100
81 37 2450
82 37 100
82 37 2450
83 37 100
83 37 2450
84 37 100
84 37 2450
85 37 100
85 37 2450
86 37 100
86 37 2450
87 37 100
87 37 2450
88 37 100
88 37 2450
89 37 100
89 37 2450
89 38 100
89 38 2450
89 39 100
89 39 2450
193 95 100
192 95 100
191 95 100
190 95 100
189 95 100
188 95 100
187 95 100
186 95 100
185 95 100
184 95 100
183 95 100
182 95 100
181 95 100
180 95 100
179 95 100
178 95 100
177 95 100
176 95 100
175 95 100
174 95 100
173 95 100
172 95 100
172 95 2450
171 95 100
171 95 2450
170 95 100
170 95 2450
169 95 100
169 95 2450
168 95 100
168 95 2450
167 95 100
167 95 2450
166 95 100
166 95 2450
165 95 100
165 95 2450
164 95 100
164 95 2450
163 95 100
163 95 2450
162 95 100
162 95 2450
161 95 100
161 95 2450
160 95 100
160 95 2450
160 95 1225
159 95 100
159 95 2450
159 95 1225
158 95 100
158 95 2450
158 95 1225
158 95 612
157 95 100
157 95 2450
157 95 1225
157 95 612
156 95 100
156 95 2450
156 95 1225
156 95 612
155 95 100
155 95 2450
155 95 1225
155 95 612
155 95 306
154 95 100
154 95 2450
154 95 1225
154 95 612
154 95 306
153 95 100
153 95 2450
153 95 1225
153 95 612
153 95 306
152 95 100
152 95 2450
152 95 1225
152 95 612
152 95 306
151 95 100
151 95 2450
151 95 1225
151 95 612
151 95 306
150 95 100
150 95 2450
150 95 1225
150 95 612
150 95 306
149 95 100
149 95 2450
149 95 1225
149 95 612
148 95 100
148 95 2450
148 95 1225
148 95 612
147 95 100
147 95 2450
147 95 1225
147 95 612
146 95 100
146 95 2450
146 95 1225
146 95 612
145 95 100
145 95 2450
145 95 1225
144 95 100
144 95 2450
144 95 1225
143 95 100
143 95 2450
143 95 1225
142 95 100
142 95 2450
142 95 1225
141 95 100
141 95 2450
141 95 1225
140 95 100
140 95 2450
140 95 1225
139 95 100
139 95 2450
138 95 100
138 95 2450
137 95 100
137 95 2450
136 95 100
136 95 2450
135 95 100
135 95 2450
134 95 100
134 95 2450
133 95 100
133 95 2450
132 95 100
132 95 2450
131 95 100
131 95 2450
130 95 100
130 95 2450
129 95 100
128 95 100
127 95 100
126 95 100
125 95 100
124 95 100
123 95 100
122 95 100
121 95 100
120 95 100
119 95 100
118 95 100
117 95 100
116 95 100
115 95 100
114 95 100
113 95 100
112 95 100
111 95 100
110 95 100
109 95 100
108 95 100
107 95 100
106 95 100
105 95 100
104 95 100
103 95 100
102 95 100
101 95 100
100 95 100
99 95 100
98 95 100
98 95 2450
97 95 100
97 95 2450
96 95 100
96 95 2450
95 95 100
95 95 2450
94 95 100
94 95 2450
93 95 100
93 95 2450
92 95 100
92 95 2450
91 95 100
91 95 2450
90 95 100
90 95 2450
133 73 100
132 73 100
131 73 100
130 73 100
129 73 100
128 73 100
128 73 2450
127 73 100
127 73 2450
126 73 100
126 73 2450
125 73 100
125 73 2450
124 73 100
124 73 2450
123 73 100
123 73 2450
122 73 100
122 73 2450
121 73 100
121 73 2450
120 73 100
120 73 2450
119 73 100
119 73 2450
118 73 100
118 73 2450
117 73 100
117 73 2450
116 73 100
116 73 2450
115 73 100
115 73 2450
114 73 100
114 73 2450
113 73 100
113 73 2450
112 73 100
112 73 2450
111 73 100
111 73 2450
110 73 100
110 73 2450
109 73 100
109 73 2450
108 73 100
108 73 2450
107 73 100
107 73 2450
106 73 100
106 73 2450
105 73 100
105 73 2450
104 73 100
104 73 2450
103 73 100
103 73 2450
102 73 100
102 73 2450
101 73 100
101 73 2450
100 73 100
100 73 2450
99 73 100
99 73 2450
98 73 100
98 73 2450
97 73 100
97 73 2450
96 73 100
96 73 2450
95 73 100
95 73 2450
95 73 1225
94 73 100
94 73 2450
94 73 1225
93 73 100
93 73 2450
93 73 1225
92 73 100
92 73 2450
92 73 1225
91 73 100
91 73 2450
91 73 1225
90 73 100
90 73 2450
90 73 1225
183 133 100
182 133 100
181 133 100
180 133 100
179 133 100
178 133 100
177 133 100
177 133 2450
176 133 100
176 133 2450
175 133 100
175 133 2450
174 133 100
174 133 2450
173 133 100
173 133 2450
172 133 100
172 133 2450
171 133 100
171 133 2450
170 133 100
170 133 2450
169 133 100
169 133 2450
168 133 100
168 133 2450
167 133 100
167 133 2450
166 133 100
166 133 2450
165 133 100
165 133 2450
164 133 100
164 133 2450
163 133 100
163 133 2450
162 133 100
162 133 2450
161 133 100
161 133 2450
160 133 100
160 133 2450
159 133 100
159 133 2450
158 133 100
158 133 2450
157 133 100
157 133 2450
156 133 100
156 133 2450
155 133 100
155 133 2450
154 133 100
154 133 2450
153 133 100
153 133 2450
152 133 100
152 133 2450
151 133 100
151 133 2450
150 133 100
150 133 2450
149 133 100
149 133 2450
148 133 100
148 133 2450
147 133 100
147 133 2450
146 133 100
146 133 2450
145 133 100
145 133 2450
144 133 100
144 133 2450
143 133 100
143 133 2450
142 133 100
142 133 2450
141 133 100
141 133 2450
140 133 100
140 133 2450
139 133 100
139 133 2450
138 133 100
138 133 2450
137 133 100
137 133 2450
136 133 100
136 133 2450
135 133 100
135 133 2450
134 133 100
134 133 2450
133 133 100
133 133 2450
132 133 100
132 133 2450
131 133 100
131 133 2450
130 133 100
130 133 2450
129 133 100
129 133 2450
128 133 100
128 133 2450
127 133 100
127 133 2450
126 133 100
126 133 2450
125 133 100
125 133 2450
124 133 100
124 133 2450
123 133 100
123 133 2450
122 133 100
122 133 2450
121 133 100
121 133 2450
120 133 100
120 133 2450
119 133 100
119 133 2450
118 133 100
118 133 2450
117 133 100
117 133 2450
116 133 100
116 133 2450
115 133 100
115 133 2450
114 133 100
114 133 2450
113 133 100
113 133 2450
112 133 100
112 133 2450
111 133 100
111 133 2450
110 133 100
110 133 2450
109 133 100
109 133 2450
108 133 100
108 133 2450
107 133 100
107 133 2450
106 133 100
106 133 2450
105 133 100
105 133 2450
104 133 100
104 133 2450
103 133 100
103 133 2450
102 133 100
102 133 2450
101 133 100
101 133 2450
100 133 100
100 133 2450
99 133 100
99 133 2450
98 133 100
98 133 2450
97 133 100
97 133 2450
96 133 100
96 133 2450
95 133 100
95 133 2450
94 133 100
94 133 2450
93 133 100
93 133 2450
92 133 100
92 133 2450
91 133 100
91 133 2450
90 133 100
90 133 2450
107 102 100
106 102 100
105 102 100
104 102 100
103 102 100
102 102 100
101 102 100
100 102 100
100 102 2450
99 102 100
99 102 2450
98 102 100
98 102 2450
97 102 100
97 102 2450
96 102 100
96 102 2450
95 102 100
95 102 2450
94 102 100
94 102 2450
93 102 100
93 102 2450
92 102 100
92 102 2450
91 102 100
91 102 2450
90 102 100
90 102 2450
17 149 100
18 149 100
19 149 100
20 149 100
21 149 100
22 149 100
23 149 100
23 149 2450
24 149 100
24 149 2450
25 149 100
25 149 2450
26 149 100
26 149 2450
27 149 100
27 149 2450
28 149 100
28 149 2450
29 149 100
29 149 2450
30 149 100
30 149 2450
31 149 100
31 149 2450
32 149 100
32 149 2450
33 149 100
33 149 2450
34 149 100
34 149 2450
35 149 100
35 149 2450
36 149 100
36 149 2450
37 149 100
37 149 2450
38 149 100
38 149 2450
39 149 100
39 149 2450
40 149 100
40 149 2450
41 149 100
41 149 2450
42 149 100
42 149 2450
43 149 100
43 149 2450
44 149 100
44 149 2450
45 149 100
45 149 2450
46 149 100
46 149 2450
47 149 100
47 149 2450
48 149 100
48 149 2450
49 149 100
49 149 2450
50 149 100
50 149 2450
51 149 100
52 149 100
53 149 100
54 149 100
55 149 100
56 149 100
57 149 100
58 149 100
59 149 100
60 149 100
61 149 100
62 149 100
63 149 100
64 149 100
65 149 100
66 149 100
67 149 100
68 149 100
69 149 100
70 149 100
71 149 100
71 149 2450
72 149 100
72 149 2450
73 149 100
73 149 2450
74 149 100
74 149 2450
75 149 100
75 149 2450
76 149 100
76 149 2450
77 149 100
77 149 2450
78 149 100
78 149 2450
79 149 100
79 149 2450
80 149 100
80 149 2450
81 149 100
81 149 2450
82 149 100
82 149 2450
83 149 100
83 149 2450
84 149 100
84 149 2450
85 149 100
85 149 2450
86 149 100
86 149 2450
87 149 100
87 149 2450
88 149 100
88 149 2450
