28 182 100
29 182 100
30 182 100
31 182 100
32 182 100
33 182 100
34 182 100
35 182 100
36 182 100
37 182 100
38 182 100
39 182 100
40 182 100
41 182 100
42 182 100
43 182 100
44 182 100
45 182 100
45 182 2450
46 182 100
46 182 2450
47 182 100
47 182 2450
48 182 100
48 182 2450
49 182 100
49 182 2450
50 182 100
50 182 2450
51 182 100
51 182 2450
52 182 100
52 182 2450
53 182 100
53 182 2450
54 182 100
54 182 2450
55 182 100
55 182 2450
56 182 100
56 182 2450
57 182 100
57 182 2450
58 182 100
58 182 2450
59 182 100
59 182 2450
60 182 100
60 182 2450
61 182 100
61 182 2450
62 182 100
62 182 2450
63 182 100
63 182 2450
64 182 100
64 182 2450
65 182 100
65 182 2450
66 182 100
66 182 2450
67 182 100
67 182 2450
68 182 100
68 182 2450
69 182 100
69 182 2450
69 182 1225
70 182 100
70 182 2450
70 182 1225
71 182 100
71 182 2450
71 182 1225
72 182 100
72 182 2450
72 182 1225
73 182 100
73 182 2450
73 182 1225
74 182 100
74 182 2450
75 182 100
75 182 2450
76 182 100
76 182 2450
77 182 100
77 182 2450
78 182 100
78 182 2450
79 182 100
79 182 2450
79 182 1225
80 182 100
80 182 2450
80 182 1225
81 182 100
81 182 2450
81 182 1225
82 182 100
82 182 2450
82 182 1225
83 182 100
83 182 2450
83 182 1225
84 182 100
84 182 2450
84 182 1225
85 182 100
85 182 2450
85 182 1225
85 182 612
86 182 100
86 182 2450
86 182 1225
86 182 612
87 182 100
87 182 2450
87 182 1225
87 182 612
88 182 100
88 182 2450
88 182 1225
89 182 100
89 182 2450
89 182 1225
90 182 100
90 182 2450
90 182 1225
91 182 100
91 182 2450
91 182 1225
92 182 100
92 182 2450
92 182 1225
93 182 100
93 182 2450
93 182 1225
94 182 100
94 182 2450
94 182 1225
95 182 100
95 182 2450
95 182 1225
96 182 100
96 182 2450
96 182 1225
97 182 100
97 182 2450
97 182 1225
98 182 100
98 182 2450
98 182 1225
99 182 100
99 182 2450
99 182 1225
100 182 100
100 182 2450
100 182 1225
101 182 100
101 182 2450
101 182 1225
102 182 100
102 182 2450
103 182 100
103 182 2450
104 182 100
104 182 2450
105 182 100
105 182 2450
106 182 100
106 182 2450
107 182 100
107 182 2450
108 182 100
108 182 2450
109 182 100
109 182 2450
110 182 100
110 182 2450
111 182 100
111 182 2450
112 182 100
112 182 2450
113 182 100
113 182 2450
114 182 100
114 182 2450
115 182 100
115 182 2450
116 182 100
116 182 2450
117 182 100
117 182 2450
118 182 100
118 182 2450
119 182 100
119 182 2450
120 182 100
120 182 2450
121 182 100
121 182 2450
122 182 100
122 182 2450
123 182 100
124 182 100
125 182 100
126 182 100
127 182 100
128 182 100
129 182 100
130 182 100
131 182 100
132 182 100
133 182 100
134 182 100
135 182 100
136 182 100
137 182 100
138 182 100
139 182 100
140 182 100
141 182 100
142 182 100
143 182 100
144 182 100
145 182 100
146 182 100
147 182 100
147 181 100
147 180 100
147 179 100
147 178 100
147 177 100
147 176 100
147 175 100
147 174 100
147 173 100
147 172 100
147 171 100
147 170 100
147 169 100
147 168 100
147 167 100
147 166 100
147 165 100
147 164 100
147 163 100
147 162 100
78 38 100
79 38 100
80 38 100
81 38 100
82 38 100
83 38 100
84 38 100
85 38 100
86 38 100
87 38 100
88 38 100
89 38 100
90 38 100
91 38 100
92 38 100
93 38 100
94 38 100
95 38 100
96 38 100
97 38 100
98 38 100
99 38 100
100 38 100
101 38 100
102 38 100
103 38 100
104 38 100
105 38 100
106 38 100
107 38 100
108 38 100
109 38 100
110 38 100
111 38 100
112 38 100
113 38 100
114 38 100
114 38 2450
115 38 100
115 38 2450
116 38 100
116 38 2450
117 38 100
117 38 2450
118 38 100
118 38 2450
119 38 100
119 38 2450
120 38 100
120 38 2450
121 38 100
121 38 2450
122 38 100
122 38 2450
123 38 100
123 38 2450
124 38 100
124 38 2450
125 38 100
125 38 2450
126 38 100
126 38 2450
127 38 100
127 38 2450
128 38 100
128 38 2450
129 38 100
129 38 2450
130 38 100
130 38 2450
131 38 100
131 38 2450
132 38 100
132 38 2450
133 38 100
133 38 2450
134 38 100
134 38 2450
135 38 100
135 38 2450
136 38 100
136 38 2450
137 38 100
137 38 2450
138 38 100
138 38 2450
139 38 100
139 38 2450
140 38 100
140 38 2450
141 38 100
141 38 2450
142 38 100
142 38 2450
143 38 100
143 38 2450
144 38 100
144 38 2450
145 38 100
145 38 2450
146 38 100
146 38 2450
146 38 1225
147 38 100
147 38 2450
147 38 1225
147 39 100
147 39 2450
147 39 1225
147 40 100
147 40 2450
147 40 1225
147 41 100
147 41 2450
147 41 1225
147 42 100
147 42 2450
147 42 1225
147 43 100
147 43 2450
147 43 1225
147 44 100
147 44 2450
147 44 1225
147 45 100
147 45 2450
147 45 1225
147 46 100
147 46 2450
147 46 1225
147 47 100
147 47 2450
147 47 1225
147 48 100
147 48 2450
147 48 1225
147 49 100
147 49 2450
147 49 1225
147 50 100
147 50 2450
147 50 1225
147 51 100
147 51 2450
147 51 1225
147 52 100
147 52 2450
147 52 1225
147 53 100
147 53 2450
147 53 1225
147 54 100
147 54 2450
147 54 1225
147 55 100
147 55 2450
147 55 1225
147 56 100
147 56 2450
147 56 1225
147 57 100
147 57 2450
147 57 1225
147 58 100
147 58 2450
147 58 1225
147 59 100
147 59 2450
147 59 1225
147 59 612
147 60 100
147 60 2450
147 60 1225
147 60 612
147 61 100
147 61 2450
147 61 1225
147 61 612
147 62 100
147 62 2450
147 62 1225
147 62 612
147 62 306
147 63 100
147 63 2450
147 63 1225
147 63 612
147 63 306
147 64 100
147 64 2450
147 64 1225
147 64 612
147 64 306
147 64 153
147 65 100
147 65 2450
147 65 1225
147 65 612
147 65 306
147 65 153
147 66 100
147 66 2450
147 66 1225
147 66 612
147 66 306
147 66 153
147 67 100
147 67 2450
147 67 1225
147 67 612
147 67 306
147 67 153
147 68 100
147 68 2450
147 68 1225
147 68 612
147 68 306
147 68 153
147 69 100
147 69 2450
147 69 1225
147 69 612
147 69 306
147 69 153
147 70 100
147 70 2450
147 70 1225
147 70 612
147 70 306
147 71 100
147 71 2450
147 71 1225
147 71 612
147 71 306
147 72 100
147 72 2450
147 72 1225
147 72 612
147 72 306
147 73 100
147 73 2450
147 73 1225
147 73 612
147 73 306
147 74 100
147 74 2450
147 74 1225
147 74 612
147 74 306
147 75 100
147 75 2450
147 75 1225
147 75 612
147 75 306
147 76 100
147 76 2450
147 76 1225
147 76 612
147 76 306
147 77 100
147 77 2450
147 77 1225
147 77 612
147 77 306
147 78 100
147 78 2450
147 78 1225
147 78 612
147 78 306
147 78 153
147 79 100
147 79 2450
147 79 1225
147 79 612
147 79 306
147 79 153
147 80 100
147 80 2450
147 80 1225
147 80 612
147 80 306
147 80 153
147 81 100
147 81 2450
147 81 1225
147 81 612
147 81 306
147 82 100
147 82 2450
147 82 1225
147 82 612
147 82 306
147 83 100
147 83 2450
147 83 1225
147 83 612
147 83 306
147 84 100
147 84 2450
147 84 1225
147 84 612
147 85 100
147 85 2450
147 85 1225
147 85 612
147 86 100
147 86 2450
147 86 1225
147 86 612
147 87 100
147 87 2450
147 87 1225
147 87 612
147 88 100
147 88 2450
147 88 1225
147 88 612
147 89 100
147 89 2450
147 89 1225
147 89 612
147 90 100
147 90 2450
147 90 1225
147 90 612
147 91 100
147 91 2450
147 91 1225
147 91 612
147 92 100
147 92 2450
147 92 1225
147 92 612
147 92 306
147 93 100
147 93 2450
147 93 1225
147 93 612
147 93 306
147 94 100
147 94 2450
147 94 1225
147 94 612
147 94 306
147 95 100
147 95 2450
147 95 1225
147 95 612
147 95 306
147 96 100
147 96 2450
147 96 1225
147 96 612
147 96 306
147 97 100
147 97 2450
147 97 1225
147 97 612
147 97 306
147 98 100
147 98 2450
147 98 1225
147 98 612
147 98 306
147 99 100
147 99 2450
147 99 1225
147 99 612
147 99 306
147 100 100
147 100 2450
147 100 1225
147 100 612
147 101 100
147 101 2450
147 101 1225
147 101 612
147 102 100
147 102 2450
147 102 1225
147 102 612
147 103 100
147 103 2450
147 103 1225
147 103 612
147 104 100
147 104 2450
147 104 1225
147 104 612
147 105 100
147 105 2450
147 105 1225
147 105 612
147 106 100
147 106 2450
147 106 1225
147 106 612
147 107 100
147 107 2450
147 107 1225
147 107 612
147 108 100
147 108 2450
147 108 1225
147 108 612
147 109 100
147 109 2450
147 109 1225
147 109 612
147 110 100
147 110 2450
147 110 1225
147 110 612
147 111 100
147 111 2450
147 111 1225
147 111 612
147 112 100
147 112 2450
147 112 1225
147 112 612
147 113 100
147 113 2450
147 113 1225
147 114 100
147 114 2450
147 114 1225
147 115 100
147 115 2450
147 115 1225
147 116 100
147 116 2450
147 116 1225
147 117 100
147 117 2450
147 118 100
147 118 2450
147 119 100
147 119 2450
147 120 100
147 120 2450
147 121 100
147 121 2450
147 122 100
147 122 2450
147 123 100
147 123 2450
147 124 100
147 124 2450
147 125 100
147 125 2450
147 126 100
147 126 2450
147 127 100
147 127 2450
147 128 100
147 128 2450
147 129 100
147 129 2450
147 130 100
147 130 2450
147 131 100
147 131 2450
147 132 100
147 132 2450
147 133 100
147 133 2450
147 134 100
147 134 2450
147 135 100
147 135 2450
147 136 100
147 136 2450
147 137 100
147 137 2450
147 138 100
147 138 2450
147 139 100
147 140 100
147 141 100
147 142 100
147 143 100
147 144 100
147 145 100
147 146 100
147 147 100
147 148 100
147 149 100
147 150 100
147 151 100
147 152 100
147 153 100
147 154 100
147 155 100
147 156 100
147 157 100
147 158 100
147 159 100
147 160 100
147 161 100
16 71 100
16 71 2450
17 71 100
17 71 2450
18 71 100
18 71 2450
19 71 100
19 71 2450
20 71 100
20 71 2450
21 71 100
21 71 2450
22 71 100
22 71 2450
23 71 100
23 71 2450
24 71 100
24 71 2450
25 71 100
25 71 2450
26 71 100
26 71 2450
27 71 100
27 71 2450
28 71 100
28 71 2450
29 71 100
29 71 2450
30 71 100
30 71 2450
31 71 100
31 71 2450
31 71 1225
32 71 100
32 71 2450
32 71 1225
33 71 100
33 71 2450
33 71 1225
34 71 100
34 71 2450
34 71 1225
35 71 100
35 71 2450
35 71 1225
36 71 100
36 71 2450
36 71 1225
37 71 100
37 71 2450
37 71 1225
37 71 612
38 71 100
38 71 2450
38 71 1225
38 71 612
39 71 100
39 71 2450
39 71 1225
39 71 612
40 71 100
40 71 2450
40 71 1225
40 71 612
41 71 100
41 71 2450
41 71 1225
42 71 100
42 71 2450
42 71 1225
43 71 100
43 71 2450
43 71 1225
44 71 100
44 71 2450
44 71 1225
45 71 100
45 71 2450
45 71 1225
46 71 100
46 71 2450
46 71 1225
47 71 100
47 71 2450
47 71 1225
48 71 100
48 71 2450
49 71 100
49 71 2450
50 71 100
50 71 2450
51 71 100
51 71 2450
52 71 100
52 71 2450
53 71 100
53 71 2450
54 71 100
54 71 2450
55 71 100
55 71 2450
56 71 100
56 71 2450
57 71 100
57 71 2450
57 71 1225
58 71 100
58 71 2450
58 71 1225
59 71 100
59 71 2450
59 71 1225
60 71 100
60 71 2450
60 71 1225
61 71 100
61 71 2450
61 71 1225
62 71 100
62 71 2450
62 71 1225
63 71 100
63 71 2450
64 71 100
64 71 2450
65 71 100
65 71 2450
66 71 100
66 71 2450
67 71 100
67 71 2450
68 71 100
68 71 2450
69 71 100
69 71 2450
70 71 100
70 71 2450
71 71 100
71 71 2450
72 71 100
72 71 2450
73 71 100
73 71 2450
74 71 100
74 71 2450
75 71 100
75 71 2450
76 71 100
76 71 2450
77 71 100
77 71 2450
78 71 100
78 71 2450
79 71 100
79 71 2450
80 71 100
80 71 2450
81 71 100
81 71 2450
82 71 100
82 71 2450
83 71 100
83 71 2450
84 71 100
84 71 2450
85 71 100
85 71 2450
86 71 100
86 71 2450
87 71 100
87 71 2450
88 71 100
88 71 2450
89 71 100
89 71 2450
90 71 100
90 71 2450
91 71 100
91 71 2450
92 71 100
92 71 2450
93 71 100
93 71 2450
94 71 100
94 71 2450
95 71 100
95 71 2450
96 71 100
96 71 2450
97 71 100
97 71 2450
98 71 100
98 71 2450
99 71 100
99 71 2450
100 71 100
100 71 2450
101 71 100
101 71 2450
102 71 100
102 71 2450
103 71 100
103 71 2450
104 71 100
104 71 2450
105 71 100
105 71 2450
106 71 100
106 71 2450
107 71 100
107 71 2450
108 71 100
108 71 2450
109 71 100
109 71 2450
110 71 100
110 71 2450
111 71 100
111 71 2450
112 71 100
112 71 2450
113 71 100
113 71 2450
114 71 100
114 71 2450
115 71 100
115 71 2450
116 71 100
116 71 2450
116 71 1225
117 71 100
117 71 2450
117 71 1225
118 71 100
118 71 2450
118 71 1225
119 71 100
119 71 2450
119 71 1225
120 71 100
120 71 2450
120 71 1225
121 71 100
121 71 2450
121 71 1225
122 71 100
122 71 2450
122 71 1225
123 71 100
123 71 2450
123 71 1225
124 71 100
124 71 2450
124 71 1225
125 71 100
125 71 2450
125 71 1225
126 71 100
126 71 2450
126 71 1225
126 71 612
127 71 100
127 71 2450
127 71 1225
127 71 612
128 71 100
128 71 2450
128 71 1225
128 71 612
128 71 306
129 71 100
129 71 2450
129 71 1225
129 71 612
129 71 306
130 71 100
130 71 2450
130 71 1225
130 71 612
130 71 306
131 71 100
131 71 2450
131 71 1225
131 71 612
131 71 306
131 71 153
132 71 100
132 71 2450
132 71 1225
132 71 612
132 71 306
132 71 153
133 71 100
133 71 2450
133 71 1225
133 71 612
133 71 306
133 71 153
134 71 100
134 71 2450
134 71 1225
134 71 612
134 71 306
135 71 100
135 71 2450
135 71 1225
135 71 612
135 71 306
136 71 100
136 71 2450
136 71 1225
136 71 612
136 71 306
137 71 100
137 71 2450
137 71 1225
137 71 612
137 71 306
138 71 100
138 71 2450
138 71 1225
138 71 612
138 71 306
139 71 100
139 71 2450
139 71 1225
139 71 612
139 71 306
140 71 100
140 71 2450
140 71 1225
140 71 612
140 71 306
141 71 100
141 71 2450
141 71 1225
141 71 612
141 71 306
142 71 100
142 71 2450
142 71 1225
142 71 612
142 71 306
143 71 100
143 71 2450
143 71 1225
143 71 612
143 71 306
144 71 100
144 71 2450
144 71 1225
144 71 612
144 71 306
145 71 100
145 71 2450
145 71 1225
145 71 612
145 71 306
146 71 100
146 71 2450
146 71 1225
146 71 612
146 71 306
93 135 100
94 135 100
95 135 100
96 135 100
97 135 100
98 135 100
99 135 100
100 135 100
101 135 100
102 135 100
103 135 100
104 135 100
105 135 100
106 135 100
107 135 100
108 135 100
109 135 100
110 135 100
111 135 100
112 135 100
113 135 100
114 135 100
115 135 100
116 135 100
117 135 100
118 135 100
119 135 100
120 135 100
121 135 100
122 135 100
123 135 100
124 135 100
125 135 100
126 135 100
127 135 100
128 135 100
129 135 100
130 135 100
131 135 100
132 135 100
133 135 100
134 135 100
135 135 100
136 135 100
137 135 100
138 135 100
139 135 100
140 135 100
141 135 100
142 135 100
143 135 100
144 135 100
145 135 100
146 135 100
146 135 2450
