100 119 100
99 119 100
98 119 100
97 119 100
96 119 100
95 119 100
94 119 100
93 119 100
92 119 100
91 119 100
90 119 100
89 119 100
88 119 100
87 119 100
86 119 100
85 119 100
84 119 100
83 119 100
82 119 100
81 119 100
80 119 100
79 119 100
78 119 100
77 119 100
76 119 100
75 119 100
74 119 100
74 119 2450
73 119 100
73 119 2450
72 119 100
72 119 2450
71 119 100
71 119 2450
70 119 100
70 119 2450
69 119 100
69 119 2450
68 119 100
68 119 2450
67 119 100
67 119 2450
66 119 100
66 119 2450
65 119 100
65 119 2450
64 119 100
64 119 2450
63 119 100
63 119 2450
62 119 100
62 119 2450
61 119 100
61 119 2450
60 119 100
60 119 2450
59 119 100
59 119 2450
58 119 100
58 119 2450
57 119 100
57 119 2450
56 119 100
56 119 2450
55 119 100
55 119 2450
54 119 100
54 119 2450
53 119 100
53 119 2450
52 119 100
52 119 2450
51 119 100
51 119 2450
50 119 100
50 119 2450
50 120 100
50 120 2450
50 121 100
50 121 2450
50 122 100
50 122 2450
50 123 100
50 123 2450
50 124 100
50 124 2450
50 125 100
50 125 2450
50 126 100
50 126 2450
50 127 100
50 127 2450
50 128 100
50 128 2450
50 129 100
50 129 2450
50 130 100
50 130 2450
50 131 100
50 131 2450
50 132 100
50 132 2450
50 133 100
50 133 2450
50 134 100
50 134 2450
50 135 100
50 135 2450
50 136 100
50 136 2450
50 137 100
50 137 2450
50 138 100
50 138 2450
50 139 100
50 139 2450
50 140 100
50 140 2450
50 141 100
50 141 2450
50 142 100
50 142 2450
50 143 100
50 143 2450
50 144 100
50 144 2450
50 145 100
50 145 2450
50 146 100
50 146 2450
50 147 100
50 147 2450
50 148 100
50 148 2450
50 149 100
50 149 2450
50 150 100
50 150 2450
50 151 100
50 151 2450
50 152 100
50 152 2450
50 153 100
50 153 2450
50 154 100
50 154 2450
50 155 100
50 155 2450
50 156 100
50 156 2450
50 157 100
50 157 2450
50 158 100
50 158 2450
50 159 100
50 159 2450
50 160 100
50 160 2450
50 161 100
50 161 2450
50 162 100
50 162 2450
50 163 100
50 163 2450
50 164 100
50 164 2450
50 165 100
50 165 2450
50 166 100
50 166 2450
50 167 100
50 167 2450
50 168 100
50 168 2450
50 169 100
50 169 2450
50 170 100
50 170 2450
50 171 100
50 171 2450
50 172 100
50 172 2450
50 173 100
50 173 2450
50 174 100
50 174 2450
50 175 100
50 175 2450
50 176 100
50 176 2450
50 177 100
50 177 2450
50 178 100
50 178 2450
50 179 100
50 179 2450
50 180 100
50 180 2450
50 181 100
50 181 2450
50 182 100
50 182 2450
50 183 100
50 183 2450
50 184 100
50 184 2450
50 185 100
50 185 2450
50 186 100
50 186 2450
50 187 100
50 187 2450
143 182 100
142 182 100
141 182 100
140 182 100
139 182 100
138 182 100
137 182 100
136 182 100
135 182 100
134 182 100
133 182 100
132 182 100
131 182 100
130 182 100
129 182 100
128 182 100
127 182 100
126 182 100
125 182 100
124 182 100
123 182 100
122 182 100
121 182 100
120 182 100
119 182 100
118 182 100
117 182 100
116 182 100
115 182 100
114 182 100
113 182 100
112 182 100
111 182 100
110 182 100
109 182 100
108 182 100
107 182 100
107 182 2450
106 182 100
106 182 2450
105 182 100
105 182 2450
104 182 100
104 182 2450
103 182 100
103 182 2450
102 182 100
102 182 2450
101 182 100
101 182 2450
100 182 100
100 182 2450
99 182 100
99 182 2450
98 182 100
98 182 2450
97 182 100
97 182 2450
96 182 100
96 182 2450
95 182 100
95 182 2450
94 182 100
94 182 2450
93 182 100
93 182 2450
92 182 100
92 182 2450
91 182 100
91 182 2450
90 182 100
90 182 2450
89 182 100
89 182 2450
88 182 100
88 182 2450
87 182 100
87 182 2450
86 182 100
86 182 2450
85 182 100
85 182 2450
84 182 100
83 182 100
82 182 100
81 182 100
80 182 100
79 182 100
79 182 2450
78 182 100
78 182 2450
77 182 100
77 182 2450
76 182 100
76 182 2450
75 182 100
75 182 2450
74 182 100
74 182 2450
73 182 100
73 182 2450
72 182 100
72 182 2450
71 182 100
71 182 2450
70 182 100
70 182 2450
69 182 100
69 182 2450
68 182 100
68 182 2450
67 182 100
67 182 2450
66 182 100
66 182 2450
65 182 100
65 182 2450
64 182 100
64 182 2450
63 182 100
63 182 2450
62 182 100
62 182 2450
61 182 100
61 182 2450
60 182 100
60 182 2450
59 182 100
59 182 2450
58 182 100
58 182 2450
57 182 100
57 182 2450
56 182 100
56 182 2450
55 182 100
55 182 2450
54 182 100
54 182 2450
53 182 100
53 182 2450
52 182 100
52 182 2450
51 182 100
51 182 2450
132 134 100
131 134 100
130 134 100
129 134 100
128 134 100
127 134 100
126 134 100
125 134 100
124 134 100
123 134 100
122 134 100
121 134 100
120 134 100
119 134 100
118 134 100
117 134 100
116 134 100
115 134 100
114 134 100
113 134 100
112 134 100
111 134 100
110 134 100
109 134 100
108 134 100
107 134 100
106 134 100
105 134 100
104 134 100
103 134 100
102 134 100
101 134 100
100 134 100
99 134 100
98 134 100
97 134 100
96 134 100
95 134 100
94 134 100
93 134 100
92 134 100
91 134 100
90 134 100
89 134 100
88 134 100
87 134 100
86 134 100
85 134 100
84 134 100
83 134 100
82 134 100
81 134 100
80 134 100
79 134 100
79 134 2450
78 134 100
78 134 2450
77 134 100
77 134 2450
76 134 100
76 134 2450
75 134 100
75 134 2450
74 134 100
74 134 2450
73 134 100
73 134 2450
72 134 100
72 134 2450
71 134 100
71 134 2450
70 134 100
70 134 2450
70 134 1225
69 134 100
69 134 2450
69 134 1225
68 134 100
68 134 2450
68 134 1225
67 134 100
67 134 2450
67 134 1225
66 134 100
66 134 2450
66 134 1225
65 134 100
65 134 2450
65 134 1225
64 134 100
64 134 2450
64 134 1225
63 134 100
63 134 2450
63 134 1225
62 134 100
62 134 2450
62 134 1225
61 134 100
61 134 2450
60 134 100
60 134 2450
59 134 100
59 134 2450
58 134 100
58 134 2450
57 134 100
57 134 2450
56 134 100
56 134 2450
55 134 100
55 134 2450
54 134 100
54 134 2450
53 134 100
53 134 2450
52 134 100
52 134 2450
51 134 100
51 134 2450
151 87 100
151 87 2450
150 87 100
150 87 2450
149 87 100
149 87 2450
148 87 100
148 87 2450
147 87 100
147 87 2450
146 87 100
146 87 2450
145 87 100
145 87 2450
144 87 100
144 87 2450
143 87 100
143 87 2450
142 87 100
142 87 2450
141 87 100
141 87 2450
140 87 100
140 87 2450
139 87 100
139 87 2450
138 87 100
138 87 2450
137 87 100
137 87 2450
136 87 100
136 87 2450
135 87 100
135 87 2450
134 87 100
134 87 2450
133 87 100
133 87 2450
132 87 100
132 87 2450
131 87 100
131 87 2450
130 87 100
130 87 2450
129 87 100
129 87 2450
128 87 100
128 87 2450
127 87 100
127 87 2450
126 87 100
126 87 2450
125 87 100
125 87 2450
124 87 100
124 87 2450
123 87 100
123 87 2450
122 87 100
122 87 2450
121 87 100
121 87 2450
120 87 100
120 87 2450
119 87 100
118 87 100
117 87 100
116 87 100
115 87 100
114 87 100
113 87 100
112 87 100
111 87 100
110 87 100
109 87 100
108 87 100
107 87 100
106 87 100
105 87 100
104 87 100
103 87 100
102 87 100
102 87 2450
101 87 100
101 87 2450
100 87 100
100 87 2450
99 87 100
99 87 2450
98 87 100
98 87 2450
97 87 100
97 87 2450
96 87 100
96 87 2450
95 87 100
95 87 2450
94 87 100
94 87 2450
93 87 100
93 87 2450
92 87 100
92 87 2450
91 87 100
91 87 2450
90 87 100
90 87 2450
89 87 100
89 87 2450
88 87 100
88 87 2450
87 87 100
87 87 2450
86 87 100
86 87 2450
85 87 100
85 87 2450
84 87 100
84 87 2450
83 87 100
83 87 2450
82 87 100
82 87 2450
81 87 100
81 87 2450
80 87 100
80 87 2450
79 87 100
79 87 2450
78 87 100
78 87 2450
78 87 1225
77 87 100
77 87 2450
77 87 1225
76 87 100
76 87 2450
76 87 1225
75 87 100
75 87 2450
75 87 1225
74 87 100
74 87 2450
74 87 1225
73 87 100
73 87 2450
73 87 1225
72 87 100
72 87 2450
72 87 1225
71 87 100
71 87 2450
71 87 1225
70 87 100
70 87 2450
70 87 1225
69 87 100
69 87 2450
69 87 1225
69 87 612
68 87 100
68 87 2450
68 87 1225
68 87 612
67 87 100
67 87 2450
67 87 1225
67 87 612
66 87 100
66 87 2450
66 87 1225
66 87 612
65 87 100
65 87 2450
65 87 1225
65 87 612
64 87 100
64 87 2450
64 87 1225
64 87 612
63 87 100
63 87 2450
63 87 1225
63 87 612
62 87 100
62 87 2450
62 87 1225
62 87 612
61 87 100
61 87 2450
61 87 1225
60 87 100
60 87 2450
60 87 1225
59 87 100
59 87 2450
59 87 1225
58 87 100
58 87 2450
58 87 1225
57 87 100
57 87 2450
57 87 1225
56 87 100
56 87 2450
56 87 1225
55 87 100
55 87 2450
54 87 100
54 87 2450
53 87 100
53 87 2450
52 87 100
52 87 2450
51 87 100
51 87 2450
50 87 100
50 87 2450
50 88 100
50 88 2450
50 89 100
50 89 2450
50 90 100
50 90 2450
50 91 100
50 91 2450
50 92 100
50 92 2450
50 93 100
50 93 2450
50 94 100
50 94 2450
50 95 100
50 95 2450
50 96 100
50 96 2450
50 97 100
50 97 2450
50 98 100
50 98 2450
50 99 100
50 99 2450
50 100 100
50 100 2450
50 101 100
50 101 2450
50 102 100
50 102 2450
50 103 100
50 103 2450
50 104 100
50 104 2450
50 105 100
50 105 2450
50 106 100
50 106 2450
50 107 100
50 107 2450
50 108 100
50 108 2450
50 109 100
50 109 2450
50 110 100
50 110 2450
50 111 100
50 111 2450
50 112 100
50 112 2450
50 113 100
50 113 2450
50 114 100
50 114 2450
50 115 100
50 115 2450
50 116 100
50 116 2450
50 117 100
50 117 2450
50 118 100
50 118 2450
185 102 100
184 102 100
183 102 100
182 102 100
181 102 100
180 102 100
179 102 100
178 102 100
177 102 100
176 102 100
175 102 100
174 102 100
173 102 100
172 102 100
171 102 100
170 102 100
169 102 100
168 102 100
167 102 100
166 102 100
165 102 100
164 102 100
163 102 100
162 102 100
161 102 100
160 102 100
159 102 100
158 102 100
157 102 100
156 102 100
155 102 100
154 102 100
153 102 100
152 102 100
151 102 100
150 102 100
149 102 100
148 102 100
148 102 2450
147 102 100
147 102 2450
146 102 100
146 102 2450
145 102 100
145 102 2450
144 102 100
144 102 2450
143 102 100
143 102 2450
142 102 100
142 102 2450
141 102 100
140 102 100
139 102 100
138 102 100
137 102 100
136 102 100
135 102 100
134 102 100
133 102 100
132 102 100
131 102 100
130 102 100
129 102 100
128 102 100
127 102 100
126 102 100
125 102 100
124 102 100
123 102 100
122 102 100
121 102 100
120 102 100
119 102 100
118 102 100
117 102 100
116 102 100
115 102 100
114 102 100
113 102 100
112 102 100
111 102 100
110 102 100
109 102 100
108 102 100
107 102 100
106 102 100
105 102 100
104 102 100
103 102 100
102 102 100
101 102 100
100 102 100
99 102 100
98 102 100
97 102 100
96 102 100
95 102 100
94 102 100
93 102 100
92 102 100
91 102 100
90 102 100
90 102 2450
89 102 100
89 102 2450
88 102 100
88 102 2450
87 102 100
87 102 2450
86 102 100
86 102 2450
85 102 100
85 102 2450
84 102 100
84 102 2450
83 102 100
83 102 2450
82 102 100
82 102 2450
81 102 100
81 102 2450
80 102 100
80 102 2450
79 102 100
79 102 2450
78 102 100
78 102 2450
77 102 100
77 102 2450
76 102 100
76 102 2450
75 102 100
75 102 2450
74 102 100
74 102 2450
73 102 100
73 102 2450
72 102 100
72 102 2450
71 102 100
71 102 2450
70 102 100
70 102 2450
69 102 100
69 102 2450
68 102 100
68 102 2450
67 102 100
67 102 2450
66 102 100
66 102 2450
65 102 100
65 102 2450
64 102 100
64 102 2450
63 102 100
63 102 2450
62 102 100
62 102 2450
61 102 100
61 102 2450
60 102 100
60 102 2450
59 102 100
59 102 2450
58 102 100
58 102 2450
57 102 100
57 102 2450
56 102 100
56 102 2450
55 102 100
55 102 2450
54 102 100
54 102 2450
53 102 100
53 102 2450
52 102 100
52 102 2450
51 102 100
51 102 2450
5 97 100
6 97 100
7 97 100
8 97 100
9 97 100
10 97 100
11 97 100
12 97 100
13 97 100
14 97 100
15 97 100
16 97 100
17 97 100
18 97 100
19 97 100
20 97 100
21 97 100
22 97 100
23 97 100
24 97 100
25 97 100
26 97 100
27 97 100
28 97 100
29 97 100
30 97 100
31 97 100
32 97 100
33 97 100
34 97 100
35 97 100
36 97 100
37 97 100
37 97 2450
38 97 100
38 97 2450
39 97 100
39 97 2450
40 97 100
40 97 2450
41 97 100
41 97 2450
42 97 100
42 97 2450
43 97 100
43 97 2450
44 97 100
44 97 2450
45 97 100
45 97 2450
46 97 100
46 97 2450
47 97 100
47 97 2450
48 97 100
48 97 2450
49 97 100
49 97 2450
