98 129 100
97 129 100
96 129 100
95 129 100
94 129 100
93 129 100
92 129 100
91 129 100
90 129 100
89 129 100
88 129 100
87 129 100
86 129 100
85 129 100
84 129 100
83 129 100
82 129 100
81 129 100
80 129 100
79 129 100
78 129 100
77 129 100
77 129 2450
76 129 100
76 129 2450
75 129 100
75 129 2450
74 129 100
74 129 2450
73 129 100
73 129 2450
72 129 100
72 129 2450
71 129 100
71 129 2450
70 129 100
70 129 2450
69 129 100
69 129 2450
68 129 100
68 129 2450
67 129 100
67 129 2450
66 129 100
66 129 2450
65 129 100
65 129 2450
64 129 100
64 129 2450
63 129 100
63 129 2450
62 129 100
62 129 2450
61 129 100
61 129 2450
60 129 100
60 129 2450
59 129 100
59 129 2450
58 129 100
58 129 2450
57 129 100
57 129 2450
56 129 100
56 129 2450
55 129 100
55 129 2450
54 129 100
54 129 2450
53 129 100
53 129 2450
52 129 100
52 129 2450
51 129 100
51 129 2450
50 129 100
50 129 2450
49 129 100
49 129 2450
48 129 100
48 129 2450
47 129 100
47 129 2450
46 129 100
46 129 2450
45 129 100
45 129 2450
44 129 100
44 129 2450
43 129 100
43 129 2450
42 129 100
42 129 2450
41 129 100
41 129 2450
40 129 100
40 129 2450
39 129 100
39 129 2450
38 129 100
38 129 2450
37 129 100
37 129 2450
36 129 100
36 129 2450
35 129 100
35 129 2450
34 129 100
34 129 2450
33 129 100
33 129 2450
32 129 100
32 129 2450
31 129 100
31 129 2450
30 129 100
30 129 2450
29 129 100
29 129 2450
28 129 100
28 129 2450
27 129 100
27 129 2450
26 129 100
26 129 2450
25 129 100
25 129 2450
24 129 100
24 129 2450
23 129 100
23 129 2450
22 129 100
22 129 2450
21 129 100
21 129 2450
20 129 100
20 129 2450
19 129 100
19 129 2450
18 129 100
18 129 2450
17 129 100
17 129 2450
16 129 100
16 129 2450
15 129 100
15 129 2450
14 129 100
14 129 2450
13 129 100
13 129 2450
12 129 100
12 129 2450
11 129 100
11 129 2450
11 129 1225
10 129 100
10 129 2450
10 129 1225
9 129 100
9 129 2450
9 129 1225
8 129 100
8 129 2450
8 129 1225
7 129 100
7 129 2450
7 129 1225
6 129 100
6 129 2450
6 129 1225
6 129 612
5 129 100
5 129 2450
5 129 1225
5 129 612
5 128 100
5 128 2450
5 128 1225
5 128 612
5 127 100
5 127 2450
5 127 1225
5 127 612
5 126 100
5 126 2450
5 126 1225
5 126 612
5 126 306
5 125 100
5 125 2450
5 125 1225
5 125 612
5 125 306
5 124 100
5 124 2450
5 124 1225
5 124 612
5 124 306
5 123 100
5 123 2450
5 123 1225
5 123 612
5 123 306
5 122 100
5 122 2450
5 122 1225
5 122 612
5 122 306
5 121 100
5 121 2450
5 121 1225
5 121 612
5 121 306
5 120 100
5 120 2450
5 120 1225
5 120 612
5 120 306
5 119 100
5 119 2450
5 119 1225
5 119 612
5 119 306
5 118 100
5 118 2450
5 118 1225
5 118 612
5 118 306
5 117 100
5 117 2450
5 117 1225
5 117 612
5 117 306
5 116 100
5 116 2450
5 116 1225
5 116 612
5 116 306
5 115 100
5 115 2450
5 115 1225
5 115 612
5 115 306
5 114 100
5 114 2450
5 114 1225
5 114 612
5 114 306
5 113 100
5 113 2450
5 113 1225
5 113 612
5 113 306
5 112 100
5 112 2450
5 112 1225
5 112 612
5 112 306
5 111 100
5 111 2450
5 111 1225
5 111 612
5 111 306
5 110 100
5 110 2450
5 110 1225
5 110 612
5 110 306
5 109 100
5 109 2450
5 109 1225
5 109 612
5 109 306
5 108 100
5 108 2450
5 108 1225
5 108 612
5 108 306
5 107 100
5 107 2450
5 107 1225
5 107 612
5 107 306
5 107 153
5 106 100
5 106 2450
5 106 1225
5 106 612
5 106 306
5 106 153
5 105 100
5 105 2450
5 105 1225
5 105 612
5 105 306
5 105 153
5 104 100
5 104 2450
5 104 1225
5 104 612
5 104 306
5 103 100
5 103 2450
5 103 1225
5 103 612
5 103 306
5 102 100
5 102 2450
5 102 1225
5 102 612
5 102 306
5 101 100
5 101 2450
5 101 1225
5 101 612
5 100 100
5 100 2450
5 100 1225
5 100 612
5 99 100
5 99 2450
5 99 1225
5 99 612
5 98 100
5 98 2450
5 98 1225
5 97 100
5 97 2450
5 97 1225
5 96 100
5 96 2450
5 96 1225
5 95 100
5 95 2450
5 95 1225
5 94 100
5 94 2450
5 94 1225
5 93 100
5 93 2450
5 93 1225
5 92 100
5 92 2450
5 92 1225
5 91 100
5 91 2450
5 91 1225
5 90 100
5 90 2450
5 90 1225
5 89 100
5 89 2450
5 89 1225
5 88 100
5 88 2450
5 88 1225
5 87 100
5 87 2450
5 87 1225
5 86 100
5 86 2450
5 86 1225
5 85 100
5 85 2450
5 85 1225
5 84 100
5 84 2450
5 84 1225
5 83 100
5 83 2450
5 83 1225
5 82 100
5 82 2450
5 82 1225
5 81 100
5 81 2450
5 81 1225
5 80 100
5 80 2450
5 80 1225
5 79 100
5 79 2450
5 79 1225
5 78 100
5 78 2450
5 78 1225
5 77 100
5 77 2450
5 77 1225
5 76 100
5 76 2450
5 76 1225
5 75 100
5 75 2450
5 74 100
5 74 2450
5 73 100
5 73 2450
5 72 100
5 72 2450
5 71 100
5 71 2450
5 70 100
5 70 2450
5 69 100
5 69 2450
5 68 100
5 68 2450
5 67 100
5 67 2450
5 66 100
5 66 2450
5 65 100
5 65 2450
5 64 100
5 64 2450
5 63 100
5 63 2450
5 62 100
5 62 2450
5 61 100
5 61 2450
5 60 100
5 59 100
5 58 100
5 57 100
5 56 100
5 55 100
5 54 100
5 53 100
42 115 100
42 115 2450
41 115 100
41 115 2450
40 115 100
40 115 2450
39 115 100
39 115 2450
38 115 100
38 115 2450
37 115 100
37 115 2450
36 115 100
36 115 2450
35 115 100
35 115 2450
34 115 100
34 115 2450
33 115 100
33 115 2450
32 115 100
32 115 2450
31 115 100
31 115 2450
30 115 100
30 115 2450
29 115 100
29 115 2450
28 115 100
28 115 2450
27 115 100
27 115 2450
26 115 100
26 115 2450
25 115 100
25 115 2450
24 115 100
24 115 2450
23 115 100
23 115 2450
22 115 100
22 115 2450
21 115 100
21 115 2450
20 115 100
20 115 2450
19 115 100
19 115 2450
18 115 100
18 115 2450
18 115 1225
17 115 100
17 115 2450
17 115 1225
16 115 100
16 115 2450
16 115 1225
15 115 100
15 115 2450
15 115 1225
14 115 100
14 115 2450
14 115 1225
13 115 100
13 115 2450
13 115 1225
12 115 100
12 115 2450
12 115 1225
12 115 612
11 115 100
11 115 2450
11 115 1225
11 115 612
10 115 100
10 115 2450
10 115 1225
10 115 612
9 115 100
9 115 2450
9 115 1225
9 115 612
8 115 100
8 115 2450
8 115 1225
8 115 612
8 115 306
7 115 100
7 115 2450
7 115 1225
7 115 612
7 115 306
6 115 100
6 115 2450
6 115 1225
6 115 612
6 115 306
84 86 100
83 86 100
82 86 100
81 86 100
80 86 100
79 86 100
79 86 2450
78 86 100
78 86 2450
77 86 100
77 86 2450
76 86 100
76 86 2450
75 86 100
75 86 2450
74 86 100
74 86 2450
73 86 100
73 86 2450
72 86 100
72 86 2450
71 86 100
71 86 2450
70 86 100
70 86 2450
69 86 100
69 86 2450
68 86 100
68 86 2450
67 86 100
67 86 2450
66 86 100
66 86 2450
65 86 100
65 86 2450
64 86 100
64 86 2450
63 86 100
63 86 2450
62 86 100
62 86 2450
61 86 100
61 86 2450
60 86 100
60 86 2450
59 86 100
59 86 2450
58 86 100
58 86 2450
57 86 100
57 86 2450
56 86 100
56 86 2450
55 86 100
55 86 2450
54 86 100
54 86 2450
53 86 100
53 86 2450
52 86 100
52 86 2450
51 86 100
51 86 2450
50 86 100
50 86 2450
49 86 100
49 86 2450
48 86 100
48 86 2450
47 86 100
46 86 100
45 86 100
44 86 100
43 86 100
42 86 100
41 86 100
40 86 100
39 86 100
38 86 100
37 86 100
36 86 100
35 86 100
34 86 100
33 86 100
33 86 2450
32 86 100
32 86 2450
31 86 100
31 86 2450
30 86 100
30 86 2450
29 86 100
29 86 2450
28 86 100
28 86 2450
27 86 100
27 86 2450
26 86 100
26 86 2450
25 86 100
25 86 2450
24 86 100
24 86 2450
23 86 100
23 86 2450
22 86 100
22 86 2450
21 86 100
21 86 2450
20 86 100
20 86 2450
19 86 100
19 86 2450
18 86 100
18 86 2450
17 86 100
17 86 2450
16 86 100
16 86 2450
15 86 100
15 86 2450
14 86 100
14 86 2450
13 86 100
13 86 2450
12 86 100
12 86 2450
11 86 100
11 86 2450
10 86 100
10 86 2450
9 86 100
9 86 2450
8 86 100
8 86 2450
7 86 100
7 86 2450
6 86 100
6 86 2450
6 86 1225
124 110 100
123 110 100
122 110 100
121 110 100
120 110 100
119 110 100
118 110 100
117 110 100
116 110 100
115 110 100
114 110 100
113 110 100
112 110 100
111 110 100
110 110 100
109 110 100
108 110 100
107 110 100
106 110 100
105 110 100
104 110 100
103 110 100
102 110 100
101 110 100
100 110 100
99 110 100
98 110 100
97 110 100
96 110 100
95 110 100
94 110 100
93 110 100
92 110 100
91 110 100
90 110 100
89 110 100
88 110 100
87 110 100
86 110 100
85 110 100
84 110 100
83 110 100
82 110 100
82 110 2450
81 110 100
81 110 2450
80 110 100
80 110 2450
79 110 100
79 110 2450
78 110 100
78 110 2450
77 110 100
77 110 2450
76 110 100
76 110 2450
75 110 100
75 110 2450
74 110 100
74 110 2450
73 110 100
73 110 2450
72 110 100
72 110 2450
71 110 100
71 110 2450
70 110 100
70 110 2450
69 110 100
69 110 2450
68 110 100
68 110 2450
67 110 100
67 110 2450
66 110 100
66 110 2450
65 110 100
65 110 2450
64 110 100
64 110 2450
63 110 100
63 110 2450
62 110 100
62 110 2450
61 110 100
61 110 2450
60 110 100
60 110 2450
59 110 100
59 110 2450
58 110 100
58 110 2450
57 110 100
57 110 2450
56 110 100
56 110 2450
55 110 100
55 110 2450
54 110 100
54 110 2450
53 110 100
53 110 2450
52 110 100
52 110 2450
51 110 100
51 110 2450
50 110 100
50 110 2450
49 110 100
49 110 2450
48 110 100
48 110 2450
47 110 100
47 110 2450
46 110 100
46 110 2450
45 110 100
45 110 2450
44 110 100
43 110 100
42 110 100
41 110 100
40 110 100
39 110 100
38 110 100
37 110 100
36 110 100
35 110 100
34 110 100
34 110 2450
33 110 100
33 110 2450
32 110 100
32 110 2450
31 110 100
31 110 2450
30 110 100
30 110 2450
29 110 100
29 110 2450
28 110 100
28 110 2450
27 110 100
27 110 2450
26 110 100
26 110 2450
25 110 100
25 110 2450
24 110 100
24 110 2450
23 110 100
23 110 2450
22 110 100
22 110 2450
21 110 100
21 110 2450
20 110 100
20 110 2450
19 110 100
19 110 2450
18 110 100
18 110 2450
18 110 1225
17 110 100
17 110 2450
17 110 1225
16 110 100
16 110 2450
16 110 1225
15 110 100
15 110 2450
15 110 1225
14 110 100
14 110 2450
14 110 1225
13 110 100
13 110 2450
13 110 1225
12 110 100
12 110 2450
12 110 1225
12 110 612
11 110 100
11 110 2450
11 110 1225
11 110 612
10 110 100
10 110 2450
10 110 1225
10 110 612
9 110 100
9 110 2450
9 110 1225
9 110 612
9 110 306
8 110 100
8 110 2450
8 110 1225
8 110 612
8 110 306
7 110 100
7 110 2450
7 110 1225
7 110 612
7 110 306
6 110 100
6 110 2450
6 110 1225
6 110 612
6 110 306
94 178 100
93 178 100
92 178 100
91 178 100
90 178 100
89 178 100
88 178 100
87 178 100
86 178 100
85 178 100
84 178 100
83 178 100
83 178 2450
82 178 100
82 178 2450
81 178 100
81 178 2450
80 178 100
80 178 2450
79 178 100
79 178 2450
78 178 100
78 178 2450
77 178 100
77 178 2450
76 178 100
76 178 2450
75 178 100
75 178 2450
74 178 100
74 178 2450
73 178 100
73 178 2450
72 178 100
72 178 2450
71 178 100
71 178 2450
70 178 100
70 178 2450
69 178 100
69 178 2450
68 178 100
68 178 2450
67 178 100
67 178 2450
66 178 100
66 178 2450
65 178 100
65 178 2450
64 178 100
64 178 2450
63 178 100
63 178 2450
62 178 100
62 178 2450
61 178 100
61 178 2450
60 178 100
60 178 2450
59 178 100
59 178 2450
58 178 100
58 178 2450
57 178 100
57 178 2450
56 178 100
56 178 2450
55 178 100
55 178 2450
54 178 100
54 178 2450
53 178 100
53 178 2450
52 178 100
52 178 2450
51 178 100
51 178 2450
50 178 100
50 178 2450
49 178 100
49 178 2450
48 178 100
48 178 2450
47 178 100
47 178 2450
46 178 100
46 178 2450
45 178 100
45 178 2450
44 178 100
44 178 2450
43 178 100
43 178 2450
42 178 100
42 178 2450
41 178 100
41 178 2450
40 178 100
40 178 2450
39 178 100
39 178 2450
38 178 100
38 178 2450
37 178 100
37 178 2450
36 178 100
36 178 2450
35 178 100
35 178 2450
34 178 100
34 178 2450
33 178 100
33 178 2450
32 178 100
32 178 2450
31 178 100
31 178 2450
30 178 100
30 178 2450
29 178 100
29 178 2450
28 178 100
28 178 2450
27 178 100
27 178 2450
26 178 100
26 178 2450
25 178 100
25 178 2450
24 178 100
24 178 2450
23 178 100
23 178 2450
22 178 100
22 178 2450
21 178 100
21 178 2450
20 178 100
20 178 2450
19 178 100
19 178 2450
18 178 100
18 178 2450
17 178 100
17 178 2450
16 178 100
16 178 2450
15 178 100
15 178 2450
14 178 100
14 178 2450
13 178 100
13 178 2450
12 178 100
12 178 2450
12 178 1225
11 178 100
11 178 2450
11 178 1225
10 178 100
10 178 2450
10 178 1225
9 178 100
9 178 2450
9 178 1225
8 178 100
8 178 2450
8 178 1225
7 178 100
7 178 2450
7 178 1225
6 178 100
6 178 2450
6 178 1225
5 178 100
5 178 2450
5 178 1225
5 177 100
5 177 2450
5 177 1225
5 176 100
5 176 2450
5 176 1225
5 175 100
5 175 2450
5 175 1225
5 174 100
5 174 2450
5 173 100
5 173 2450
5 172 100
5 172 2450
5 171 100
5 171 2450
5 170 100
5 170 2450
5 169 100
5 169 2450
5 168 100
5 168 2450
5 167 100
5 167 2450
5 166 100
5 166 2450
5 165 100
5 165 2450
5 164 100
5 164 2450
5 163 100
5 163 2450
5 162 100
5 162 2450
5 161 100
5 161 2450
5 160 100
5 160 2450
5 159 100
5 159 2450
5 158 100
5 158 2450
5 157 100
5 157 2450
5 156 100
5 156 2450
5 155 100
5 155 2450
5 154 100
5 154 2450
5 153 100
5 153 2450
5 152 100
5 152 2450
5 151 100
5 151 2450
5 150 100
5 150 2450
5 149 100
5 149 2450
5 148 100
5 148 2450
5 147 100
5 147 2450
5 146 100
5 146 2450
5 145 100
5 145 2450
5 144 100
5 144 2450
5 143 100
5 143 2450
5 142 100
5 142 2450
5 141 100
5 141 2450
5 140 100
5 140 2450
5 139 100
5 139 2450
5 138 100
5 138 2450
5 137 100
5 137 2450
5 136 100
5 136 2450
5 135 100
5 135 2450
5 134 100
5 134 2450
5 134 1225
5 133 100
5 133 2450
5 133 1225
5 132 100
5 132 2450
5 132 1225
5 131 100
5 131 2450
5 131 1225
5 130 100
5 130 2450
5 130 1225
195 178 100
194 178 100
193 178 100
192 178 100
191 178 100
190 178 100
189 178 100
188 178 100
187 178 100
186 178 100
185 178 100
184 178 100
183 178 100
182 178 100
181 178 100
180 178 100
179 178 100
178 178 100
177 178 100
177 178 2450
176 178 100
176 178 2450
175 178 100
175 178 2450
174 178 100
174 178 2450
173 178 100
173 178 2450
172 178 100
172 178 2450
171 178 100
171 178 2450
170 178 100
170 178 2450
169 178 100
169 178 2450
168 178 100
168 178 2450
167 178 100
167 178 2450
166 178 100
166 178 2450
165 178 100
165 178 2450
164 178 100
164 178 2450
163 178 100
163 178 2450
162 178 100
162 178 2450
161 178 100
161 178 2450
160 178 100
160 178 2450
159 178 100
159 178 2450
158 178 100
158 178 2450
157 178 100
157 178 2450
156 178 100
156 178 2450
155 178 100
155 178 2450
155 178 1225
154 178 100
154 178 2450
154 178 1225
153 178 100
153 178 2450
153 178 1225
152 178 100
152 178 2450
152 178 1225
151 178 100
151 178 2450
151 178 1225
150 178 100
150 178 2450
150 178 1225
149 178 100
149 178 2450
149 178 1225
148 178 100
148 178 2450
148 178 1225
147 178 100
147 178 2450
147 178 1225
146 178 100
146 178 2450
146 178 1225
145 178 100
145 178 2450
145 178 1225
144 178 100
144 178 2450
144 178 1225
144 178 612
143 178 100
143 178 2450
143 178 1225
143 178 612
142 178 100
142 178 2450
142 178 1225
142 178 612
141 178 100
141 178 2450
141 178 1225
141 178 612
140 178 100
140 178 2450
140 178 1225
140 178 612
139 178 100
139 178 2450
139 178 1225
139 178 612
138 178 100
138 178 2450
138 178 1225
138 178 612
137 178 100
137 178 2450
137 178 1225
137 178 612
136 178 100
136 178 2450
136 178 1225
135 178 100
135 178 2450
135 178 1225
134 178 100
134 178 2450
134 178 1225
133 178 100
133 178 2450
133 178 1225
132 178 100
132 178 2450
131 178 100
131 178 2450
130 178 100
130 178 2450
129 178 100
129 178 2450
128 178 100
128 178 2450
127 178 100
127 178 2450
126 178 100
126 178 2450
125 178 100
125 178 2450
124 178 100
124 178 2450
123 178 100
123 178 2450
122 178 100
122 178 2450
121 178 100
121 178 2450
120 178 100
120 178 2450
119 178 100
119 178 2450
118 178 100
118 178 2450
117 178 100
117 178 2450
116 178 100
116 178 2450
115 178 100
115 178 2450
114 178 100
113 178 100
112 178 100
111 178 100
110 178 100
109 178 100
108 178 100
107 178 100
106 178 100
105 178 100
104 178 100
103 178 100
102 178 100
101 178 100
100 178 100
99 178 100
98 178 100
97 178 100
96 178 100
95 178 100
72 154 100
71 154 100
70 154 100
69 154 100
68 154 100
67 154 100
66 154 100
65 154 100
64 154 100
63 154 100
62 154 100
61 154 100
60 154 100
59 154 100
58 154 100
57 154 100
56 154 100
55 154 100
54 154 100
53 154 100
52 154 100
51 154 100
50 154 100
49 154 100
48 154 100
47 154 100
46 154 100
45 154 100
44 154 100
43 154 100
42 154 100
41 154 100
40 154 100
39 154 100
38 154 100
37 154 100
36 154 100
35 154 100
34 154 100
33 154 100
32 154 100
31 154 100
30 154 100
29 154 100
28 154 100
27 154 100
26 154 100
25 154 100
24 154 100
23 154 100
22 154 100
21 154 100
20 154 100
19 154 100
18 154 100
17 154 100
17 154 2450
16 154 100
16 154 2450
15 154 100
15 154 2450
14 154 100
14 154 2450
13 154 100
13 154 2450
12 154 100
12 154 2450
11 154 100
11 154 2450
10 154 100
10 154 2450
9 154 100
9 154 2450
8 154 100
8 154 2450
7 154 100
7 154 2450
6 154 100
6 154 2450
51 9 100
51 9 2450
50 9 100
50 9 2450
49 9 100
49 9 2450
48 9 100
48 9 2450
47 9 100
47 9 2450
46 9 100
46 9 2450
45 9 100
45 9 2450
44 9 100
44 9 2450
43 9 100
43 9 2450
42 9 100
42 9 2450
41 9 100
41 9 2450
40 9 100
40 9 2450
39 9 100
39 9 2450
38 9 100
38 9 2450
37 9 100
37 9 2450
36 9 100
36 9 2450
35 9 100
35 9 2450
35 9 1225
34 9 100
34 9 2450
34 9 1225
33 9 100
33 9 2450
33 9 1225
32 9 100
32 9 2450
32 9 1225
31 9 100
31 9 2450
31 9 1225
30 9 100
30 9 2450
30 9 1225
29 9 100
29 9 2450
29 9 1225
28 9 100
28 9 2450
28 9 1225
27 9 100
27 9 2450
27 9 1225
26 9 100
26 9 2450
26 9 1225
25 9 100
25 9 2450
25 9 1225
24 9 100
24 9 2450
24 9 1225
23 9 100
23 9 2450
23 9 1225
22 9 100
22 9 2450
22 9 1225
21 9 100
21 9 2450
21 9 1225
20 9 100
20 9 2450
20 9 1225
19 9 100
19 9 2450
19 9 1225
18 9 100
18 9 2450
18 9 1225
17 9 100
17 9 2450
17 9 1225
16 9 100
16 9 2450
16 9 1225
15 9 100
15 9 2450
15 9 1225
15 9 612
14 9 100
14 9 2450
14 9 1225
14 9 612
13 9 100
13 9 2450
13 9 1225
13 9 612
12 9 100
12 9 2450
12 9 1225
12 9 612
11 9 100
11 9 2450
11 9 1225
11 9 612
10 9 100
10 9 2450
10 9 1225
10 9 612
9 9 100
9 9 2450
9 9 1225
9 9 612
8 9 100
8 9 2450
8 9 1225
8 9 612
7 9 100
7 9 2450
7 9 1225
7 9 612
6 9 100
6 9 2450
6 9 1225
6 9 612
5 9 100
5 9 2450
5 9 1225
5 9 612
5 10 100
5 10 2450
5 10 1225
5 10 612
5 11 100
5 11 2450
5 11 1225
5 12 100
5 12 2450
5 12 1225
5 13 100
5 13 2450
5 13 1225
5 14 100
5 14 2450
5 14 1225
5 15 100
5 15 2450
5 16 100
5 16 2450
5 17 100
5 17 2450
5 18 100
5 18 2450
5 19 100
5 19 2450
5 20 100
5 20 2450
5 21 100
5 21 2450
5 22 100
5 22 2450
5 23 100
5 23 2450
5 24 100
5 24 2450
5 25 100
5 26 100
5 27 100
5 28 100
5 29 100
5 30 100
5 31 100
5 32 100
5 33 100
5 34 100
5 35 100
5 36 100
5 37 100
5 38 100
5 39 100
5 40 100
5 41 100
5 42 100
5 43 100
5 44 100
5 45 100
5 46 100
5 47 100
5 48 100
5 49 100
5 50 100
5 51 100
5 52 100
