134 35 100
133 35 100
132 35 100
131 35 100
130 35 100
129 35 100
128 35 100
127 35 100
126 35 100
126 35 2450
125 35 100
125 35 2450
124 35 100
124 35 2450
123 35 100
123 35 2450
122 35 100
122 35 2450
121 35 100
121 35 2450
120 35 100
120 35 2450
119 35 100
119 35 2450
118 35 100
118 35 2450
117 35 100
117 35 2450
116 35 100
116 35 2450
115 35 100
115 35 2450
114 35 100
114 35 2450
113 35 100
113 35 2450
113 35 1225
112 35 100
112 35 2450
112 35 1225
111 35 100
111 35 2450
111 35 1225
110 35 100
110 35 2450
110 35 1225
110 35 612
109 35 100
109 35 2450
109 35 1225
109 35 612
108 35 100
108 35 2450
108 35 1225
108 35 612
108 35 306
107 35 100
107 35 2450
107 35 1225
107 35 612
107 35 306
106 35 100
106 35 2450
106 35 1225
106 35 612
106 35 306
105 35 100
105 35 2450
105 35 1225
105 35 612
105 35 306
104 35 100
104 35 2450
104 35 1225
104 35 612
103 35 100
103 35 2450
103 35 1225
103 35 612
102 35 100
102 35 2450
102 35 1225
102 35 612
101 35 100
101 35 2450
101 35 1225
101 35 612
100 35 100
100 35 2450
100 35 1225
99 35 100
99 35 2450
99 35 1225
98 35 100
98 35 2450
98 35 1225
97 35 100
97 35 2450
97 35 1225
96 35 100
96 35 2450
95 35 100
95 35 2450
94 35 100
94 35 2450
93 35 100
93 35 2450
92 35 100
92 35 2450
91 35 100
91 35 2450
90 35 100
90 35 2450
90 36 100
90 36 2450
90 37 100
90 37 2450
90 37 1225
90 38 100
90 38 2450
90 38 1225
90 39 100
90 39 2450
90 39 1225
90 40 100
90 40 2450
90 40 1225
90 41 100
90 41 2450
90 41 1225
90 42 100
90 42 2450
90 42 1225
90 43 100
90 43 2450
90 43 1225
90 44 100
90 44 2450
90 44 1225
90 45 100
90 45 2450
90 45 1225
90 45 612
90 46 100
90 46 2450
90 46 1225
90 46 612
90 47 100
90 47 2450
90 47 1225
90 47 612
90 48 100
90 48 2450
90 48 1225
90 48 612
90 49 100
90 49 2450
90 49 1225
90 50 100
90 50 2450
90 50 1225
90 51 100
90 51 2450
90 51 1225
90 52 100
90 52 2450
90 52 1225
90 53 100
90 53 2450
90 53 1225
90 54 100
90 54 2450
90 54 1225
90 55 100
90 55 2450
90 55 1225
90 56 100
90 56 2450
90 56 1225
90 57 100
90 57 2450
90 58 100
90 58 2450
90 59 100
90 59 2450
90 60 100
90 60 2450
90 61 100
90 61 2450
90 62 100
90 62 2450
90 63 100
90 63 2450
90 64 100
90 64 2450
90 65 100
90 65 2450
90 66 100
90 66 2450
90 67 100
90 67 2450
90 68 100
90 68 2450
90 69 100
90 69 2450
90 70 100
90 70 2450
90 71 100
90 71 2450
90 72 100
90 72 2450
90 73 100
90 73 2450
90 74 100
90 74 2450
90 75 100
90 76 100
90 77 100
90 78 100
90 79 100
90 79 2450
90 80 100
90 80 2450
90 81 100
90 81 2450
90 82 100
90 82 2450
90 83 100
90 83 2450
90 84 100
90 84 2450
90 85 100
90 85 2450
90 86 100
90 86 2450
90 87 100
90 87 2450
90 88 100
90 88 2450
90 89 100
90 89 2450
90 90 100
90 90 2450
90 91 100
90 91 2450
90 92 100
90 92 2450
90 93 100
90 93 2450
90 94 100
90 94 2450
90 95 100
90 95 2450
90 96 100
90 96 2450
90 97 100
90 97 2450
90 98 100
90 98 2450
90 99 100
90 99 2450
90 100 100
90 100 2450
90 101 100
90 101 2450
90 102 100
90 102 2450
90 103 100
90 103 2450
90 104 100
90 104 2450
90 105 100
90 105 2450
90 106 100
90 106 2450
90 107 100
90 107 2450
90 108 100
90 108 2450
90 109 100
90 109 2450
90 110 100
90 110 2450
90 111 100
90 111 2450
90 112 100
90 112 2450
90 113 100
90 113 2450
90 114 100
90 114 2450
90 115 100
90 115 2450
90 116 100
90 116 2450
90 117 100
90 118 100
90 119 100
90 120 100
90 121 100
90 122 100
90 123 100
90 124 100
90 125 100
90 126 100
90 127 100
90 128 100
90 129 100
90 130 100
90 131 100
90 132 100
90 133 100
90 134 100
90 135 100
90 136 100
90 137 100
90 138 100
90 139 100
90 140 100
192 198 100
191 198 100
190 198 100
189 198 100
188 198 100
187 198 100
186 198 100
185 198 100
184 198 100
183 198 100
182 198 100
181 198 100
180 198 100
179 198 100
178 198 100
177 198 100
176 198 100
175 198 100
175 198 2450
174 198 100
174 198 2450
173 198 100
173 198 2450
172 198 100
172 198 2450
171 198 100
171 198 2450
170 198 100
170 198 2450
169 198 100
169 198 2450
168 198 100
168 198 2450
167 198 100
167 198 2450
166 198 100
166 198 2450
165 198 100
165 198 2450
164 198 100
164 198 2450
163 198 100
163 198 2450
162 198 100
162 198 2450
161 198 100
161 198 2450
160 198 100
160 198 2450
159 198 100
159 198 2450
158 198 100
158 198 2450
157 198 100
157 198 2450
156 198 100
156 198 2450
155 198 100
155 198 2450
154 198 100
154 198 2450
153 198 100
153 198 2450
152 198 100
152 198 2450
151 198 100
151 198 2450
150 198 100
150 198 2450
149 198 100
148 198 100
147 198 100
146 198 100
145 198 100
144 198 100
143 198 100
142 198 100
141 198 100
140 198 100
139 198 100
138 198 100
137 198 100
136 198 100
135 198 100
135 198 2450
134 198 100
134 198 2450
133 198 100
133 198 2450
132 198 100
132 198 2450
131 198 100
131 198 2450
130 198 100
130 198 2450
129 198 100
129 198 2450
128 198 100
128 198 2450
127 198 100
127 198 2450
126 198 100
126 198 2450
125 198 100
125 198 2450
124 198 100
124 198 2450
123 198 100
123 198 2450
122 198 100
122 198 2450
121 198 100
121 198 2450
120 198 100
120 198 2450
119 198 100
119 198 2450
118 198 100
118 198 2450
117 198 100
117 198 2450
117 198 1225
116 198 100
116 198 2450
116 198 1225
115 198 100
115 198 2450
115 198 1225
114 198 100
114 198 2450
114 198 1225
113 198 100
113 198 2450
113 198 1225
112 198 100
112 198 2450
112 198 1225
111 198 100
111 198 2450
111 198 1225
110 198 100
110 198 2450
110 198 1225
109 198 100
109 198 2450
109 198 1225
108 198 100
108 198 2450
108 198 1225
107 198 100
107 198 2450
107 198 1225
106 198 100
106 198 2450
106 198 1225
105 198 100
105 198 2450
105 198 1225
104 198 100
104 198 2450
104 198 1225
103 198 100
103 198 2450
103 198 1225
102 198 100
102 198 2450
101 198 100
101 198 2450
100 198 100
100 198 2450
99 198 100
99 198 2450
98 198 100
98 198 2450
97 198 100
97 198 2450
96 198 100
96 198 2450
95 198 100
95 198 2450
94 198 100
94 198 2450
93 198 100
93 198 2450
92 198 100
92 198 2450
91 198 100
91 198 2450
90 198 100
90 198 2450
90 197 100
90 197 2450
90 196 100
90 196 2450
90 195 100
90 195 2450
90 194 100
90 194 2450
90 193 100
90 193 2450
90 192 100
90 192 2450
90 191 100
90 191 2450
90 190 100
90 190 2450
90 189 100
90 189 2450
90 188 100
90 187 100
90 186 100
90 185 100
90 184 100
90 183 100
90 182 100
90 181 100
90 181 2450
90 180 100
90 180 2450
90 179 100
90 179 2450
90 178 100
90 178 2450
90 177 100
90 177 2450
90 176 100
90 176 2450
90 175 100
90 175 2450
90 174 100
90 174 2450
90 173 100
90 173 2450
90 172 100
90 172 2450
90 171 100
90 171 2450
90 170 100
90 170 2450
90 169 100
90 169 2450
90 168 100
90 168 2450
90 167 100
90 167 2450
90 166 100
90 166 2450
90 165 100
90 165 2450
90 164 100
90 164 2450
90 163 100
90 163 2450
90 162 100
90 162 2450
90 161 100
90 161 2450
90 160 100
90 160 2450
90 159 100
90 159 2450
90 158 100
90 158 2450
90 157 100
90 157 2450
90 156 100
90 156 2450
90 155 100
90 155 2450
90 154 100
90 154 2450
90 153 100
90 153 2450
90 152 100
90 152 2450
90 151 100
90 151 2450
90 150 100
90 150 2450
90 149 100
90 149 2450
90 148 100
90 148 2450
90 147 100
90 146 100
90 145 100
90 144 100
90 143 100
90 142 100
90 141 100
30 162 100
30 162 2450
31 162 100
31 162 2450
32 162 100
32 162 2450
33 162 100
33 162 2450
34 162 100
34 162 2450
35 162 100
35 162 2450
36 162 100
36 162 2450
37 162 100
37 162 2450
38 162 100
38 162 2450
39 162 100
39 162 2450
40 162 100
40 162 2450
41 162 100
41 162 2450
42 162 100
42 162 2450
43 162 100
43 162 2450
44 162 100
44 162 2450
45 162 100
45 162 2450
46 162 100
46 162 2450
47 162 100
47 162 2450
48 162 100
48 162 2450
49 162 100
49 162 2450
50 162 100
50 162 2450
51 162 100
51 162 2450
52 162 100
52 162 2450
53 162 100
53 162 2450
54 162 100
54 162 2450
55 162 100
55 162 2450
56 162 100
56 162 2450
57 162 100
57 162 2450
58 162 100
58 162 2450
59 162 100
59 162 2450
60 162 100
60 162 2450
61 162 100
61 162 2450
62 162 100
62 162 2450
63 162 100
63 162 2450
64 162 100
64 162 2450
65 162 100
65 162 2450
66 162 100
66 162 2450
67 162 100
67 162 2450
68 162 100
68 162 2450
69 162 100
69 162 2450
70 162 100
70 162 2450
71 162 100
71 162 2450
72 162 100
72 162 2450
73 162 100
73 162 2450
74 162 100
74 162 2450
75 162 100
75 162 2450
76 162 100
76 162 2450
77 162 100
77 162 2450
78 162 100
78 162 2450
79 162 100
79 162 2450
80 162 100
80 162 2450
81 162 100
81 162 2450
82 162 100
82 162 2450
83 162 100
83 162 2450
84 162 100
84 162 2450
85 162 100
85 162 2450
86 162 100
86 162 2450
87 162 100
87 162 2450
88 162 100
88 162 2450
89 162 100
89 162 2450
21 89 100
22 89 100
23 89 100
24 89 100
25 89 100
26 89 100
27 89 100
28 89 100
29 89 100
30 89 100
31 89 100
32 89 100
33 89 100
34 89 100
35 89 100
36 89 100
37 89 100
38 89 100
39 89 100
40 89 100
41 89 100
42 89 100
43 89 100
44 89 100
45 89 100
46 89 100
47 89 100
48 89 100
49 89 100
50 89 100
51 89 100
52 89 100
53 89 100
54 89 100
55 89 100
56 89 100
57 89 100
58 89 100
59 89 100
60 89 100
61 89 100
62 89 100
63 89 100
64 89 100
65 89 100
66 89 100
67 89 100
67 89 2450
68 89 100
68 89 2450
69 89 100
69 89 2450
70 89 100
70 89 2450
71 89 100
71 89 2450
72 89 100
72 89 2450
73 89 100
73 89 2450
74 89 100
74 89 2450
75 89 100
75 89 2450
76 89 100
76 89 2450
77 89 100
77 89 2450
78 89 100
78 89 2450
79 89 100
79 89 2450
80 89 100
80 89 2450
81 89 100
81 89 2450
82 89 100
82 89 2450
83 89 100
83 89 2450
84 89 100
84 89 2450
85 89 100
85 89 2450
86 89 100
86 89 2450
87 89 100
87 89 2450
88 89 100
88 89 2450
89 89 100
89 89 2450
