1 18 100
2 18 100
3 18 100
4 18 100
5 18 100
6 18 100
7 18 100
8 18 100
9 18 100
10 18 100
11 18 100
11 18 2450
12 18 100
12 18 2450
13 18 100
13 18 2450
14 18 100
14 18 2450
15 18 100
15 18 2450
16 18 100
16 18 2450
17 18 100
17 18 2450
18 18 100
18 18 2450
19 18 100
19 18 2450
20 18 100
20 18 2450
21 18 100
21 18 2450
22 18 100
22 18 2450
22 18 1225
23 18 100
23 18 2450
23 18 1225
24 18 100
24 18 2450
24 18 1225
25 18 100
25 18 2450
25 18 1225
26 18 100
26 18 2450
26 18 1225
27 18 100
27 18 2450
27 18 1225
28 18 100
28 18 2450
28 18 1225
29 18 100
29 18 2450
30 18 100
30 18 2450
31 18 100
31 18 2450
32 18 100
32 18 2450
33 18 100
33 18 2450
34 18 100
34 18 2450
35 18 100
35 18 2450
36 18 100
37 18 100
38 18 100
39 18 100
40 18 100
41 18 100
42 18 100
43 18 100
44 18 100
45 18 100
46 18 100
47 18 100
47 19 100
47 20 100
47 21 100
47 22 100
47 23 100
47 24 100
47 25 100
47 26 100
47 27 100
47 28 100
47 29 100
47 30 100
47 31 100
47 32 100
47 33 100
47 34 100
47 35 100
47 36 100
47 37 100
47 38 100
47 39 100
47 40 100
47 41 100
47 42 100
47 43 100
47 44 100
47 45 100
47 46 100
47 47 100
47 48 100
47 49 100
47 50 100
47 51 100
47 52 100
47 53 100
47 54 100
47 55 100
47 56 100
47 57 100
47 58 100
47 59 100
47 60 100
47 61 100
47 62 100
47 63 100
47 64 100
47 65 100
47 66 100
47 67 100
47 68 100
47 69 100
47 70 100
47 71 100
47 72 100
47 73 100
57 43 100
56 43 100
55 43 100
54 43 100
53 43 100
52 43 100
51 43 100
50 43 100
49 43 100
48 43 100
189 63 100
188 63 100
187 63 100
186 63 100
185 63 100
184 63 100
184 63 2450
183 63 100
183 63 2450
182 63 100
182 63 2450
181 63 100
181 63 2450
180 63 100
180 63 2450
179 63 100
179 63 2450
178 63 100
178 63 2450
177 63 100
177 63 2450
176 63 100
176 63 2450
175 63 100
175 63 2450
174 63 100
174 63 2450
173 63 100
173 63 2450
172 63 100
172 63 2450
171 63 100
171 63 2450
170 63 100
170 63 2450
169 63 100
169 63 2450
168 63 100
168 63 2450
167 63 100
167 63 2450
166 63 100
166 63 2450
165 63 100
165 63 2450
164 63 100
164 63 2450
163 63 100
163 63 2450
162 63 100
162 63 2450
161 63 100
161 63 2450
160 63 100
160 63 2450
159 63 100
159 63 2450
158 63 100
158 63 2450
157 63 100
157 63 2450
156 63 100
156 63 2450
155 63 100
155 63 2450
154 63 100
154 63 2450
153 63 100
153 63 2450
152 63 100
152 63 2450
151 63 100
151 63 2450
150 63 100
150 63 2450
149 63 100
149 63 2450
148 63 100
148 63 2450
147 63 100
147 63 2450
146 63 100
146 63 2450
145 63 100
145 63 2450
144 63 100
144 63 2450
143 63 100
142 63 100
141 63 100
140 63 100
139 63 100
138 63 100
137 63 100
136 63 100
135 63 100
134 63 100
133 63 100
132 63 100
131 63 100
130 63 100
129 63 100
128 63 100
127 63 100
126 63 100
125 63 100
124 63 100
123 63 100
122 63 100
121 63 100
120 63 100
119 63 100
118 63 100
117 63 100
116 63 100
115 63 100
114 63 100
113 63 100
112 63 100
111 63 100
110 63 100
110 63 2450
109 63 100
109 63 2450
108 63 100
108 63 2450
107 63 100
107 63 2450
106 63 100
106 63 2450
105 63 100
105 63 2450
104 63 100
104 63 2450
103 63 100
103 63 2450
102 63 100
102 63 2450
101 63 100
101 63 2450
100 63 100
100 63 2450
99 63 100
99 63 2450
98 63 100
97 63 100
96 63 100
95 63 100
95 63 2450
94 63 100
94 63 2450
93 63 100
93 63 2450
92 63 100
92 63 2450
91 63 100
91 63 2450
90 63 100
90 63 2450
89 63 100
89 63 2450
88 63 100
88 63 2450
87 63 100
87 63 2450
86 63 100
86 63 2450
85 63 100
85 63 2450
84 63 100
84 63 2450
83 63 100
83 63 2450
82 63 100
82 63 2450
81 63 100
81 63 2450
80 63 100
80 63 2450
79 63 100
79 63 2450
78 63 100
78 63 2450
77 63 100
77 63 2450
76 63 100
76 63 2450
75 63 100
75 63 2450
74 63 100
74 63 2450
73 63 100
73 63 2450
72 63 100
72 63 2450
71 63 100
71 63 2450
70 63 100
70 63 2450
69 63 100
69 63 2450
68 63 100
68 63 2450
67 63 100
67 63 2450
66 63 100
66 63 2450
65 63 100
65 63 2450
64 63 100
64 63 2450
63 63 100
63 63 2450
62 63 100
62 63 2450
61 63 100
61 63 2450
60 63 100
60 63 2450
59 63 100
59 63 2450
58 63 100
57 63 100
56 63 100
55 63 100
54 63 100
53 63 100
52 63 100
51 63 100
50 63 100
49 63 100
48 63 100
112 117 100
111 117 100
110 117 100
109 117 100
108 117 100
107 117 100
106 117 100
106 117 2450
105 117 100
105 117 2450
104 117 100
104 117 2450
103 117 100
103 117 2450
102 117 100
102 117 2450
101 117 100
101 117 2450
100 117 100
100 117 2450
99 117 100
99 117 2450
98 117 100
98 117 2450
97 117 100
97 117 2450
96 117 100
96 117 2450
95 117 100
95 117 2450
94 117 100
94 117 2450
93 117 100
93 117 2450
92 117 100
92 117 2450
91 117 100
91 117 2450
90 117 100
90 117 2450
89 117 100
89 117 2450
88 117 100
88 117 2450
88 117 1225
87 117 100
87 117 2450
86 117 100
86 117 2450
85 117 100
85 117 2450
84 117 100
84 117 2450
83 117 100
83 117 2450
82 117 100
82 117 2450
81 117 100
81 117 2450
80 117 100
80 117 2450
79 117 100
79 117 2450
78 117 100
78 117 2450
77 117 100
76 117 100
75 117 100
74 117 100
73 117 100
72 117 100
71 117 100
70 117 100
69 117 100
68 117 100
67 117 100
66 117 100
65 117 100
64 117 100
63 117 100
62 117 100
61 117 100
60 117 100
59 117 100
58 117 100
57 117 100
56 117 100
55 117 100
54 117 100
53 117 100
52 117 100
51 117 100
50 117 100
49 117 100
48 117 100
47 117 100
47 116 100
47 115 100
47 114 100
47 113 100
47 112 100
47 111 100
47 110 100
47 109 100
47 108 100
47 107 100
47 107 2450
47 106 100
47 106 2450
47 105 100
47 105 2450
47 104 100
47 104 2450
47 103 100
47 103 2450
47 102 100
47 102 2450
47 101 100
47 101 2450
47 100 100
47 100 2450
47 99 100
47 99 2450
47 98 100
47 98 2450
47 97 100
47 97 2450
47 96 100
47 96 2450
47 95 100
47 95 2450
47 94 100
47 94 2450
47 93 100
47 93 2450
47 92 100
47 92 2450
47 91 100
47 91 2450
47 90 100
47 90 2450
47 89 100
47 89 2450
47 88 100
47 88 2450
47 87 100
47 87 2450
47 86 100
47 86 2450
47 85 100
47 85 2450
47 84 100
47 84 2450
47 83 100
47 83 2450
47 82 100
47 82 2450
47 81 100
47 81 2450
47 80 100
47 79 100
47 78 100
47 77 100
47 76 100
47 75 100
47 74 100
174 92 100
173 92 100
172 92 100
171 92 100
170 92 100
169 92 100
168 92 100
167 92 100
166 92 100
165 92 100
164 92 100
163 92 100
162 92 100
161 92 100
160 92 100
159 92 100
158 92 100
157 92 100
156 92 100
155 92 100
154 92 100
153 92 100
152 92 100
151 92 100
150 92 100
149 92 100
148 92 100
147 92 100
146 92 100
145 92 100
144 92 100
143 92 100
142 92 100
141 92 100
140 92 100
139 92 100
138 92 100
137 92 100
136 92 100
135 92 100
134 92 100
133 92 100
132 92 100
131 92 100
130 92 100
129 92 100
128 92 100
127 92 100
126 92 100
126 92 2450
125 92 100
125 92 2450
124 92 100
124 92 2450
123 92 100
123 92 2450
122 92 100
122 92 2450
121 92 100
121 92 2450
120 92 100
120 92 2450
119 92 100
119 92 2450
118 92 100
118 92 2450
117 92 100
117 92 2450
116 92 100
116 92 2450
116 92 1225
115 92 100
115 92 2450
115 92 1225
114 92 100
114 92 2450
114 92 1225
113 92 100
113 92 2450
113 92 1225
112 92 100
112 92 2450
112 92 1225
111 92 100
111 92 2450
111 92 1225
110 92 100
110 92 2450
109 92 100
109 92 2450
108 92 100
108 92 2450
107 92 100
107 92 2450
106 92 100
106 92 2450
105 92 100
104 92 100
103 92 100
102 92 100
101 92 100
100 92 100
99 92 100
98 92 100
97 92 100
96 92 100
95 92 100
94 92 100
93 92 100
92 92 100
91 92 100
90 92 100
89 92 100
88 92 100
87 92 100
86 92 100
85 92 100
84 92 100
83 92 100
82 92 100
82 92 2450
81 92 100
81 92 2450
80 92 100
80 92 2450
79 92 100
79 92 2450
78 92 100
78 92 2450
77 92 100
77 92 2450
76 92 100
76 92 2450
75 92 100
74 92 100
73 92 100
72 92 100
71 92 100
70 92 100
69 92 100
68 92 100
67 92 100
66 92 100
65 92 100
64 92 100
63 92 100
62 92 100
61 92 100
60 92 100
59 92 100
58 92 100
57 92 100
56 92 100
55 92 100
54 92 100
53 92 100
53 92 2450
52 92 100
52 92 2450
51 92 100
51 92 2450
50 92 100
50 92 2450
49 92 100
49 92 2450
48 92 100
48 92 2450
117 5 100
116 5 100
115 5 100
114 5 100
113 5 100
112 5 100
111 5 100
111 5 2450
110 5 100
110 5 2450
109 5 100
109 5 2450
108 5 100
108 5 2450
107 5 100
107 5 2450
107 5 1225
106 5 100
106 5 2450
106 5 1225
105 5 100
105 5 2450
105 5 1225
104 5 100
104 5 2450
104 5 1225
104 5 612
103 5 100
103 5 2450
103 5 1225
103 5 612
102 5 100
102 5 2450
102 5 1225
102 5 612
101 5 100
101 5 2450
101 5 1225
101 5 612
100 5 100
100 5 2450
100 5 1225
100 5 612
99 5 100
99 5 2450
99 5 1225
98 5 100
98 5 2450
98 5 1225
97 5 100
97 5 2450
97 5 1225
96 5 100
96 5 2450
96 5 1225
95 5 100
95 5 2450
95 5 1225
94 5 100
94 5 2450
93 5 100
93 5 2450
92 5 100
92 5 2450
91 5 100
91 5 2450
90 5 100
90 5 2450
89 5 100
89 5 2450
88 5 100
88 5 2450
87 5 100
87 5 2450
86 5 100
86 5 2450
85 5 100
85 5 2450
84 5 100
84 5 2450
83 5 100
83 5 2450
82 5 100
82 5 2450
81 5 100
81 5 2450
80 5 100
80 5 2450
79 5 100
79 5 2450
78 5 100
78 5 2450
77 5 100
77 5 2450
77 5 1225
76 5 100
76 5 2450
76 5 1225
75 5 100
75 5 2450
75 5 1225
74 5 100
74 5 2450
74 5 1225
73 5 100
73 5 2450
73 5 1225
72 5 100
72 5 2450
72 5 1225
71 5 100
71 5 2450
71 5 1225
70 5 100
70 5 2450
70 5 1225
69 5 100
69 5 2450
69 5 1225
68 5 100
68 5 2450
67 5 100
67 5 2450
66 5 100
66 5 2450
65 5 100
65 5 2450
64 5 100
64 5 2450
63 5 100
63 5 2450
62 5 100
62 5 2450
61 5 100
61 5 2450
60 5 100
60 5 2450
59 5 100
59 5 2450
58 5 100
58 5 2450
57 5 100
57 5 2450
56 5 100
56 5 2450
55 5 100
55 5 2450
54 5 100
54 5 2450
53 5 100
53 5 2450
52 5 100
52 5 2450
51 5 100
51 5 2450
50 5 100
50 5 2450
49 5 100
49 5 2450
48 5 100
48 5 2450
47 5 100
47 5 2450
47 6 100
47 6 2450
47 7 100
47 7 2450
47 8 100
47 8 2450
47 9 100
47 9 2450
47 10 100
47 11 100
47 12 100
47 13 100
47 14 100
47 15 100
47 16 100
47 17 100
147 123 100
146 123 100
145 123 100
144 123 100
143 123 100
142 123 100
141 123 100
141 123 2450
140 123 100
140 123 2450
139 123 100
139 123 2450
138 123 100
138 123 2450
137 123 100
137 123 2450
136 123 100
136 123 2450
135 123 100
135 123 2450
134 123 100
134 123 2450
133 123 100
133 123 2450
132 123 100
132 123 2450
131 123 100
131 123 2450
130 123 100
130 123 2450
129 123 100
129 123 2450
128 123 100
128 123 2450
127 123 100
127 123 2450
126 123 100
126 123 2450
125 123 100
125 123 2450
124 123 100
123 123 100
122 123 100
121 123 100
120 123 100
119 123 100
118 123 100
117 123 100
116 123 100
115 123 100
114 123 100
113 123 100
112 123 100
111 123 100
110 123 100
109 123 100
108 123 100
107 123 100
107 123 2450
106 123 100
106 123 2450
105 123 100
105 123 2450
104 123 100
104 123 2450
103 123 100
103 123 2450
102 123 100
102 123 2450
101 123 100
101 123 2450
100 123 100
100 123 2450
99 123 100
99 123 2450
98 123 100
98 123 2450
97 123 100
97 123 2450
96 123 100
96 123 2450
95 123 100
95 123 2450
94 123 100
94 123 2450
93 123 100
93 123 2450
92 123 100
92 123 2450
91 123 100
91 123 2450
90 123 100
90 123 2450
89 123 100
89 123 2450
88 123 100
88 123 2450
87 123 100
87 123 2450
86 123 100
85 123 100
84 123 100
83 123 100
82 123 100
81 123 100
80 123 100
79 123 100
78 123 100
77 123 100
76 123 100
75 123 100
74 123 100
73 123 100
72 123 100
71 123 100
70 123 100
69 123 100
68 123 100
67 123 100
66 123 100
65 123 100
64 123 100
63 123 100
62 123 100
61 123 100
60 123 100
59 123 100
58 123 100
57 123 100
56 123 100
55 123 100
54 123 100
53 123 100
52 123 100
51 123 100
50 123 100
49 123 100
48 123 100
47 123 100
47 122 100
47 121 100
47 120 100
47 119 100
47 118 100
86 163 100
85 163 100
84 163 100
83 163 100
82 163 100
81 163 100
80 163 100
79 163 100
78 163 100
77 163 100
76 163 100
75 163 100
74 163 100
73 163 100
72 163 100
71 163 100
71 163 2450
70 163 100
70 163 2450
69 163 100
69 163 2450
68 163 100
68 163 2450
67 163 100
67 163 2450
66 163 100
66 163 2450
65 163 100
65 163 2450
64 163 100
64 163 2450
63 163 100
63 163 2450
62 163 100
62 163 2450
61 163 100
61 163 2450
60 163 100
60 163 2450
59 163 100
59 163 2450
58 163 100
58 163 2450
57 163 100
57 163 2450
56 163 100
56 163 2450
55 163 100
55 163 2450
54 163 100
54 163 2450
53 163 100
53 163 2450
52 163 100
52 163 2450
51 163 100
51 163 2450
50 163 100
50 163 2450
49 163 100
49 163 2450
48 163 100
48 163 2450
47 163 100
47 163 2450
47 162 100
47 162 2450
47 161 100
47 161 2450
47 160 100
47 160 2450
47 159 100
47 159 2450
47 158 100
47 158 2450
47 157 100
47 157 2450
47 156 100
47 156 2450
47 155 100
47 154 100
47 153 100
47 152 100
47 151 100
47 150 100
47 149 100
47 148 100
47 147 100
47 146 100
47 145 100
47 144 100
47 143 100
47 142 100
47 141 100
47 140 100
47 139 100
47 138 100
47 137 100
47 136 100
47 135 100
47 135 2450
47 134 100
47 134 2450
47 133 100
47 133 2450
47 132 100
47 131 100
47 130 100
47 129 100
47 128 100
47 127 100
47 126 100
47 125 100
47 124 100
