196 17 100
195 17 100
194 17 100
193 17 100
192 17 100
191 17 100
190 17 100
189 17 100
188 17 100
187 17 100
186 17 100
185 17 100
184 17 100
183 17 100
182 17 100
181 17 100
180 17 100
179 17 100
178 17 100
177 17 100
176 17 100
175 17 100
174 17 100
173 17 100
173 17 2450
172 17 100
172 17 2450
171 17 100
171 17 2450
170 17 100
170 17 2450
169 17 100
169 17 2450
168 17 100
168 17 2450
167 17 100
167 17 2450
166 17 100
166 17 2450
165 17 100
165 17 2450
164 17 100
164 17 2450
163 17 100
163 17 2450
162 17 100
162 17 2450
161 17 100
161 17 2450
160 17 100
160 17 2450
159 17 100
159 17 2450
158 17 100
158 17 2450
157 17 100
157 17 2450
156 17 100
156 17 2450
155 17 100
155 17 2450
154 17 100
154 17 2450
153 17 100
153 17 2450
152 17 100
152 17 2450
151 17 100
151 17 2450
150 17 100
150 17 2450
149 17 100
149 17 2450
148 17 100
148 17 2450
147 17 100
147 17 2450
146 17 100
146 17 2450
145 17 100
145 17 2450
144 17 100
144 17 2450
143 17 100
143 17 2450
143 17 1225
142 17 100
142 17 2450
142 17 1225
141 17 100
141 17 2450
141 17 1225
140 17 100
140 17 2450
140 17 1225
139 17 100
139 17 2450
139 17 1225
138 17 100
138 17 2450
138 17 1225
137 17 100
137 17 2450
136 17 100
136 17 2450
135 17 100
135 17 2450
134 17 100
134 17 2450
133 17 100
133 17 2450
133 17 1225
132 17 100
132 17 2450
132 17 1225
131 17 100
131 17 2450
131 17 1225
130 17 100
130 17 2450
130 17 1225
129 17 100
129 17 2450
129 17 1225
128 17 100
128 17 2450
128 17 1225
127 17 100
127 17 2450
127 17 1225
126 17 100
126 17 2450
126 17 1225
125 17 100
125 17 2450
125 17 1225
124 17 100
124 17 2450
124 17 1225
123 17 100
123 17 2450
123 17 1225
122 17 100
122 17 2450
122 17 1225
121 17 100
121 17 2450
120 17 100
120 17 2450
119 17 100
119 17 2450
118 17 100
118 17 2450
117 17 100
117 17 2450
116 17 100
116 17 2450
115 17 100
115 17 2450
114 17 100
114 17 2450
113 17 100
113 17 2450
112 17 100
112 17 2450
111 17 100
111 17 2450
110 17 100
110 17 2450
109 17 100
109 17 2450
108 17 100
108 17 2450
107 17 100
107 17 2450
106 17 100
106 17 2450
105 17 100
105 17 2450
104 17 100
104 17 2450
103 17 100
103 17 2450
102 17 100
102 17 2450
101 17 100
100 17 100
99 17 100
98 17 100
97 17 100
96 17 100
95 17 100
94 17 100
93 17 100
92 17 100
91 17 100
90 17 100
89 17 100
88 17 100
87 17 100
86 17 100
85 17 100
84 17 100
83 17 100
82 17 100
81 17 100
80 17 100
79 17 100
78 17 100
77 17 100
76 17 100
75 17 100
74 17 100
73 17 100
72 17 100
71 17 100
70 17 100
69 17 100
68 17 100
67 17 100
66 17 100
65 17 100
64 17 100
63 17 100
62 17 100
61 17 100
60 17 100
59 17 100
58 17 100
57 17 100
56 17 100
55 17 100
55 17 2450
54 17 100
54 17 2450
53 17 100
53 17 2450
52 17 100
52 17 2450
51 17 100
51 17 2450
50 17 100
50 17 2450
49 17 100
49 17 2450
48 17 100
48 17 2450
47 17 100
47 17 2450
46 17 100
46 17 2450
45 17 100
45 17 2450
44 17 100
44 17 2450
43 17 100
43 17 2450
42 17 100
42 17 2450
41 17 100
41 17 2450
40 17 100
40 17 2450
39 17 100
39 17 2450
38 17 100
38 17 2450
37 17 100
37 17 2450
36 17 100
36 17 2450
35 17 100
35 17 2450
34 17 100
34 17 2450
33 17 100
33 17 2450
32 17 100
32 17 2450
31 17 100
31 17 2450
30 17 100
30 17 2450
29 17 100
29 17 2450
28 17 100
28 17 2450
27 17 100
27 17 2450
27 17 1225
26 17 100
26 17 2450
26 17 1225
25 17 100
25 17 2450
25 17 1225
24 17 100
24 17 2450
24 17 1225
23 17 100
23 17 2450
23 17 1225
23 18 100
23 18 2450
23 18 1225
23 19 100
23 19 2450
23 19 1225
23 19 612
23 20 100
23 20 2450
23 20 1225
23 20 612
23 21 100
23 21 2450
23 21 1225
23 21 612
23 22 100
23 22 2450
23 22 1225
23 22 612
23 23 100
23 23 2450
23 23 1225
23 23 612
23 24 100
23 24 2450
23 24 1225
23 24 612
23 25 100
23 25 2450
23 25 1225
23 25 612
23 26 100
23 26 2450
23 26 1225
23 26 612
23 27 100
23 27 2450
23 27 1225
23 27 612
23 28 100
23 28 2450
23 28 1225
23 28 612
23 28 306
23 29 100
23 29 2450
23 29 1225
23 29 612
23 29 306
23 30 100
23 30 2450
23 30 1225
23 30 612
23 30 306
23 31 100
23 31 2450
23 31 1225
23 31 612
23 31 306
23 32 100
23 32 2450
23 32 1225
23 32 612
23 32 306
23 33 100
23 33 2450
23 33 1225
23 33 612
23 33 306
23 34 100
23 34 2450
23 34 1225
23 34 612
23 34 306
23 35 100
23 35 2450
23 35 1225
23 35 612
23 36 100
23 36 2450
23 36 1225
23 36 612
23 37 100
23 37 2450
23 37 1225
23 37 612
23 38 100
23 38 2450
23 38 1225
23 38 612
23 39 100
23 39 2450
23 39 1225
23 39 612
23 40 100
23 40 2450
23 40 1225
23 40 612
23 41 100
23 41 2450
23 41 1225
23 41 612
23 41 306
23 42 100
23 42 2450
23 42 1225
23 42 612
23 42 306
23 43 100
23 43 2450
23 43 1225
23 43 612
23 43 306
23 44 100
23 44 2450
23 44 1225
23 44 612
23 44 306
23 45 100
23 45 2450
23 45 1225
23 45 612
23 45 306
23 46 100
23 46 2450
23 46 1225
23 46 612
23 47 100
23 47 2450
23 47 1225
23 47 612
23 48 100
23 48 2450
23 48 1225
23 48 612
23 49 100
23 49 2450
23 49 1225
23 50 100
23 50 2450
23 50 1225
23 51 100
23 51 2450
23 51 1225
23 52 100
23 52 2450
23 52 1225
23 53 100
23 53 2450
23 53 1225
23 54 100
23 54 2450
23 55 100
23 55 2450
23 56 100
23 56 2450
23 57 100
23 57 2450
23 58 100
23 58 2450
23 59 100
23 59 2450
23 60 100
23 60 2450
23 61 100
23 61 2450
23 62 100
23 62 2450
23 63 100
23 63 2450
23 64 100
23 64 2450
23 65 100
23 65 2450
23 66 100
23 66 2450
23 67 100
23 67 2450
23 68 100
23 68 2450
23 69 100
23 69 2450
23 70 100
23 70 2450
23 71 100
23 71 2450
23 72 100
23 72 2450
23 73 100
23 73 2450
23 74 100
23 74 2450
23 75 100
23 75 2450
23 76 100
23 76 2450
23 77 100
23 77 2450
23 78 100
23 78 2450
23 79 100
23 79 2450
23 80 100
23 80 2450
23 81 100
23 81 2450
23 82 100
23 82 2450
23 83 100
23 84 100
23 85 100
23 86 100
23 87 100
23 88 100
23 89 100
23 90 100
23 91 100
23 92 100
23 93 100
23 94 100
23 95 100
23 96 100
23 97 100
23 98 100
23 99 100
23 100 100
23 101 100
23 102 100
23 103 100
23 104 100
23 105 100
23 106 100
23 107 100
23 108 100
23 109 100
23 110 100
23 111 100
23 112 100
23 113 100
23 114 100
23 115 100
23 116 100
23 117 100
23 118 100
23 119 100
23 120 100
23 121 100
23 121 2450
23 122 100
23 122 2450
23 123 100
23 123 2450
23 124 100
23 124 2450
23 125 100
23 125 2450
23 126 100
23 126 2450
23 127 100
23 127 2450
23 128 100
23 128 2450
23 129 100
23 129 2450
23 130 100
23 130 2450
23 131 100
23 131 2450
23 132 100
23 132 2450
23 133 100
23 133 2450
23 134 100
23 134 2450
23 135 100
23 135 2450
23 136 100
23 136 2450
23 137 100
23 137 2450
23 138 100
23 138 2450
23 139 100
23 139 2450
23 140 100
23 140 2450
23 141 100
23 141 2450
23 142 100
23 142 2450
23 143 100
23 143 2450
23 144 100
23 144 2450
23 145 100
23 145 2450
23 146 100
23 146 2450
23 147 100
23 147 2450
23 148 100
23 148 2450
23 149 100
23 149 2450
23 150 100
23 150 2450
23 151 100
23 151 2450
23 152 100
23 152 2450
23 153 100
23 153 2450
23 154 100
23 154 2450
23 155 100
23 155 2450
23 156 100
23 156 2450
23 157 100
23 157 2450
23 158 100
23 158 2450
23 159 100
23 159 2450
23 160 100
23 160 2450
23 161 100
23 161 2450
23 162 100
23 162 2450
23 163 100
23 163 2450
23 164 100
23 164 2450
23 165 100
23 165 2450
23 166 100
23 166 2450
23 167 100
23 167 2450
23 168 100
23 168 2450
23 169 100
23 169 2450
23 170 100
23 170 2450
23 171 100
23 171 2450
23 172 100
23 172 2450
23 173 100
23 173 2450
23 174 100
23 174 2450
23 175 100
23 175 2450
23 176 100
23 176 2450
23 177 100
23 177 2450
23 178 100
23 178 2450
23 179 100
23 180 100
23 181 100
23 182 100
23 183 100
23 184 100
23 185 100
23 186 100
23 187 100
23 188 100
23 189 100
23 190 100
23 191 100
23 192 100
23 193 100
23 194 100
23 195 100
23 196 100
110 94 100
110 94 2450
109 94 100
109 94 2450
108 94 100
108 94 2450
107 94 100
107 94 2450
106 94 100
106 94 2450
105 94 100
105 94 2450
104 94 100
104 94 2450
103 94 100
103 94 2450
102 94 100
102 94 2450
101 94 100
101 94 2450
100 94 100
100 94 2450
99 94 100
99 94 2450
98 94 100
98 94 2450
97 94 100
97 94 2450
96 94 100
96 94 2450
95 94 100
95 94 2450
94 94 100
94 94 2450
93 94 100
93 94 2450
92 94 100
92 94 2450
91 94 100
91 94 2450
90 94 100
90 94 2450
89 94 100
89 94 2450
88 94 100
88 94 2450
87 94 100
87 94 2450
86 94 100
86 94 2450
85 94 100
85 94 2450
84 94 100
84 94 2450
83 94 100
83 94 2450
82 94 100
82 94 2450
81 94 100
81 94 2450
80 94 100
80 94 2450
79 94 100
79 94 2450
78 94 100
78 94 2450
77 94 100
77 94 2450
76 94 100
76 94 2450
75 94 100
75 94 2450
74 94 100
74 94 2450
73 94 100
73 94 2450
72 94 100
72 94 2450
71 94 100
71 94 2450
70 94 100
69 94 100
68 94 100
67 94 100
66 94 100
65 94 100
64 94 100
63 94 100
62 94 100
61 94 100
60 94 100
59 94 100
58 94 100
57 94 100
56 94 100
55 94 100
54 94 100
53 94 100
52 94 100
51 94 100
50 94 100
49 94 100
48 94 100
47 94 100
46 94 100
45 94 100
44 94 100
43 94 100
42 94 100
41 94 100
40 94 100
39 94 100
38 94 100
37 94 100
36 94 100
35 94 100
34 94 100
33 94 100
32 94 100
31 94 100
30 94 100
29 94 100
28 94 100
27 94 100
26 94 100
25 94 100
24 94 100
75 189 100
74 189 100
73 189 100
72 189 100
71 189 100
70 189 100
69 189 100
68 189 100
67 189 100
66 189 100
65 189 100
64 189 100
63 189 100
62 189 100
61 189 100
60 189 100
59 189 100
59 189 2450
58 189 100
58 189 2450
57 189 100
57 189 2450
56 189 100
56 189 2450
55 189 100
55 189 2450
54 189 100
54 189 2450
53 189 100
53 189 2450
52 189 100
52 189 2450
51 189 100
51 189 2450
50 189 100
50 189 2450
49 189 100
49 189 2450
48 189 100
48 189 2450
47 189 100
47 189 2450
46 189 100
46 189 2450
45 189 100
45 189 2450
44 189 100
44 189 2450
43 189 100
43 189 2450
42 189 100
42 189 2450
41 189 100
41 189 2450
40 189 100
40 189 2450
39 189 100
39 189 2450
38 189 100
37 189 100
36 189 100
35 189 100
34 189 100
33 189 100
32 189 100
31 189 100
30 189 100
29 189 100
28 189 100
27 189 100
26 189 100
25 189 100
24 189 100
74 47 100
73 47 100
72 47 100
71 47 100
70 47 100
69 47 100
68 47 100
67 47 100
66 47 100
65 47 100
64 47 100
63 47 100
62 47 100
61 47 100
60 47 100
59 47 100
58 47 100
57 47 100
56 47 100
55 47 100
54 47 100
53 47 100
53 47 2450
52 47 100
52 47 2450
51 47 100
51 47 2450
50 47 100
50 47 2450
49 47 100
49 47 2450
48 47 100
48 47 2450
47 47 100
47 47 2450
46 47 100
46 47 2450
45 47 100
45 47 2450
44 47 100
44 47 2450
43 47 100
43 47 2450
42 47 100
42 47 2450
41 47 100
41 47 2450
40 47 100
40 47 2450
39 47 100
39 47 2450
38 47 100
38 47 2450
37 47 100
37 47 2450
36 47 100
36 47 2450
35 47 100
35 47 2450
34 47 100
34 47 2450
33 47 100
33 47 2450
33 47 1225
32 47 100
32 47 2450
32 47 1225
31 47 100
31 47 2450
31 47 1225
30 47 100
30 47 2450
30 47 1225
29 47 100
29 47 2450
29 47 1225
28 47 100
28 47 2450
28 47 1225
27 47 100
27 47 2450
27 47 1225
26 47 100
26 47 2450
26 47 1225
25 47 100
25 47 2450
25 47 1225
25 47 612
24 47 100
24 47 2450
24 47 1225
24 47 612
10 129 100
10 129 2450
11 129 100
11 129 2450
12 129 100
12 129 2450
13 129 100
13 129 2450
14 129 100
14 129 2450
15 129 100
15 129 2450
16 129 100
16 129 2450
17 129 100
17 129 2450
18 129 100
18 129 2450
19 129 100
19 129 2450
20 129 100
20 129 2450
21 129 100
21 129 2450
22 129 100
22 129 2450
33 92 100
32 92 100
31 92 100
30 92 100
29 92 100
28 92 100
27 92 100
26 92 100
25 92 100
24 92 100
171 39 100
170 39 100
169 39 100
168 39 100
167 39 100
166 39 100
165 39 100
164 39 100
163 39 100
162 39 100
161 39 100
160 39 100
159 39 100
158 39 100
158 39 2450
157 39 100
157 39 2450
156 39 100
156 39 2450
155 39 100
155 39 2450
154 39 100
154 39 2450
153 39 100
153 39 2450
152 39 100
152 39 2450
151 39 100
151 39 2450
150 39 100
150 39 2450
149 39 100
149 39 2450
148 39 100
148 39 2450
147 39 100
147 39 2450
146 39 100
146 39 2450
145 39 100
145 39 2450
144 39 100
144 39 2450
143 39 100
143 39 2450
142 39 100
142 39 2450
141 39 100
141 39 2450
140 39 100
140 39 2450
139 39 100
139 39 2450
138 39 100
138 39 2450
137 39 100
137 39 2450
136 39 100
136 39 2450
135 39 100
135 39 2450
134 39 100
134 39 2450
133 39 100
133 39 2450
132 39 100
132 39 2450
131 39 100
131 39 2450
130 39 100
130 39 2450
129 39 100
129 39 2450
128 39 100
128 39 2450
127 39 100
127 39 2450
126 39 100
126 39 2450
125 39 100
125 39 2450
124 39 100
124 39 2450
123 39 100
123 39 2450
122 39 100
122 39 2450
121 39 100
121 39 2450
120 39 100
120 39 2450
119 39 100
119 39 2450
118 39 100
118 39 2450
117 39 100
117 39 2450
116 39 100
116 39 2450
115 39 100
115 39 2450
114 39 100
114 39 2450
113 39 100
113 39 2450
112 39 100
112 39 2450
111 39 100
111 39 2450
110 39 100
110 39 2450
109 39 100
109 39 2450
108 39 100
108 39 2450
107 39 100
106 39 100
105 39 100
104 39 100
103 39 100
102 39 100
101 39 100
100 39 100
99 39 100
98 39 100
97 39 100
96 39 100
95 39 100
94 39 100
93 39 100
92 39 100
91 39 100
90 39 100
89 39 100
88 39 100
87 39 100
86 39 100
85 39 100
84 39 100
83 39 100
82 39 100
81 39 100
80 39 100
79 39 100
78 39 100
77 39 100
76 39 100
75 39 100
74 39 100
73 39 100
72 39 100
71 39 100
70 39 100
69 39 100
68 39 100
67 39 100
66 39 100
65 39 100
64 39 100
63 39 100
62 39 100
61 39 100
60 39 100
59 39 100
58 39 100
57 39 100
57 39 2450
56 39 100
56 39 2450
55 39 100
55 39 2450
54 39 100
54 39 2450
53 39 100
53 39 2450
52 39 100
52 39 2450
51 39 100
51 39 2450
50 39 100
50 39 2450
49 39 100
49 39 2450
48 39 100
48 39 2450
47 39 100
47 39 2450
46 39 100
46 39 2450
45 39 100
45 39 2450
44 39 100
44 39 2450
43 39 100
43 39 2450
42 39 100
42 39 2450
41 39 100
41 39 2450
40 39 100
40 39 2450
39 39 100
39 39 2450
38 39 100
38 39 2450
37 39 100
37 39 2450
37 39 1225
36 39 100
36 39 2450
36 39 1225
35 39 100
35 39 2450
35 39 1225
34 39 100
34 39 2450
34 39 1225
33 39 100
33 39 2450
33 39 1225
32 39 100
32 39 2450
32 39 1225
32 39 612
31 39 100
31 39 2450
31 39 1225
31 39 612
30 39 100
30 39 2450
30 39 1225
30 39 612
29 39 100
29 39 2450
29 39 1225
29 39 612
28 39 100
28 39 2450
28 39 1225
28 39 612
28 39 306
27 39 100
27 39 2450
27 39 1225
27 39 612
26 39 100
26 39 2450
26 39 1225
26 39 612
25 39 100
25 39 2450
25 39 1225
25 39 612
24 39 100
24 39 2450
24 39 1225
24 39 612
