29 177 100
30 177 100
31 177 100
32 177 100
33 177 100
34 177 100
35 177 100
36 177 100
37 177 100
38 177 100
39 177 100
40 177 100
41 177 100
42 177 100
43 177 100
44 177 100
45 177 100
46 177 100
47 177 100
47 177 2450
48 177 100
48 177 2450
49 177 100
49 177 2450
50 177 100
50 177 2450
51 177 100
51 177 2450
52 177 100
52 177 2450
53 177 100
53 177 2450
54 177 100
54 177 2450
55 177 100
55 177 2450
56 177 100
56 177 2450
57 177 100
57 177 2450
58 177 100
58 177 2450
59 177 100
59 177 2450
59 177 1225
60 177 100
60 177 2450
60 177 1225
61 177 100
61 177 2450
61 177 1225
62 177 100
62 177 2450
62 177 1225
62 177 612
63 177 100
63 177 2450
63 177 1225
63 177 612
64 177 100
64 177 2450
64 177 1225
64 177 612
64 177 306
65 177 100
65 177 2450
65 177 1225
65 177 612
65 177 306
66 177 100
66 177 2450
66 177 1225
66 177 612
66 177 306
66 177 153
67 177 100
67 177 2450
67 177 1225
67 177 612
67 177 306
68 177 100
68 177 2450
68 177 1225
68 177 612
68 177 306
69 177 100
69 177 2450
69 177 1225
69 177 612
70 177 100
70 177 2450
70 177 1225
71 177 100
71 177 2450
71 177 1225
72 177 100
72 177 2450
72 177 1225
73 177 100
73 177 2450
74 177 100
74 177 2450
75 177 100
75 177 2450
76 177 100
76 177 2450
77 177 100
77 177 2450
78 177 100
78 177 2450
79 177 100
79 177 2450
80 177 100
80 177 2450
81 177 100
81 177 2450
82 177 100
82 177 2450
83 177 100
83 177 2450
84 177 100
85 177 100
86 177 100
87 177 100
88 177 100
89 177 100
90 177 100
91 177 100
92 177 100
93 177 100
94 177 100
95 177 100
96 177 100
97 177 100
98 177 100
99 177 100
100 177 100
101 177 100
102 177 100
103 177 100
104 177 100
105 177 100
106 177 100
107 177 100
108 177 100
109 177 100
109 177 2450
110 177 100
110 177 2450
111 177 100
111 177 2450
112 177 100
112 177 2450
113 177 100
113 177 2450
114 177 100
114 177 2450
115 177 100
115 177 2450
116 177 100
116 177 2450
117 177 100
117 177 2450
117 177 1225
118 177 100
118 177 2450
118 177 1225
119 177 100
119 177 2450
119 177 1225
120 177 100
120 177 2450
120 177 1225
121 177 100
121 177 2450
121 177 1225
122 177 100
122 177 2450
122 177 1225
123 177 100
123 177 2450
123 177 1225
124 177 100
124 177 2450
124 177 1225
125 177 100
125 177 2450
125 177 1225
126 177 100
126 177 2450
126 177 1225
127 177 100
127 177 2450
128 177 100
128 177 2450
129 177 100
129 177 2450
130 177 100
130 177 2450
131 177 100
131 177 2450
132 177 100
132 177 2450
133 177 100
133 177 2450
133 176 100
133 176 2450
133 175 100
133 175 2450
133 174 100
133 174 2450
133 173 100
133 173 2450
133 172 100
133 172 2450
133 171 100
133 171 2450
133 171 1225
133 170 100
133 170 2450
133 170 1225
133 169 100
133 169 2450
133 169 1225
133 168 100
133 168 2450
133 168 1225
133 167 100
133 167 2450
133 167 1225
133 166 100
133 166 2450
133 166 1225
133 165 100
133 165 2450
133 165 1225
133 164 100
133 164 2450
133 164 1225
133 163 100
133 163 2450
133 162 100
133 162 2450
133 161 100
133 161 2450
133 160 100
133 160 2450
133 159 100
133 159 2450
133 158 100
133 158 2450
133 157 100
133 157 2450
133 156 100
133 156 2450
133 155 100
133 155 2450
133 154 100
133 153 100
133 152 100
133 151 100
133 150 100
133 149 100
133 148 100
133 147 100
133 146 100
133 145 100
133 144 100
133 143 100
133 142 100
133 141 100
133 140 100
133 139 100
133 138 100
133 137 100
133 136 100
133 135 100
133 134 100
133 133 100
133 132 100
133 131 100
133 130 100
133 129 100
133 128 100
133 127 100
133 127 2450
133 126 100
133 126 2450
133 125 100
133 125 2450
133 124 100
133 124 2450
133 123 100
133 123 2450
133 122 100
133 122 2450
133 121 100
133 121 2450
133 120 100
133 120 2450
133 119 100
133 119 2450
133 118 100
133 118 2450
133 117 100
133 117 2450
133 116 100
133 116 2450
133 116 1225
133 115 100
133 115 2450
133 115 1225
133 114 100
133 114 2450
133 114 1225
133 113 100
133 113 2450
133 113 1225
133 112 100
133 112 2450
133 112 1225
133 111 100
133 111 2450
133 111 1225
133 110 100
133 110 2450
133 110 1225
133 109 100
133 109 2450
133 109 1225
133 108 100
133 108 2450
133 107 100
133 107 2450
133 106 100
133 106 2450
133 105 100
133 105 2450
133 104 100
133 104 2450
133 103 100
133 103 2450
133 102 100
133 102 2450
133 101 100
133 101 2450
133 100 100
133 100 2450
133 99 100
133 98 100
133 97 100
133 96 100
133 95 100
133 94 100
133 93 100
133 92 100
133 91 100
133 90 100
133 89 100
133 88 100
133 87 100
133 87 2450
133 86 100
133 86 2450
133 85 100
133 85 2450
133 84 100
133 84 2450
133 83 100
133 83 2450
133 82 100
133 82 2450
133 81 100
133 81 2450
133 80 100
133 80 2450
133 79 100
133 79 2450
133 78 100
133 78 2450
133 77 100
133 77 2450
133 76 100
133 76 2450
133 75 100
133 75 2450
133 74 100
133 74 2450
133 73 100
133 72 100
133 71 100
133 70 100
133 69 100
133 68 100
133 67 100
133 66 100
133 65 100
133 64 100
133 63 100
25 32 100
26 32 100
27 32 100
28 32 100
29 32 100
30 32 100
31 32 100
32 32 100
33 32 100
34 32 100
35 32 100
36 32 100
37 32 100
37 32 2450
38 32 100
38 32 2450
39 32 100
39 32 2450
40 32 100
40 32 2450
41 32 100
41 32 2450
42 32 100
42 32 2450
43 32 100
43 32 2450
44 32 100
44 32 2450
45 32 100
45 32 2450
46 32 100
46 32 2450
47 32 100
47 32 2450
48 32 100
48 32 2450
49 32 100
49 32 2450
50 32 100
51 32 100
52 32 100
53 32 100
54 32 100
55 32 100
56 32 100
57 32 100
58 32 100
59 32 100
60 32 100
61 32 100
62 32 100
63 32 100
64 32 100
65 32 100
66 32 100
66 32 2450
67 32 100
67 32 2450
68 32 100
68 32 2450
69 32 100
69 32 2450
70 32 100
70 32 2450
71 32 100
71 32 2450
72 32 100
72 32 2450
73 32 100
73 32 2450
74 32 100
74 32 2450
75 32 100
75 32 2450
76 32 100
76 32 2450
77 32 100
77 32 2450
78 32 100
78 32 2450
79 32 100
80 32 100
81 32 100
82 32 100
83 32 100
84 32 100
85 32 100
86 32 100
87 32 100
88 32 100
89 32 100
90 32 100
91 32 100
92 32 100
93 32 100
94 32 100
95 32 100
96 32 100
97 32 100
98 32 100
99 32 100
100 32 100
101 32 100
102 32 100
103 32 100
104 32 100
105 32 100
106 32 100
107 32 100
108 32 100
109 32 100
110 32 100
111 32 100
112 32 100
113 32 100
114 32 100
115 32 100
116 32 100
117 32 100
118 32 100
119 32 100
120 32 100
120 32 2450
121 32 100
121 32 2450
122 32 100
122 32 2450
123 32 100
123 32 2450
124 32 100
124 32 2450
125 32 100
125 32 2450
126 32 100
126 32 2450
127 32 100
127 32 2450
128 32 100
128 32 2450
129 32 100
129 32 2450
130 32 100
130 32 2450
131 32 100
131 32 2450
132 32 100
132 32 2450
133 32 100
133 32 2450
133 33 100
133 33 2450
133 34 100
133 34 2450
133 35 100
133 35 2450
133 36 100
133 36 2450
133 37 100
133 37 2450
133 38 100
133 38 2450
133 39 100
133 39 2450
133 40 100
133 40 2450
133 41 100
133 41 2450
133 42 100
133 42 2450
133 43 100
133 43 2450
133 44 100
133 44 2450
133 45 100
133 46 100
133 47 100
133 48 100
133 49 100
133 50 100
133 51 100
133 52 100
133 53 100
133 54 100
133 55 100
133 56 100
133 57 100
133 58 100
133 59 100
133 60 100
133 61 100
133 62 100
