158 5 100
159 5 100
160 5 100
161 5 100
162 5 100
163 5 100
164 5 100
165 5 100
166 5 100
167 5 100
168 5 100
169 5 100
170 5 100
171 5 100
172 5 100
173 5 100
174 5 100
174 6 100
174 7 100
174 8 100
174 9 100
174 10 100
174 11 100
174 12 100
174 13 100
174 14 100
174 15 100
174 15 2450
174 16 100
174 16 2450
174 17 100
174 17 2450
174 18 100
174 18 2450
174 19 100
174 19 2450
174 20 100
174 20 2450
174 21 100
174 21 2450
174 22 100
174 22 2450
174 23 100
174 23 2450
174 24 100
174 24 2450
174 25 100
174 25 2450
174 26 100
174 26 2450
174 27 100
174 27 2450
174 28 100
174 28 2450
174 29 100
174 29 2450
174 30 100
174 30 2450
174 31 100
174 31 2450
174 32 100
174 32 2450
174 33 100
174 33 2450
174 34 100
174 34 2450
174 35 100
174 35 2450
174 36 100
174 36 2450
174 37 100
174 37 2450
174 37 1225
174 38 100
174 38 2450
174 38 1225
174 39 100
174 39 2450
174 39 1225
174 40 100
174 40 2450
174 40 1225
174 41 100
174 41 2450
174 41 1225
174 42 100
174 42 2450
174 42 1225
174 43 100
174 43 2450
174 43 1225
174 44 100
174 44 2450
174 44 1225
174 45 100
174 45 2450
174 45 1225
174 46 100
174 46 2450
174 46 1225
174 47 100
174 47 2450
174 47 1225
174 47 612
174 48 100
174 48 2450
174 48 1225
174 48 612
174 49 100
174 49 2450
174 49 1225
174 49 612
174 50 100
174 50 2450
174 50 1225
174 51 100
174 51 2450
174 51 1225
174 52 100
174 52 2450
174 52 1225
174 53 100
174 53 2450
174 53 1225
174 54 100
174 54 2450
174 54 1225
174 55 100
174 55 2450
174 55 1225
174 56 100
174 56 2450
174 56 1225
174 57 100
174 57 2450
174 58 100
174 58 2450
174 59 100
174 59 2450
174 60 100
174 60 2450
174 61 100
174 61 2450
174 62 100
174 62 2450
174 63 100
174 63 2450
174 64 100
174 64 2450
174 65 100
174 65 2450
174 66 100
174 66 2450
174 67 100
174 67 2450
174 68 100
174 68 2450
174 69 100
174 69 2450
174 70 100
174 70 2450
174 71 100
174 72 100
174 73 100
174 74 100
174 75 100
174 76 100
174 77 100
174 78 100
174 79 100
174 80 100
174 81 100
174 82 100
174 83 100
174 84 100
174 85 100
174 86 100
174 87 100
174 88 100
174 89 100
174 90 100
174 91 100
174 92 100
174 93 100
174 94 100
174 95 100
174 96 100
174 97 100
174 98 100
174 99 100
174 100 100
174 101 100
174 102 100
174 103 100
174 104 100
174 105 100
174 106 100
174 107 100
174 108 100
174 109 100
84 47 100
84 47 2450
85 47 100
85 47 2450
86 47 100
86 47 2450
87 47 100
87 47 2450
88 47 100
88 47 2450
89 47 100
89 47 2450
90 47 100
90 47 2450
91 47 100
92 47 100
93 47 100
94 47 100
95 47 100
96 47 100
97 47 100
98 47 100
99 47 100
100 47 100
101 47 100
102 47 100
103 47 100
104 47 100
105 47 100
106 47 100
107 47 100
108 47 100
109 47 100
110 47 100
111 47 100
112 47 100
113 47 100
114 47 100
115 47 100
116 47 100
117 47 100
118 47 100
119 47 100
120 47 100
121 47 100
122 47 100
123 47 100
124 47 100
125 47 100
126 47 100
127 47 100
128 47 100
129 47 100
130 47 100
131 47 100
132 47 100
133 47 100
134 47 100
135 47 100
136 47 100
137 47 100
138 47 100
139 47 100
140 47 100
141 47 100
142 47 100
143 47 100
143 47 2450
144 47 100
144 47 2450
145 47 100
145 47 2450
146 47 100
146 47 2450
147 47 100
147 47 2450
148 47 100
148 47 2450
149 47 100
149 47 2450
150 47 100
150 47 2450
151 47 100
151 47 2450
152 47 100
152 47 2450
153 47 100
153 47 2450
154 47 100
154 47 2450
155 47 100
155 47 2450
155 47 1225
156 47 100
156 47 2450
156 47 1225
157 47 100
157 47 2450
157 47 1225
158 47 100
158 47 2450
158 47 1225
159 47 100
159 47 2450
159 47 1225
160 47 100
160 47 2450
160 47 1225
160 47 612
161 47 100
161 47 2450
161 47 1225
161 47 612
162 47 100
162 47 2450
162 47 1225
162 47 612
163 47 100
163 47 2450
163 47 1225
163 47 612
163 47 306
164 47 100
164 47 2450
164 47 1225
164 47 612
164 47 306
165 47 100
165 47 2450
165 47 1225
165 47 612
165 47 306
165 47 153
166 47 100
166 47 2450
166 47 1225
166 47 612
166 47 306
166 47 153
167 47 100
167 47 2450
167 47 1225
167 47 612
167 47 306
167 47 153
168 47 100
168 47 2450
168 47 1225
168 47 612
168 47 306
168 47 153
169 47 100
169 47 2450
169 47 1225
169 47 612
169 47 306
169 47 153
170 47 100
170 47 2450
170 47 1225
170 47 612
170 47 306
171 47 100
171 47 2450
171 47 1225
171 47 612
171 47 306
172 47 100
172 47 2450
172 47 1225
172 47 612
173 47 100
173 47 2450
173 47 1225
173 47 612
143 132 100
144 132 100
145 132 100
146 132 100
147 132 100
148 132 100
149 132 100
150 132 100
151 132 100
152 132 100
153 132 100
154 132 100
155 132 100
156 132 100
157 132 100
158 132 100
159 132 100
160 132 100
161 132 100
162 132 100
163 132 100
164 132 100
165 132 100
166 132 100
167 132 100
168 132 100
169 132 100
170 132 100
171 132 100
171 132 2450
172 132 100
172 132 2450
173 132 100
173 132 2450
174 132 100
174 132 2450
174 131 100
174 131 2450
174 130 100
174 130 2450
174 129 100
174 128 100
174 127 100
174 126 100
174 125 100
174 124 100
174 123 100
174 122 100
174 121 100
174 120 100
174 119 100
174 118 100
174 117 100
174 116 100
174 115 100
174 114 100
174 113 100
174 112 100
174 111 100
174 110 100
34 41 100
35 41 100
36 41 100
37 41 100
38 41 100
39 41 100
40 41 100
41 41 100
42 41 100
43 41 100
44 41 100
45 41 100
46 41 100
47 41 100
48 41 100
49 41 100
50 41 100
51 41 100
52 41 100
53 41 100
54 41 100
55 41 100
56 41 100
57 41 100
58 41 100
59 41 100
60 41 100
61 41 100
62 41 100
63 41 100
64 41 100
65 41 100
66 41 100
67 41 100
68 41 100
69 41 100
70 41 100
71 41 100
72 41 100
72 41 2450
73 41 100
73 41 2450
74 41 100
74 41 2450
75 41 100
75 41 2450
76 41 100
76 41 2450
77 41 100
77 41 2450
78 41 100
78 41 2450
79 41 100
79 41 2450
80 41 100
80 41 2450
81 41 100
81 41 2450
82 41 100
82 41 2450
83 41 100
83 41 2450
84 41 100
84 41 2450
85 41 100
85 41 2450
86 41 100
86 41 2450
87 41 100
87 41 2450
88 41 100
88 41 2450
89 41 100
89 41 2450
90 41 100
90 41 2450
91 41 100
91 41 2450
92 41 100
92 41 2450
93 41 100
93 41 2450
94 41 100
94 41 2450
95 41 100
95 41 2450
96 41 100
96 41 2450
97 41 100
97 41 2450
98 41 100
98 41 2450
99 41 100
99 41 2450
100 41 100
100 41 2450
101 41 100
101 41 2450
102 41 100
102 41 2450
103 41 100
103 41 2450
104 41 100
105 41 100
106 41 100
107 41 100
108 41 100
109 41 100
110 41 100
111 41 100
112 41 100
113 41 100
114 41 100
115 41 100
116 41 100
117 41 100
118 41 100
119 41 100
120 41 100
121 41 100
122 41 100
123 41 100
124 41 100
125 41 100
126 41 100
127 41 100
128 41 100
129 41 100
130 41 100
131 41 100
132 41 100
133 41 100
134 41 100
135 41 100
136 41 100
137 41 100
138 41 100
139 41 100
140 41 100
141 41 100
142 41 100
143 41 100
144 41 100
145 41 100
146 41 100
146 41 2450
147 41 100
147 41 2450
148 41 100
148 41 2450
149 41 100
149 41 2450
150 41 100
150 41 2450
151 41 100
151 41 2450
152 41 100
152 41 2450
153 41 100
153 41 2450
154 41 100
154 41 2450
155 41 100
155 41 2450
156 41 100
156 41 2450
157 41 100
157 41 2450
158 41 100
158 41 2450
159 41 100
159 41 2450
160 41 100
160 41 2450
160 41 1225
161 41 100
161 41 2450
161 41 1225
162 41 100
162 41 2450
162 41 1225
163 41 100
163 41 2450
163 41 1225
164 41 100
164 41 2450
164 41 1225
165 41 100
165 41 2450
165 41 1225
165 41 612
166 41 100
166 41 2450
166 41 1225
166 41 612
167 41 100
167 41 2450
167 41 1225
167 41 612
168 41 100
168 41 2450
168 41 1225
168 41 612
169 41 100
169 41 2450
169 41 1225
169 41 612
170 41 100
170 41 2450
170 41 1225
170 41 612
171 41 100
171 41 2450
171 41 1225
171 41 612
172 41 100
172 41 2450
172 41 1225
172 41 612
173 41 100
173 41 2450
173 41 1225
173 41 612
95 161 100
95 161 2450
96 161 100
96 161 2450
97 161 100
97 161 2450
98 161 100
98 161 2450
99 161 100
99 161 2450
100 161 100
100 161 2450
101 161 100
101 161 2450
102 161 100
102 161 2450
103 161 100
103 161 2450
104 161 100
104 161 2450
105 161 100
105 161 2450
106 161 100
106 161 2450
107 161 100
107 161 2450
108 161 100
108 161 2450
108 161 1225
109 161 100
109 161 2450
109 161 1225
110 161 100
110 161 2450
110 161 1225
111 161 100
111 161 2450
111 161 1225
112 161 100
112 161 2450
112 161 1225
113 161 100
113 161 2450
113 161 1225
114 161 100
114 161 2450
114 161 1225
115 161 100
115 161 2450
115 161 1225
116 161 100
116 161 2450
117 161 100
117 161 2450
118 161 100
118 161 2450
119 161 100
119 161 2450
120 161 100
120 161 2450
121 161 100
121 161 2450
122 161 100
122 161 2450
123 161 100
123 161 2450
124 161 100
124 161 2450
125 161 100
125 161 2450
126 161 100
126 161 2450
127 161 100
127 161 2450
128 161 100
128 161 2450
129 161 100
129 161 2450
130 161 100
130 161 2450
131 161 100
131 161 2450
132 161 100
132 161 2450
133 161 100
133 161 2450
134 161 100
134 161 2450
135 161 100
135 161 2450
136 161 100
136 161 2450
137 161 100
137 161 2450
138 161 100
138 161 2450
139 161 100
139 161 2450
140 161 100
140 161 2450
141 161 100
141 161 2450
142 161 100
142 161 2450
143 161 100
143 161 2450
144 161 100
144 161 2450
145 161 100
145 161 2450
146 161 100
146 161 2450
147 161 100
147 161 2450
148 161 100
148 161 2450
149 161 100
149 161 2450
150 161 100
150 161 2450
151 161 100
151 161 2450
152 161 100
152 161 2450
153 161 100
153 161 2450
154 161 100
154 161 2450
155 161 100
155 161 2450
156 161 100
156 161 2450
157 161 100
157 161 2450
158 161 100
158 161 2450
159 161 100
159 161 2450
160 161 100
160 161 2450
161 161 100
161 161 2450
162 161 100
162 161 2450
163 161 100
163 161 2450
164 161 100
164 161 2450
165 161 100
165 161 2450
166 161 100
166 161 2450
167 161 100
167 161 2450
168 161 100
168 161 2450
169 161 100
169 161 2450
170 161 100
170 161 2450
171 161 100
171 161 2450
172 161 100
172 161 2450
173 161 100
173 161 2450
174 161 100
174 161 2450
174 160 100
174 160 2450
174 159 100
174 159 2450
174 158 100
174 158 2450
174 157 100
174 157 2450
174 157 1225
174 156 100
174 156 2450
174 156 1225
174 155 100
174 155 2450
174 155 1225
174 154 100
174 154 2450
174 154 1225
174 153 100
174 153 2450
174 153 1225
174 152 100
174 152 2450
174 152 1225
174 151 100
174 151 2450
174 151 1225
174 150 100
174 150 2450
174 150 1225
174 149 100
174 149 2450
174 149 1225
174 148 100
174 148 2450
174 148 1225
174 147 100
174 147 2450
174 147 1225
174 146 100
174 146 2450
174 146 1225
174 145 100
174 145 2450
174 145 1225
174 144 100
174 144 2450
174 144 1225
174 143 100
174 143 2450
174 142 100
174 142 2450
174 141 100
174 141 2450
174 140 100
174 140 2450
174 139 100
174 139 2450
174 138 100
174 138 2450
174 137 100
174 137 2450
174 136 100
174 136 2450
174 135 100
174 135 2450
174 134 100
174 134 2450
174 133 100
174 133 2450
10 172 100
11 172 100
12 172 100
13 172 100
14 172 100
15 172 100
16 172 100
17 172 100
18 172 100
19 172 100
20 172 100
21 172 100
22 172 100
23 172 100
24 172 100
25 172 100
26 172 100
27 172 100
28 172 100
29 172 100
30 172 100
31 172 100
31 172 2450
32 172 100
32 172 2450
33 172 100
33 172 2450
34 172 100
34 172 2450
35 172 100
35 172 2450
36 172 100
36 172 2450
37 172 100
37 172 2450
38 172 100
38 172 2450
39 172 100
39 172 2450
40 172 100
40 172 2450
41 172 100
41 172 2450
42 172 100
42 172 2450
43 172 100
43 172 2450
44 172 100
44 172 2450
45 172 100
45 172 2450
46 172 100
46 172 2450
47 172 100
47 172 2450
48 172 100
48 172 2450
49 172 100
49 172 2450
50 172 100
50 172 2450
51 172 100
51 172 2450
52 172 100
52 172 2450
53 172 100
53 172 2450
54 172 100
54 172 2450
55 172 100
55 172 2450
56 172 100
56 172 2450
57 172 100
57 172 2450
58 172 100
58 172 2450
59 172 100
59 172 2450
60 172 100
60 172 2450
61 172 100
61 172 2450
62 172 100
62 172 2450
63 172 100
63 172 2450
64 172 100
64 172 2450
65 172 100
65 172 2450
66 172 100
66 172 2450
67 172 100
67 172 2450
68 172 100
68 172 2450
69 172 100
69 172 2450
70 172 100
70 172 2450
71 172 100
71 172 2450
72 172 100
72 172 2450
73 172 100
73 172 2450
74 172 100
74 172 2450
75 172 100
75 172 2450
76 172 100
76 172 2450
77 172 100
77 172 2450
78 172 100
78 172 2450
79 172 100
79 172 2450
80 172 100
80 172 2450
81 172 100
81 172 2450
82 172 100
82 172 2450
83 172 100
83 172 2450
84 172 100
84 172 2450
85 172 100
86 172 100
87 172 100
88 172 100
89 172 100
90 172 100
91 172 100
92 172 100
93 172 100
94 172 100
95 172 100
95 172 2450
96 172 100
96 172 2450
97 172 100
97 172 2450
98 172 100
98 172 2450
99 172 100
99 172 2450
100 172 100
100 172 2450
101 172 100
101 172 2450
102 172 100
102 172 2450
103 172 100
103 172 2450
104 172 100
104 172 2450
105 172 100
105 172 2450
106 172 100
106 172 2450
107 172 100
107 172 2450
108 172 100
108 172 2450
109 172 100
109 172 2450
110 172 100
110 172 2450
111 172 100
111 172 2450
112 172 100
112 172 2450
113 172 100
113 172 2450
114 172 100
114 172 2450
115 172 100
115 172 2450
116 172 100
116 172 2450
117 172 100
117 172 2450
118 172 100
118 172 2450
119 172 100
119 172 2450
120 172 100
120 172 2450
121 172 100
121 172 2450
122 172 100
122 172 2450
123 172 100
123 172 2450
124 172 100
124 172 2450
125 172 100
125 172 2450
126 172 100
126 172 2450
127 172 100
127 172 2450
128 172 100
128 172 2450
129 172 100
129 172 2450
130 172 100
130 172 2450
131 172 100
131 172 2450
132 172 100
132 172 2450
133 172 100
133 172 2450
134 172 100
134 172 2450
135 172 100
135 172 2450
136 172 100
136 172 2450
137 172 100
137 172 2450
138 172 100
138 172 2450
139 172 100
139 172 2450
140 172 100
140 172 2450
141 172 100
141 172 2450
142 172 100
142 172 2450
143 172 100
143 172 2450
144 172 100
144 172 2450
145 172 100
145 172 2450
146 172 100
146 172 2450
147 172 100
147 172 2450
148 172 100
148 172 2450
149 172 100
149 172 2450
150 172 100
150 172 2450
151 172 100
151 172 2450
152 172 100
152 172 2450
153 172 100
153 172 2450
154 172 100
154 172 2450
155 172 100
155 172 2450
156 172 100
157 172 100
158 172 100
159 172 100
160 172 100
161 172 100
162 172 100
163 172 100
164 172 100
165 172 100
166 172 100
167 172 100
168 172 100
169 172 100
170 172 100
170 172 2450
171 172 100
171 172 2450
172 172 100
172 172 2450
173 172 100
173 172 2450
174 172 100
174 172 2450
174 171 100
174 171 2450
174 170 100
174 170 2450
174 169 100
174 169 2450
174 168 100
174 168 2450
174 167 100
174 167 2450
174 166 100
174 166 2450
174 165 100
174 165 2450
174 164 100
174 164 2450
174 163 100
174 163 2450
174 162 100
174 162 2450
197 93 100
196 93 100
195 93 100
194 93 100
193 93 100
192 93 100
191 93 100
190 93 100
189 93 100
188 93 100
187 93 100
186 93 100
185 93 100
184 93 100
183 93 100
182 93 100
181 93 100
180 93 100
179 93 100
178 93 100
177 93 100
176 93 100
175 93 100
168 178 100
169 178 100
170 178 100
171 178 100
172 178 100
173 178 100
174 178 100
174 177 100
174 176 100
174 175 100
174 174 100
174 174 2450
174 173 100
174 173 2450
10 91 100
11 91 100
12 91 100
13 91 100
14 91 100
14 91 2450
15 91 100
15 91 2450
16 91 100
16 91 2450
17 91 100
17 91 2450
18 91 100
18 91 2450
19 91 100
19 91 2450
20 91 100
20 91 2450
21 91 100
21 91 2450
22 91 100
22 91 2450
23 91 100
23 91 2450
24 91 100
24 91 2450
25 91 100
25 91 2450
26 91 100
26 91 2450
27 91 100
27 91 2450
27 91 1225
28 91 100
28 91 2450
28 91 1225
29 91 100
29 91 2450
29 91 1225
30 91 100
30 91 2450
30 91 1225
31 91 100
31 91 2450
31 91 1225
32 91 100
32 91 2450
32 91 1225
33 91 100
33 91 2450
33 91 1225
34 91 100
34 91 2450
34 91 1225
35 91 100
35 91 2450
35 91 1225
36 91 100
36 91 2450
36 91 1225
37 91 100
37 91 2450
37 91 1225
38 91 100
38 91 2450
38 91 1225
39 91 100
39 91 2450
39 91 1225
40 91 100
40 91 2450
40 91 1225
41 91 100
41 91 2450
42 91 100
42 91 2450
43 91 100
43 91 2450
44 91 100
44 91 2450
45 91 100
45 91 2450
46 91 100
46 91 2450
47 91 100
47 91 2450
48 91 100
48 91 2450
49 91 100
49 91 2450
50 91 100
50 91 2450
51 91 100
51 91 2450
52 91 100
52 91 2450
53 91 100
53 91 2450
54 91 100
54 91 2450
55 91 100
55 91 2450
56 91 100
56 91 2450
57 91 100
57 91 2450
58 91 100
58 91 2450
59 91 100
59 91 2450
60 91 100
60 91 2450
60 91 1225
61 91 100
61 91 2450
61 91 1225
62 91 100
62 91 2450
62 91 1225
63 91 100
63 91 2450
63 91 1225
64 91 100
64 91 2450
64 91 1225
64 91 612
65 91 100
65 91 2450
65 91 1225
65 91 612
66 91 100
66 91 2450
66 91 1225
66 91 612
67 91 100
67 91 2450
67 91 1225
67 91 612
68 91 100
68 91 2450
68 91 1225
68 91 612
69 91 100
69 91 2450
69 91 1225
69 91 612
70 91 100
70 91 2450
70 91 1225
70 91 612
71 91 100
71 91 2450
71 91 1225
71 91 612
72 91 100
72 91 2450
72 91 1225
72 91 612
73 91 100
73 91 2450
73 91 1225
73 91 612
74 91 100
74 91 2450
74 91 1225
74 91 612
75 91 100
75 91 2450
75 91 1225
76 91 100
76 91 2450
76 91 1225
77 91 100
77 91 2450
77 91 1225
78 91 100
78 91 2450
78 91 1225
79 91 100
79 91 2450
79 91 1225
80 91 100
80 91 2450
81 91 100
81 91 2450
82 91 100
82 91 2450
83 91 100
83 91 2450
84 91 100
84 91 2450
85 91 100
85 91 2450
86 91 100
86 91 2450
87 91 100
87 91 2450
88 91 100
88 91 2450
89 91 100
89 91 2450
90 91 100
90 91 2450
91 91 100
91 91 2450
92 91 100
92 91 2450
93 91 100
93 91 2450
94 91 100
94 91 2450
95 91 100
95 91 2450
96 91 100
96 91 2450
97 91 100
97 91 2450
98 91 100
98 91 2450
99 91 100
99 91 2450
100 91 100
100 91 2450
101 91 100
101 91 2450
102 91 100
102 91 2450
103 91 100
103 91 2450
104 91 100
104 91 2450
105 91 100
105 91 2450
106 91 100
106 91 2450
107 91 100
107 91 2450
108 91 100
108 91 2450
109 91 100
109 91 2450
110 91 100
110 91 2450
111 91 100
111 91 2450
112 91 100
112 91 2450
113 91 100
113 91 2450
114 91 100
114 91 2450
115 91 100
115 91 2450
116 91 100
117 91 100
118 91 100
119 91 100
120 91 100
121 91 100
122 91 100
123 91 100
124 91 100
125 91 100
126 91 100
127 91 100
128 91 100
129 91 100
130 91 100
131 91 100
132 91 100
132 91 2450
133 91 100
133 91 2450
134 91 100
134 91 2450
135 91 100
135 91 2450
136 91 100
136 91 2450
137 91 100
137 91 2450
138 91 100
138 91 2450
139 91 100
139 91 2450
140 91 100
140 91 2450
141 91 100
141 91 2450
142 91 100
142 91 2450
143 91 100
143 91 2450
144 91 100
144 91 2450
145 91 100
145 91 2450
146 91 100
146 91 2450
147 91 100
147 91 2450
148 91 100
148 91 2450
149 91 100
149 91 2450
150 91 100
150 91 2450
151 91 100
151 91 2450
152 91 100
152 91 2450
153 91 100
153 91 2450
154 91 100
154 91 2450
155 91 100
155 91 2450
156 91 100
156 91 2450
157 91 100
157 91 2450
158 91 100
158 91 2450
159 91 100
159 91 2450
160 91 100
160 91 2450
161 91 100
161 91 2450
162 91 100
162 91 2450
163 91 100
163 91 2450
164 91 100
164 91 2450
165 91 100
165 91 2450
166 91 100
166 91 2450
167 91 100
168 91 100
169 91 100
170 91 100
171 91 100
172 91 100
173 91 100
