39 38 100
40 38 100
41 38 100
42 38 100
43 38 100
44 38 100
45 38 100
46 38 100
47 38 100
48 38 100
49 38 100
50 38 100
51 38 100
52 38 100
53 38 100
54 38 100
55 38 100
55 38 2450
56 38 100
56 38 2450
57 38 100
57 38 2450
58 38 100
58 38 2450
59 38 100
59 38 2450
60 38 100
60 38 2450
61 38 100
61 38 2450
62 38 100
62 38 2450
63 38 100
63 38 2450
63 38 1225
64 38 100
64 38 2450
64 38 1225
65 38 100
65 38 2450
65 38 1225
66 38 100
66 38 2450
67 38 100
67 38 2450
68 38 100
68 38 2450
69 38 100
69 38 2450
70 38 100
70 38 2450
71 38 100
71 38 2450
72 38 100
72 38 2450
73 38 100
73 38 2450
74 38 100
74 38 2450
75 38 100
75 38 2450
76 38 100
76 38 2450
77 38 100
78 38 100
79 38 100
80 38 100
81 38 100
82 38 100
83 38 100
84 38 100
85 38 100
86 38 100
87 38 100
88 38 100
89 38 100
90 38 100
91 38 100
92 38 100
93 38 100
94 38 100
95 38 100
96 38 100
97 38 100
98 38 100
99 38 100
100 38 100
101 38 100
102 38 100
103 38 100
104 38 100
105 38 100
106 38 100
107 38 100
108 38 100
109 38 100
110 38 100
111 38 100
112 38 100
113 38 100
114 38 100
115 38 100
116 38 100
117 38 100
118 38 100
119 38 100
120 38 100
121 38 100
122 38 100
123 38 100
124 38 100
125 38 100
126 38 100
127 38 100
128 38 100
129 38 100
130 38 100
131 38 100
131 38 2450
132 38 100
133 38 100
134 38 100
135 38 100
136 38 100
137 38 100
138 38 100
139 38 100
140 38 100
141 38 100
142 38 100
143 38 100
144 38 100
145 38 100
146 38 100
147 38 100
148 38 100
148 38 2450
149 38 100
149 38 2450
150 38 100
150 38 2450
151 38 100
151 38 2450
152 38 100
152 38 2450
153 38 100
153 38 2450
154 38 100
154 38 2450
155 38 100
155 38 2450
156 38 100
156 38 2450
157 38 100
157 38 2450
158 38 100
158 38 2450
159 38 100
159 38 2450
160 38 100
160 38 2450
161 38 100
161 38 2450
161 38 1225
162 38 100
162 38 2450
162 38 1225
163 38 100
163 38 2450
163 38 1225
164 38 100
164 38 2450
164 38 1225
165 38 100
165 38 2450
165 38 1225
166 38 100
166 38 2450
166 38 1225
167 38 100
167 38 2450
167 38 1225
168 38 100
168 38 2450
168 38 1225
169 38 100
169 38 2450
169 38 1225
170 38 100
170 38 2450
171 38 100
171 38 2450
172 38 100
172 38 2450
173 38 100
173 38 2450
174 38 100
174 38 2450
175 38 100
175 38 2450
176 38 100
176 38 2450
177 38 100
177 38 2450
178 38 100
178 38 2450
179 38 100
179 38 2450
180 38 100
180 38 2450
181 38 100
181 38 2450
182 38 100
182 38 2450
183 38 100
183 38 2450
184 38 100
184 38 2450
185 38 100
185 38 2450
186 38 100
186 38 2450
186 39 100
186 39 2450
186 40 100
186 40 2450
186 41 100
186 41 2450
186 42 100
186 42 2450
186 43 100
186 43 2450
186 44 100
186 44 2450
186 45 100
186 45 2450
186 46 100
186 46 2450
186 47 100
186 47 2450
186 48 100
186 48 2450
186 49 100
186 49 2450
186 50 100
186 50 2450
186 51 100
186 51 2450
186 52 100
186 52 2450
186 53 100
186 53 2450
186 54 100
186 54 2450
186 55 100
186 56 100
186 57 100
186 58 100
186 59 100
186 60 100
186 61 100
186 62 100
186 63 100
186 64 100
186 65 100
186 66 100
186 67 100
186 68 100
186 69 100
186 70 100
186 71 100
186 72 100
186 73 100
186 74 100
186 75 100
186 76 100
186 77 100
186 78 100
186 79 100
186 80 100
186 81 100
186 82 100
186 83 100
186 84 100
186 85 100
186 86 100
186 87 100
186 88 100
186 89 100
54 168 100
54 168 2450
55 168 100
55 168 2450
56 168 100
56 168 2450
57 168 100
57 168 2450
58 168 100
58 168 2450
59 168 100
59 168 2450
60 168 100
60 168 2450
61 168 100
61 168 2450
62 168 100
62 168 2450
63 168 100
63 168 2450
64 168 100
64 168 2450
64 168 1225
65 168 100
65 168 2450
65 168 1225
66 168 100
66 168 2450
66 168 1225
67 168 100
67 168 2450
68 168 100
68 168 2450
69 168 100
69 168 2450
70 168 100
70 168 2450
71 168 100
71 168 2450
72 168 100
72 168 2450
73 168 100
73 168 2450
74 168 100
74 168 2450
75 168 100
75 168 2450
76 168 100
76 168 2450
77 168 100
77 168 2450
78 168 100
78 168 2450
79 168 100
79 168 2450
80 168 100
80 168 2450
81 168 100
81 168 2450
82 168 100
82 168 2450
83 168 100
83 168 2450
84 168 100
84 168 2450
85 168 100
85 168 2450
86 168 100
86 168 2450
87 168 100
87 168 2450
88 168 100
88 168 2450
89 168 100
89 168 2450
90 168 100
90 168 2450
91 168 100
91 168 2450
92 168 100
92 168 2450
93 168 100
93 168 2450
94 168 100
94 168 2450
95 168 100
95 168 2450
96 168 100
96 168 2450
97 168 100
97 168 2450
98 168 100
98 168 2450
99 168 100
99 168 2450
100 168 100
100 168 2450
101 168 100
101 168 2450
102 168 100
102 168 2450
103 168 100
103 168 2450
104 168 100
104 168 2450
105 168 100
105 168 2450
106 168 100
106 168 2450
107 168 100
107 168 2450
108 168 100
108 168 2450
109 168 100
109 168 2450
110 168 100
110 168 2450
111 168 100
111 168 2450
112 168 100
112 168 2450
113 168 100
113 168 2450
114 168 100
114 168 2450
115 168 100
115 168 2450
116 168 100
116 168 2450
117 168 100
117 168 2450
118 168 100
119 168 100
120 168 100
121 168 100
122 168 100
123 168 100
124 168 100
125 168 100
126 168 100
127 168 100
128 168 100
129 168 100
130 168 100
131 168 100
132 168 100
133 168 100
134 168 100
135 168 100
136 168 100
137 168 100
138 168 100
139 168 100
139 168 2450
140 168 100
140 168 2450
141 168 100
141 168 2450
142 168 100
142 168 2450
143 168 100
143 168 2450
144 168 100
144 168 2450
145 168 100
145 168 2450
146 168 100
146 168 2450
147 168 100
147 168 2450
148 168 100
148 168 2450
149 168 100
149 168 2450
150 168 100
150 168 2450
151 168 100
151 168 2450
152 168 100
152 168 2450
153 168 100
153 168 2450
154 168 100
154 168 2450
155 168 100
155 168 2450
156 168 100
157 168 100
158 168 100
159 168 100
160 168 100
161 168 100
162 168 100
163 168 100
164 168 100
165 168 100
166 168 100
167 168 100
168 168 100
169 168 100
170 168 100
171 168 100
172 168 100
173 168 100
174 168 100
175 168 100
176 168 100
177 168 100
178 168 100
179 168 100
180 168 100
181 168 100
182 168 100
183 168 100
184 168 100
185 168 100
186 168 100
186 168 2450
186 167 100
186 167 2450
186 166 100
186 166 2450
186 165 100
186 165 2450
186 164 100
186 164 2450
186 163 100
186 163 2450
186 162 100
186 162 2450
186 161 100
186 161 2450
186 160 100
186 160 2450
186 159 100
186 159 2450
186 158 100
186 158 2450
186 157 100
186 157 2450
186 157 1225
186 156 100
186 156 2450
186 156 1225
186 155 100
186 155 2450
186 155 1225
186 154 100
186 154 2450
186 154 1225
186 153 100
186 153 2450
186 153 1225
186 152 100
186 152 2450
186 152 1225
186 151 100
186 151 2450
186 150 100
186 150 2450
186 149 100
186 149 2450
186 148 100
186 148 2450
186 147 100
186 147 2450
186 146 100
186 146 2450
186 145 100
186 145 2450
186 144 100
186 144 2450
186 143 100
186 142 100
186 141 100
186 140 100
186 139 100
186 138 100
186 137 100
186 136 100
186 135 100
186 134 100
186 134 2450
186 133 100
186 133 2450
186 132 100
186 132 2450
186 131 100
186 131 2450
186 130 100
186 130 2450
186 129 100
186 129 2450
186 128 100
186 128 2450
186 127 100
186 127 2450
186 126 100
186 126 2450
186 125 100
186 125 2450
186 124 100
186 124 2450
186 123 100
186 123 2450
186 122 100
186 122 2450
186 121 100
186 121 2450
186 120 100
186 120 2450
186 119 100
186 119 2450
186 118 100
186 117 100
186 116 100
186 115 100
186 114 100
186 113 100
186 112 100
186 111 100
186 110 100
186 109 100
186 108 100
186 107 100
186 106 100
186 105 100
186 104 100
186 103 100
186 102 100
186 101 100
186 100 100
186 99 100
186 98 100
186 97 100
186 96 100
186 95 100
186 94 100
186 93 100
186 92 100
186 91 100
186 90 100
