120 52 100
121 52 100
122 52 100
123 52 100
124 52 100
125 52 100
126 52 100
127 52 100
128 52 100
129 52 100
130 52 100
131 52 100
132 52 100
133 52 100
134 52 100
135 52 100
136 52 100
137 52 100
138 52 100
139 52 100
140 52 100
141 52 100
142 52 100
143 52 100
144 52 100
145 52 100
146 52 100
147 52 100
148 52 100
149 52 100
150 52 100
151 52 100
152 52 100
153 52 100
154 52 100
155 52 100
156 52 100
157 52 100
158 52 100
159 52 100
160 52 100
160 53 100
160 54 100
160 55 100
160 56 100
160 57 100
160 58 100
160 59 100
160 60 100
160 61 100
160 62 100
160 63 100
160 64 100
160 65 100
160 66 100
160 67 100
160 68 100
160 69 100
160 70 100
160 71 100
160 72 100
160 73 100
160 74 100
160 75 100
160 76 100
160 76 2450
160 77 100
160 77 2450
160 78 100
160 78 2450
160 79 100
160 79 2450
160 80 100
160 80 2450
160 81 100
160 81 2450
160 82 100
160 82 2450
160 83 100
160 83 2450
160 84 100
160 84 2450
160 85 100
160 86 100
160 87 100
160 88 100
160 89 100
160 90 100
160 91 100
160 92 100
160 93 100
160 94 100
160 95 100
160 96 100
160 96 2450
160 97 100
160 97 2450
160 98 100
160 98 2450
160 99 100
160 99 2450
160 100 100
160 100 2450
160 101 100
160 101 2450
160 102 100
160 102 2450
160 103 100
160 103 2450
160 104 100
160 104 2450
160 105 100
160 105 2450
160 106 100
160 106 2450
160 107 100
160 107 2450
160 108 100
160 108 2450
160 109 100
160 109 2450
160 110 100
160 110 2450
160 111 100
160 111 2450
160 112 100
160 112 2450
160 113 100
160 113 2450
160 114 100
160 114 2450
160 115 100
160 115 2450
160 116 100
160 116 2450
160 117 100
160 117 2450
160 118 100
160 118 2450
160 119 100
160 119 2450
160 120 100
160 120 2450
160 121 100
160 121 2450
160 122 100
160 123 100
160 124 100
160 125 100
160 126 100
160 127 100
160 128 100
160 129 100
160 130 100
160 131 100
160 132 100
160 133 100
160 134 100
160 135 100
160 136 100
160 137 100
160 138 100
160 139 100
160 140 100
160 141 100
160 142 100
160 143 100
160 144 100
160 145 100
22 42 100
23 42 100
24 42 100
25 42 100
26 42 100
27 42 100
28 42 100
29 42 100
30 42 100
31 42 100
32 42 100
33 42 100
34 42 100
35 42 100
36 42 100
37 42 100
38 42 100
39 42 100
40 42 100
41 42 100
42 42 100
43 42 100
44 42 100
45 42 100
46 42 100
47 42 100
48 42 100
49 42 100
50 42 100
51 42 100
52 42 100
53 42 100
54 42 100
55 42 100
56 42 100
57 42 100
58 42 100
59 42 100
60 42 100
60 42 2450
61 42 100
61 42 2450
62 42 100
62 42 2450
63 42 100
63 42 2450
64 42 100
64 42 2450
65 42 100
65 42 2450
66 42 100
66 42 2450
67 42 100
67 42 2450
68 42 100
68 42 2450
69 42 100
69 42 2450
70 42 100
70 42 2450
71 42 100
71 42 2450
72 42 100
72 42 2450
72 42 1225
73 42 100
73 42 2450
73 42 1225
74 42 100
74 42 2450
74 42 1225
75 42 100
75 42 2450
75 42 1225
76 42 100
76 42 2450
76 42 1225
77 42 100
77 42 2450
77 42 1225
78 42 100
78 42 2450
78 42 1225
79 42 100
79 42 2450
80 42 100
80 42 2450
81 42 100
81 42 2450
82 42 100
82 42 2450
83 42 100
83 42 2450
84 42 100
84 42 2450
85 42 100
85 42 2450
86 42 100
86 42 2450
87 42 100
88 42 100
89 42 100
90 42 100
91 42 100
92 42 100
93 42 100
94 42 100
95 42 100
96 42 100
96 42 2450
97 42 100
97 42 2450
98 42 100
98 42 2450
99 42 100
99 42 2450
100 42 100
100 42 2450
101 42 100
101 42 2450
102 42 100
102 42 2450
103 42 100
103 42 2450
104 42 100
104 42 2450
105 42 100
105 42 2450
106 42 100
106 42 2450
107 42 100
107 42 2450
108 42 100
108 42 2450
109 42 100
109 42 2450
110 42 100
110 42 2450
111 42 100
111 42 2450
112 42 100
112 42 2450
113 42 100
113 42 2450
114 42 100
114 42 2450
115 42 100
115 42 2450
116 42 100
116 42 2450
117 42 100
118 42 100
119 42 100
120 42 100
121 42 100
122 42 100
123 42 100
124 42 100
125 42 100
126 42 100
127 42 100
128 42 100
129 42 100
130 42 100
131 42 100
132 42 100
133 42 100
134 42 100
135 42 100
136 42 100
137 42 100
138 42 100
139 42 100
140 42 100
141 42 100
142 42 100
143 42 100
144 42 100
145 42 100
146 42 100
147 42 100
148 42 100
149 42 100
150 42 100
151 42 100
152 42 100
153 42 100
154 42 100
155 42 100
156 42 100
157 42 100
158 42 100
159 42 100
160 42 100
160 43 100
160 44 100
160 45 100
160 46 100
160 47 100
160 48 100
160 49 100
160 50 100
160 51 100
87 152 100
88 152 100
89 152 100
90 152 100
91 152 100
92 152 100
93 152 100
94 152 100
95 152 100
96 152 100
97 152 100
97 152 2450
98 152 100
98 152 2450
99 152 100
99 152 2450
100 152 100
100 152 2450
101 152 100
101 152 2450
102 152 100
102 152 2450
103 152 100
103 152 2450
104 152 100
104 152 2450
105 152 100
105 152 2450
106 152 100
106 152 2450
107 152 100
107 152 2450
108 152 100
108 152 2450
109 152 100
109 152 2450
110 152 100
110 152 2450
110 152 1225
111 152 100
111 152 2450
111 152 1225
112 152 100
112 152 2450
112 152 1225
113 152 100
113 152 2450
113 152 1225
114 152 100
114 152 2450
114 152 1225
115 152 100
115 152 2450
115 152 1225
116 152 100
116 152 2450
116 152 1225
117 152 100
117 152 2450
117 152 1225
118 152 100
118 152 2450
118 152 1225
119 152 100
119 152 2450
119 152 1225
120 152 100
120 152 2450
120 152 1225
121 152 100
121 152 2450
121 152 1225
122 152 100
122 152 2450
122 152 1225
123 152 100
123 152 2450
123 152 1225
124 152 100
124 152 2450
125 152 100
125 152 2450
126 152 100
126 152 2450
127 152 100
127 152 2450
128 152 100
128 152 2450
129 152 100
129 152 2450
130 152 100
130 152 2450
131 152 100
131 152 2450
132 152 100
132 152 2450
133 152 100
133 152 2450
134 152 100
134 152 2450
135 152 100
135 152 2450
136 152 100
136 152 2450
137 152 100
138 152 100
139 152 100
140 152 100
141 152 100
142 152 100
143 152 100
144 152 100
145 152 100
145 152 2450
146 152 100
146 152 2450
147 152 100
147 152 2450
148 152 100
148 152 2450
149 152 100
149 152 2450
150 152 100
150 152 2450
151 152 100
151 152 2450
152 152 100
152 152 2450
153 152 100
153 152 2450
154 152 100
154 152 2450
155 152 100
156 152 100
157 152 100
158 152 100
159 152 100
160 152 100
160 151 100
160 150 100
160 149 100
160 148 100
160 147 100
160 146 100
0 23 100
1 23 100
2 23 100
3 23 100
4 23 100
5 23 100
6 23 100
7 23 100
8 23 100
9 23 100
10 23 100
11 23 100
12 23 100
13 23 100
14 23 100
15 23 100
16 23 100
17 23 100
18 23 100
19 23 100
20 23 100
21 23 100
22 23 100
23 23 100
24 23 100
25 23 100
26 23 100
27 23 100
28 23 100
29 23 100
30 23 100
31 23 100
32 23 100
32 23 2450
33 23 100
33 23 2450
34 23 100
34 23 2450
35 23 100
35 23 2450
36 23 100
36 23 2450
37 23 100
37 23 2450
38 23 100
38 23 2450
39 23 100
39 23 2450
40 23 100
40 23 2450
41 23 100
41 23 2450
42 23 100
42 23 2450
43 23 100
43 23 2450
44 23 100
44 23 2450
45 23 100
45 23 2450
46 23 100
46 23 2450
47 23 100
47 23 2450
48 23 100
48 23 2450
49 23 100
49 23 2450
50 23 100
50 23 2450
51 23 100
51 23 2450
52 23 100
52 23 2450
53 23 100
53 23 2450
54 23 100
54 23 2450
55 23 100
56 23 100
57 23 100
58 23 100
59 23 100
60 23 100
61 23 100
62 23 100
63 23 100
64 23 100
65 23 100
66 23 100
67 23 100
68 23 100
69 23 100
70 23 100
71 23 100
72 23 100
73 23 100
74 23 100
75 23 100
76 23 100
77 23 100
78 23 100
79 23 100
80 23 100
81 23 100
82 23 100
83 23 100
84 23 100
85 23 100
86 23 100
87 23 100
88 23 100
89 23 100
90 23 100
91 23 100
92 23 100
93 23 100
94 23 100
95 23 100
96 23 100
97 23 100
98 23 100
99 23 100
100 23 100
101 23 100
102 23 100
103 23 100
104 23 100
105 23 100
106 23 100
107 23 100
108 23 100
109 23 100
110 23 100
110 23 2450
111 23 100
111 23 2450
112 23 100
112 23 2450
113 23 100
113 23 2450
114 23 100
114 23 2450
115 23 100
115 23 2450
116 23 100
116 23 2450
117 23 100
117 23 2450
118 23 100
118 23 2450
119 23 100
119 23 2450
120 23 100
120 23 2450
121 23 100
121 23 2450
122 23 100
122 23 2450
123 23 100
123 23 2450
124 23 100
124 23 2450
125 23 100
125 23 2450
126 23 100
126 23 2450
127 23 100
127 23 2450
128 23 100
128 23 2450
129 23 100
129 23 2450
130 23 100
130 23 2450
131 23 100
131 23 2450
132 23 100
132 23 2450
133 23 100
133 23 2450
134 23 100
134 23 2450
135 23 100
135 23 2450
136 23 100
136 23 2450
136 23 1225
137 23 100
137 23 2450
137 23 1225
138 23 100
138 23 2450
138 23 1225
139 23 100
139 23 2450
139 23 1225
140 23 100
140 23 2450
140 23 1225
141 23 100
141 23 2450
141 23 1225
142 23 100
142 23 2450
142 23 1225
142 23 612
143 23 100
143 23 2450
143 23 1225
143 23 612
144 23 100
144 23 2450
144 23 1225
144 23 612
145 23 100
145 23 2450
145 23 1225
145 23 612
146 23 100
146 23 2450
146 23 1225
146 23 612
147 23 100
147 23 2450
147 23 1225
147 23 612
148 23 100
148 23 2450
148 23 1225
148 23 612
149 23 100
149 23 2450
149 23 1225
149 23 612
150 23 100
150 23 2450
150 23 1225
150 23 612
151 23 100
151 23 2450
151 23 1225
151 23 612
152 23 100
152 23 2450
152 23 1225
153 23 100
153 23 2450
153 23 1225
154 23 100
154 23 2450
154 23 1225
155 23 100
155 23 2450
155 23 1225
156 23 100
156 23 2450
156 23 1225
157 23 100
157 23 2450
157 23 1225
158 23 100
158 23 2450
158 23 1225
159 23 100
159 23 2450
159 23 1225
160 23 100
160 23 2450
160 23 1225
160 24 100
160 24 2450
160 24 1225
160 25 100
160 25 2450
160 25 1225
160 26 100
160 26 2450
160 27 100
160 27 2450
160 28 100
160 28 2450
160 29 100
160 29 2450
160 30 100
160 30 2450
160 31 100
160 31 2450
160 32 100
160 32 2450
160 33 100
160 33 2450
160 34 100
160 34 2450
160 35 100
160 35 2450
160 36 100
160 36 2450
160 37 100
160 38 100
160 39 100
160 40 100
160 41 100
29 88 100
30 88 100
31 88 100
32 88 100
33 88 100
34 88 100
35 88 100
36 88 100
37 88 100
38 88 100
39 88 100
40 88 100
41 88 100
42 88 100
42 88 2450
43 88 100
43 88 2450
44 88 100
44 88 2450
45 88 100
45 88 2450
46 88 100
46 88 2450
47 88 100
47 88 2450
48 88 100
48 88 2450
49 88 100
49 88 2450
50 88 100
51 88 100
52 88 100
53 88 100
53 88 2450
54 88 100
54 88 2450
55 88 100
55 88 2450
56 88 100
56 88 2450
57 88 100
57 88 2450
58 88 100
58 88 2450
59 88 100
60 88 100
61 88 100
62 88 100
63 88 100
64 88 100
65 88 100
66 88 100
67 88 100
67 88 2450
68 88 100
68 88 2450
69 88 100
69 88 2450
70 88 100
70 88 2450
71 88 100
71 88 2450
72 88 100
72 88 2450
73 88 100
73 88 2450
74 88 100
74 88 2450
75 88 100
75 88 2450
76 88 100
76 88 2450
77 88 100
77 88 2450
78 88 100
78 88 2450
79 88 100
79 88 2450
80 88 100
80 88 2450
81 88 100
81 88 2450
82 88 100
82 88 2450
83 88 100
83 88 2450
84 88 100
84 88 2450
85 88 100
85 88 2450
86 88 100
86 88 2450
87 88 100
87 88 2450
88 88 100
88 88 2450
89 88 100
89 88 2450
90 88 100
90 88 2450
91 88 100
91 88 2450
92 88 100
92 88 2450
93 88 100
93 88 2450
94 88 100
94 88 2450
95 88 100
95 88 2450
96 88 100
96 88 2450
97 88 100
97 88 2450
98 88 100
98 88 2450
99 88 100
99 88 2450
100 88 100
100 88 2450
101 88 100
101 88 2450
102 88 100
102 88 2450
103 88 100
103 88 2450
104 88 100
104 88 2450
105 88 100
105 88 2450
106 88 100
106 88 2450
107 88 100
107 88 2450
107 88 1225
108 88 100
108 88 2450
108 88 1225
109 88 100
109 88 2450
109 88 1225
110 88 100
110 88 2450
110 88 1225
110 88 612
111 88 100
111 88 2450
111 88 1225
111 88 612
112 88 100
112 88 2450
112 88 1225
112 88 612
112 88 306
113 88 100
113 88 2450
113 88 1225
113 88 612
113 88 306
114 88 100
114 88 2450
114 88 1225
114 88 612
114 88 306
115 88 100
115 88 2450
115 88 1225
115 88 612
115 88 306
116 88 100
116 88 2450
116 88 1225
116 88 612
117 88 100
117 88 2450
117 88 1225
117 88 612
118 88 100
118 88 2450
118 88 1225
118 88 612
119 88 100
119 88 2450
119 88 1225
119 88 612
120 88 100
120 88 2450
120 88 1225
120 88 612
121 88 100
121 88 2450
121 88 1225
121 88 612
122 88 100
122 88 2450
122 88 1225
122 88 612
123 88 100
123 88 2450
123 88 1225
124 88 100
124 88 2450
124 88 1225
125 88 100
125 88 2450
125 88 1225
126 88 100
126 88 2450
127 88 100
127 88 2450
128 88 100
128 88 2450
129 88 100
129 88 2450
130 88 100
130 88 2450
131 88 100
131 88 2450
132 88 100
132 88 2450
133 88 100
133 88 2450
134 88 100
134 88 2450
135 88 100
135 88 2450
136 88 100
136 88 2450
137 88 100
137 88 2450
138 88 100
138 88 2450
139 88 100
139 88 2450
140 88 100
140 88 2450
141 88 100
141 88 2450
142 88 100
142 88 2450
143 88 100
143 88 2450
144 88 100
144 88 2450
145 88 100
145 88 2450
146 88 100
146 88 2450
147 88 100
147 88 2450
148 88 100
148 88 2450
149 88 100
149 88 2450
150 88 100
150 88 2450
151 88 100
151 88 2450
152 88 100
152 88 2450
153 88 100
153 88 2450
154 88 100
154 88 2450
155 88 100
155 88 2450
156 88 100
157 88 100
158 88 100
159 88 100
189 86 100
188 86 100
187 86 100
186 86 100
185 86 100
184 86 100
183 86 100
182 86 100
181 86 100
180 86 100
179 86 100
178 86 100
177 86 100
176 86 100
175 86 100
174 86 100
173 86 100
172 86 100
171 86 100
170 86 100
169 86 100
168 86 100
167 86 100
166 86 100
165 86 100
164 86 100
163 86 100
162 86 100
161 86 100
157 0 100
158 0 100
159 0 100
160 0 100
160 1 100
160 2 100
160 3 100
160 4 100
160 4 2450
160 5 100
160 5 2450
160 6 100
160 6 2450
160 7 100
160 7 2450
160 8 100
160 8 2450
160 9 100
160 9 2450
160 10 100
160 10 2450
160 11 100
160 11 2450
160 12 100
160 12 2450
160 13 100
160 13 2450
160 14 100
160 14 2450
160 15 100
160 15 2450
160 16 100
160 16 2450
160 17 100
160 17 2450
160 17 1225
160 18 100
160 18 2450
160 18 1225
160 19 100
160 19 2450
160 19 1225
160 20 100
160 20 2450
160 20 1225
160 21 100
160 21 2450
160 21 1225
160 22 100
160 22 2450
160 22 1225
50 139 100
51 139 100
52 139 100
53 139 100
54 139 100
55 139 100
56 139 100
56 139 2450
57 139 100
57 139 2450
58 139 100
58 139 2450
59 139 100
59 139 2450
60 139 100
60 139 2450
61 139 100
61 139 2450
62 139 100
62 139 2450
63 139 100
63 139 2450
64 139 100
64 139 2450
65 139 100
65 139 2450
66 139 100
66 139 2450
67 139 100
67 139 2450
68 139 100
68 139 2450
69 139 100
69 139 2450
70 139 100
70 139 2450
71 139 100
71 139 2450
72 139 100
73 139 100
74 139 100
75 139 100
76 139 100
77 139 100
78 139 100
79 139 100
80 139 100
81 139 100
82 139 100
83 139 100
84 139 100
85 139 100
86 139 100
87 139 100
88 139 100
89 139 100
90 139 100
91 139 100
92 139 100
92 139 2450
93 139 100
93 139 2450
94 139 100
94 139 2450
95 139 100
95 139 2450
96 139 100
96 139 2450
97 139 100
97 139 2450
98 139 100
98 139 2450
99 139 100
99 139 2450
100 139 100
100 139 2450
101 139 100
101 139 2450
102 139 100
102 139 2450
102 139 1225
103 139 100
103 139 2450
103 139 1225
104 139 100
104 139 2450
104 139 1225
105 139 100
105 139 2450
105 139 1225
106 139 100
106 139 2450
106 139 1225
106 139 612
107 139 100
107 139 2450
107 139 1225
107 139 612
108 139 100
108 139 2450
108 139 1225
108 139 612
109 139 100
109 139 2450
109 139 1225
109 139 612
110 139 100
110 139 2450
110 139 1225
110 139 612
110 139 306
111 139 100
111 139 2450
111 139 1225
111 139 612
112 139 100
112 139 2450
112 139 1225
112 139 612
113 139 100
113 139 2450
113 139 1225
113 139 612
114 139 100
114 139 2450
114 139 1225
115 139 100
115 139 2450
115 139 1225
116 139 100
116 139 2450
117 139 100
117 139 2450
118 139 100
118 139 2450
119 139 100
119 139 2450
120 139 100
120 139 2450
121 139 100
121 139 2450
122 139 100
122 139 2450
123 139 100
123 139 2450
124 139 100
124 139 2450
125 139 100
126 139 100
127 139 100
128 139 100
129 139 100
130 139 100
131 139 100
132 139 100
133 139 100
134 139 100
135 139 100
136 139 100
137 139 100
138 139 100
139 139 100
140 139 100
141 139 100
142 139 100
143 139 100
144 139 100
145 139 100
146 139 100
147 139 100
148 139 100
149 139 100
150 139 100
151 139 100
152 139 100
153 139 100
154 139 100
155 139 100
156 139 100
157 139 100
158 139 100
159 139 100
