63 158 100
62 158 100
61 158 100
60 158 100
59 158 100
58 158 100
57 158 100
56 158 100
55 158 100
54 158 100
53 158 100
52 158 100
51 158 100
50 158 100
49 158 100
48 158 100
47 158 100
46 158 100
45 158 100
44 158 100
43 158 100
42 158 100
41 158 100
40 158 100
39 158 100
38 158 100
37 158 100
36 158 100
35 158 100
34 158 100
34 158 2450
33 158 100
33 158 2450
32 158 100
32 158 2450
31 158 100
31 158 2450
30 158 100
30 158 2450
29 158 100
29 158 2450
28 158 100
28 158 2450
27 158 100
27 158 2450
26 158 100
26 158 2450
25 158 100
25 158 2450
24 158 100
24 158 2450
23 158 100
23 158 2450
22 158 100
22 158 2450
21 158 100
21 158 2450
20 158 100
20 158 2450
19 158 100
19 158 2450
18 158 100
18 158 2450
17 158 100
17 158 2450
16 158 100
16 158 2450
15 158 100
15 158 2450
14 158 100
14 158 2450
13 158 100
13 158 2450
12 158 100
12 158 2450
11 158 100
11 158 2450
10 158 100
10 158 2450
9 158 100
9 158 2450
8 158 100
8 158 2450
7 158 100
7 158 2450
7 157 100
7 157 2450
7 156 100
7 156 2450
7 155 100
7 155 2450
7 154 100
7 154 2450
7 153 100
7 153 2450
7 152 100
7 152 2450
7 151 100
7 151 2450
7 150 100
7 150 2450
7 149 100
7 149 2450
7 148 100
7 148 2450
7 147 100
7 147 2450
7 146 100
7 146 2450
7 145 100
7 145 2450
7 144 100
7 144 2450
7 143 100
7 143 2450
7 142 100
7 142 2450
7 141 100
7 141 2450
7 140 100
7 140 2450
7 139 100
7 139 2450
7 138 100
7 138 2450
7 137 100
7 137 2450
7 136 100
7 136 2450
7 135 100
7 134 100
7 133 100
7 132 100
7 131 100
7 130 100
7 129 100
7 128 100
7 127 100
7 126 100
7 125 100
7 124 100
7 123 100
7 122 100
7 121 100
7 120 100
7 119 100
7 118 100
7 117 100
7 116 100
7 115 100
7 114 100
7 113 100
7 112 100
7 111 100
7 110 100
7 109 100
7 108 100
7 107 100
7 106 100
7 105 100
7 104 100
7 103 100
7 102 100
7 101 100
7 100 100
7 99 100
7 98 100
7 97 100
7 96 100
7 95 100
7 95 2450
7 94 100
7 94 2450
7 93 100
7 93 2450
7 92 100
7 92 2450
7 91 100
7 91 2450
7 90 100
7 90 2450
7 89 100
7 89 2450
7 88 100
7 88 2450
7 87 100
7 87 2450
7 86 100
7 86 2450
7 85 100
7 85 2450
7 84 100
7 84 2450
7 83 100
7 83 2450
7 82 100
7 82 2450
7 81 100
7 81 2450
7 80 100
7 80 2450
7 79 100
7 79 2450
7 78 100
7 78 2450
7 77 100
7 77 2450
7 76 100
7 76 2450
7 75 100
7 75 2450
7 74 100
7 74 2450
7 73 100
7 73 2450
7 72 100
7 72 2450
7 71 100
7 71 2450
7 70 100
7 70 2450
7 69 100
7 69 2450
7 68 100
7 68 2450
7 67 100
7 67 2450
7 66 100
7 66 2450
7 65 100
7 65 2450
7 64 100
7 64 2450
7 63 100
7 63 2450
7 62 100
7 62 2450
7 61 100
7 61 2450
7 60 100
7 60 2450
7 59 100
7 59 2450
7 58 100
7 58 2450
7 57 100
7 57 2450
7 56 100
7 56 2450
7 55 100
7 55 2450
7 54 100
7 54 2450
7 53 100
7 53 2450
7 52 100
7 52 2450
7 51 100
7 51 2450
7 50 100
7 50 2450
7 49 100
7 49 2450
7 48 100
7 48 2450
7 47 100
7 47 2450
7 46 100
7 46 2450
7 45 100
7 45 2450
7 44 100
7 44 2450
7 43 100
7 43 2450
7 42 100
7 42 2450
7 41 100
7 41 2450
7 40 100
7 40 2450
7 39 100
7 39 2450
7 38 100
7 38 2450
7 37 100
7 37 2450
7 36 100
7 36 2450
7 35 100
7 35 2450
7 34 100
7 34 2450
7 33 100
7 33 2450
7 32 100
7 32 2450
7 31 100
7 31 2450
7 30 100
7 30 2450
7 29 100
7 29 2450
7 28 100
7 27 100
7 26 100
7 25 100
7 24 100
7 23 100
7 22 100
7 21 100
7 20 100
7 19 100
7 18 100
7 17 100
7 16 100
7 15 100
7 14 100
7 13 100
7 12 100
7 11 100
7 10 100
7 9 100
7 8 100
7 7 100
7 6 100
7 5 100
7 4 100
7 3 100
7 2 100
120 34 100
119 34 100
118 34 100
117 34 100
116 34 100
115 34 100
115 34 2450
114 34 100
114 34 2450
113 34 100
113 34 2450
112 34 100
112 34 2450
111 34 100
111 34 2450
110 34 100
110 34 2450
109 34 100
109 34 2450
108 34 100
108 34 2450
107 34 100
107 34 2450
106 34 100
106 34 2450
105 34 100
105 34 2450
104 34 100
104 34 2450
103 34 100
103 34 2450
102 34 100
102 34 2450
101 34 100
101 34 2450
100 34 100
100 34 2450
99 34 100
99 34 2450
98 34 100
98 34 2450
97 34 100
97 34 2450
96 34 100
96 34 2450
95 34 100
95 34 2450
94 34 100
94 34 2450
93 34 100
93 34 2450
92 34 100
92 34 2450
91 34 100
91 34 2450
90 34 100
90 34 2450
89 34 100
89 34 2450
88 34 100
88 34 2450
87 34 100
87 34 2450
86 34 100
86 34 2450
85 34 100
85 34 2450
84 34 100
84 34 2450
83 34 100
82 34 100
81 34 100
80 34 100
79 34 100
78 34 100
77 34 100
76 34 100
75 34 100
74 34 100
73 34 100
72 34 100
71 34 100
70 34 100
69 34 100
68 34 100
67 34 100
66 34 100
65 34 100
64 34 100
63 34 100
63 34 2450
62 34 100
62 34 2450
61 34 100
61 34 2450
60 34 100
60 34 2450
59 34 100
59 34 2450
58 34 100
58 34 2450
57 34 100
57 34 2450
56 34 100
56 34 2450
55 34 100
55 34 2450
54 34 100
54 34 2450
53 34 100
53 34 2450
52 34 100
52 34 2450
51 34 100
51 34 2450
50 34 100
50 34 2450
49 34 100
49 34 2450
48 34 100
48 34 2450
47 34 100
47 34 2450
46 34 100
46 34 2450
45 34 100
45 34 2450
44 34 100
44 34 2450
43 34 100
43 34 2450
42 34 100
42 34 2450
41 34 100
41 34 2450
40 34 100
40 34 2450
39 34 100
39 34 2450
38 34 100
38 34 2450
37 34 100
37 34 2450
36 34 100
36 34 2450
35 34 100
35 34 2450
34 34 100
34 34 2450
33 34 100
33 34 2450
32 34 100
32 34 2450
31 34 100
31 34 2450
30 34 100
30 34 2450
29 34 100
29 34 2450
28 34 100
28 34 2450
27 34 100
27 34 2450
26 34 100
26 34 2450
25 34 100
25 34 2450
24 34 100
24 34 2450
23 34 100
23 34 2450
22 34 100
22 34 2450
21 34 100
21 34 2450
20 34 100
20 34 2450
19 34 100
19 34 2450
18 34 100
18 34 2450
17 34 100
17 34 2450
16 34 100
16 34 2450
15 34 100
15 34 2450
14 34 100
14 34 2450
13 34 100
13 34 2450
12 34 100
12 34 2450
11 34 100
11 34 2450
10 34 100
10 34 2450
9 34 100
9 34 2450
8 34 100
8 34 2450
168 195 100
167 195 100
166 195 100
165 195 100
164 195 100
163 195 100
162 195 100
161 195 100
160 195 100
159 195 100
158 195 100
157 195 100
156 195 100
155 195 100
154 195 100
153 195 100
153 195 2450
152 195 100
152 195 2450
151 195 100
151 195 2450
150 195 100
150 195 2450
149 195 100
149 195 2450
148 195 100
148 195 2450
147 195 100
147 195 2450
146 195 100
146 195 2450
145 195 100
145 195 2450
144 195 100
144 195 2450
143 195 100
143 195 2450
142 195 100
142 195 2450
141 195 100
141 195 2450
140 195 100
140 195 2450
139 195 100
139 195 2450
138 195 100
138 195 2450
137 195 100
137 195 2450
136 195 100
136 195 2450
135 195 100
135 195 2450
134 195 100
134 195 2450
133 195 100
133 195 2450
132 195 100
132 195 2450
131 195 100
131 195 2450
130 195 100
130 195 2450
129 195 100
129 195 2450
128 195 100
128 195 2450
127 195 100
127 195 2450
126 195 100
126 195 2450
125 195 100
125 195 2450
124 195 100
124 195 2450
123 195 100
123 195 2450
122 195 100
122 195 2450
121 195 100
121 195 2450
120 195 100
120 195 2450
119 195 100
119 195 2450
118 195 100
118 195 2450
117 195 100
117 195 2450
116 195 100
116 195 2450
115 195 100
115 195 2450
114 195 100
114 195 2450
113 195 100
113 195 2450
112 195 100
112 195 2450
111 195 100
111 195 2450
110 195 100
110 195 2450
109 195 100
109 195 2450
108 195 100
108 195 2450
107 195 100
107 195 2450
106 195 100
106 195 2450
105 195 100
105 195 2450
104 195 100
104 195 2450
103 195 100
103 195 2450
102 195 100
102 195 2450
101 195 100
101 195 2450
100 195 100
100 195 2450
99 195 100
99 195 2450
98 195 100
98 195 2450
97 195 100
97 195 2450
96 195 100
96 195 2450
95 195 100
95 195 2450
94 195 100
94 195 2450
93 195 100
93 195 2450
92 195 100
92 195 2450
91 195 100
91 195 2450
90 195 100
90 195 2450
89 195 100
89 195 2450
88 195 100
88 195 2450
87 195 100
87 195 2450
86 195 100
86 195 2450
85 195 100
85 195 2450
84 195 100
84 195 2450
83 195 100
83 195 2450
82 195 100
82 195 2450
81 195 100
81 195 2450
80 195 100
80 195 2450
79 195 100
79 195 2450
78 195 100
78 195 2450
77 195 100
77 195 2450
76 195 100
76 195 2450
75 195 100
75 195 2450
74 195 100
74 195 2450
73 195 100
73 195 2450
72 195 100
72 195 2450
71 195 100
71 195 2450
70 195 100
70 195 2450
69 195 100
69 195 2450
68 195 100
68 195 2450
67 195 100
67 195 2450
66 195 100
66 195 2450
65 195 100
65 195 2450
64 195 100
64 195 2450
63 195 100
63 195 2450
62 195 100
62 195 2450
61 195 100
61 195 2450
60 195 100
60 195 2450
59 195 100
59 195 2450
58 195 100
58 195 2450
57 195 100
57 195 2450
56 195 100
56 195 2450
55 195 100
55 195 2450
54 195 100
54 195 2450
53 195 100
53 195 2450
52 195 100
52 195 2450
51 195 100
51 195 2450
50 195 100
50 195 2450
49 195 100
49 195 2450
48 195 100
48 195 2450
47 195 100
47 195 2450
46 195 100
46 195 2450
45 195 100
45 195 2450
44 195 100
44 195 2450
43 195 100
43 195 2450
42 195 100
42 195 2450
41 195 100
41 195 2450
40 195 100
40 195 2450
39 195 100
39 195 2450
38 195 100
38 195 2450
37 195 100
37 195 2450
36 195 100
36 195 2450
35 195 100
35 195 2450
34 195 100
34 195 2450
33 195 100
33 195 2450
32 195 100
32 195 2450
31 195 100
31 195 2450
30 195 100
30 195 2450
29 195 100
29 195 2450
28 195 100
28 195 2450
27 195 100
27 195 2450
26 195 100
26 195 2450
25 195 100
25 195 2450
24 195 100
24 195 2450
24 195 1225
23 195 100
23 195 2450
23 195 1225
22 195 100
22 195 2450
22 195 1225
21 195 100
21 195 2450
21 195 1225
20 195 100
20 195 2450
20 195 1225
19 195 100
19 195 2450
19 195 1225
18 195 100
18 195 2450
18 195 1225
17 195 100
17 195 2450
17 195 1225
16 195 100
16 195 2450
16 195 1225
15 195 100
15 195 2450
15 195 1225
14 195 100
14 195 2450
14 195 1225
13 195 100
13 195 2450
13 195 1225
13 195 612
12 195 100
12 195 2450
12 195 1225
12 195 612
11 195 100
11 195 2450
11 195 1225
11 195 612
10 195 100
10 195 2450
10 195 1225
10 195 612
9 195 100
9 195 2450
9 195 1225
9 195 612
9 195 306
8 195 100
8 195 2450
8 195 1225
8 195 612
8 195 306
7 195 100
7 195 2450
7 195 1225
7 195 612
7 195 306
7 195 153
7 194 100
7 194 2450
7 194 1225
7 194 612
7 194 306
7 194 153
7 193 100
7 193 2450
7 193 1225
7 193 612
7 193 306
7 193 153
7 192 100
7 192 2450
7 192 1225
7 192 612
7 192 306
7 192 153
7 191 100
7 191 2450
7 191 1225
7 191 612
7 191 306
7 191 153
7 190 100
7 190 2450
7 190 1225
7 190 612
7 190 306
7 190 153
7 189 100
7 189 2450
7 189 1225
7 189 612
7 189 306
7 189 153
7 188 100
7 188 2450
7 188 1225
7 188 612
7 188 306
7 188 153
7 187 100
7 187 2450
7 187 1225
7 187 612
7 187 306
7 186 100
7 186 2450
7 186 1225
7 186 612
7 186 306
7 185 100
7 185 2450
7 185 1225
7 185 612
7 185 306
7 184 100
7 184 2450
7 184 1225
7 184 612
7 184 306
7 183 100
7 183 2450
7 183 1225
7 183 612
7 183 306
7 182 100
7 182 2450
7 182 1225
7 182 612
7 182 306
7 181 100
7 181 2450
7 181 1225
7 181 612
7 180 100
7 180 2450
7 180 1225
7 180 612
7 179 100
7 179 2450
7 179 1225
7 179 612
7 178 100
7 178 2450
7 178 1225
7 178 612
7 177 100
7 177 2450
7 177 1225
7 176 100
7 176 2450
7 176 1225
7 175 100
7 175 2450
7 175 1225
7 174 100
7 174 2450
7 174 1225
7 173 100
7 173 2450
7 173 1225
7 172 100
7 172 2450
7 172 1225
7 171 100
7 171 2450
7 171 1225
7 170 100
7 170 2450
7 170 1225
7 169 100
7 169 2450
7 169 1225
7 168 100
7 168 2450
7 168 1225
7 167 100
7 167 2450
7 166 100
7 166 2450
7 165 100
7 165 2450
7 164 100
7 164 2450
7 163 100
7 163 2450
7 162 100
7 162 2450
7 161 100
7 161 2450
7 160 100
7 160 2450
7 159 100
7 159 2450
2 34 100
2 34 2450
3 34 100
3 34 2450
4 34 100
4 34 2450
5 34 100
5 34 2450
6 34 100
6 34 2450
32 13 100
32 13 2450
31 13 100
31 13 2450
30 13 100
29 13 100
28 13 100
27 13 100
26 13 100
25 13 100
24 13 100
23 13 100
22 13 100
21 13 100
20 13 100
19 13 100
18 13 100
17 13 100
16 13 100
15 13 100
14 13 100
13 13 100
12 13 100
11 13 100
10 13 100
9 13 100
8 13 100
96 133 100
96 133 2450
95 133 100
95 133 2450
94 133 100
94 133 2450
93 133 100
93 133 2450
92 133 100
92 133 2450
91 133 100
91 133 2450
90 133 100
90 133 2450
89 133 100
89 133 2450
88 133 100
88 133 2450
87 133 100
87 133 2450
86 133 100
86 133 2450
85 133 100
85 133 2450
84 133 100
83 133 100
82 133 100
81 133 100
80 133 100
79 133 100
78 133 100
77 133 100
76 133 100
75 133 100
74 133 100
73 133 100
72 133 100
71 133 100
70 133 100
69 133 100
68 133 100
67 133 100
66 133 100
65 133 100
64 133 100
63 133 100
62 133 100
61 133 100
60 133 100
59 133 100
58 133 100
57 133 100
56 133 100
55 133 100
54 133 100
53 133 100
52 133 100
51 133 100
50 133 100
49 133 100
48 133 100
47 133 100
46 133 100
45 133 100
44 133 100
43 133 100
42 133 100
41 133 100
40 133 100
39 133 100
38 133 100
37 133 100
36 133 100
35 133 100
34 133 100
33 133 100
32 133 100
31 133 100
30 133 100
29 133 100
28 133 100
27 133 100
26 133 100
25 133 100
24 133 100
23 133 100
22 133 100
21 133 100
20 133 100
19 133 100
18 133 100
17 133 100
16 133 100
15 133 100
14 133 100
13 133 100
12 133 100
11 133 100
10 133 100
9 133 100
8 133 100
70 38 100
69 38 100
68 38 100
67 38 100
66 38 100
65 38 100
64 38 100
64 38 2450
63 38 100
63 38 2450
62 38 100
62 38 2450
61 38 100
61 38 2450
60 38 100
60 38 2450
59 38 100
59 38 2450
58 38 100
58 38 2450
57 38 100
57 38 2450
56 38 100
56 38 2450
55 38 100
55 38 2450
54 38 100
54 38 2450
53 38 100
53 38 2450
52 38 100
52 38 2450
51 38 100
51 38 2450
50 38 100
50 38 2450
49 38 100
49 38 2450
48 38 100
48 38 2450
47 38 100
47 38 2450
46 38 100
46 38 2450
45 38 100
45 38 2450
44 38 100
44 38 2450
43 38 100
43 38 2450
42 38 100
42 38 2450
41 38 100
41 38 2450
40 38 100
40 38 2450
39 38 100
39 38 2450
38 38 100
38 38 2450
37 38 100
37 38 2450
36 38 100
36 38 2450
35 38 100
35 38 2450
34 38 100
34 38 2450
33 38 100
33 38 2450
32 38 100
32 38 2450
31 38 100
31 38 2450
30 38 100
30 38 2450
29 38 100
29 38 2450
28 38 100
28 38 2450
27 38 100
27 38 2450
26 38 100
26 38 2450
25 38 100
25 38 2450
24 38 100
24 38 2450
23 38 100
23 38 2450
22 38 100
22 38 2450
21 38 100
21 38 2450
20 38 100
20 38 2450
19 38 100
19 38 2450
18 38 100
18 38 2450
17 38 100
17 38 2450
16 38 100
16 38 2450
15 38 100
15 38 2450
14 38 100
14 38 2450
13 38 100
13 38 2450
12 38 100
12 38 2450
11 38 100
11 38 2450
10 38 100
10 38 2450
9 38 100
9 38 2450
8 38 100
8 38 2450
99 59 100
98 59 100
97 59 100
96 59 100
95 59 100
94 59 100
93 59 100
92 59 100
91 59 100
90 59 100
89 59 100
88 59 100
87 59 100
86 59 100
85 59 100
84 59 100
83 59 100
82 59 100
81 59 100
80 59 100
79 59 100
78 59 100
77 59 100
76 59 100
75 59 100
74 59 100
73 59 100
72 59 100
71 59 100
71 59 2450
70 59 100
70 59 2450
69 59 100
69 59 2450
68 59 100
68 59 2450
67 59 100
67 59 2450
66 59 100
66 59 2450
65 59 100
65 59 2450
64 59 100
64 59 2450
63 59 100
63 59 2450
62 59 100
62 59 2450
61 59 100
61 59 2450
60 59 100
60 59 2450
59 59 100
59 59 2450
58 59 100
58 59 2450
57 59 100
57 59 2450
56 59 100
56 59 2450
55 59 100
55 59 2450
54 59 100
54 59 2450
53 59 100
53 59 2450
52 59 100
52 59 2450
51 59 100
51 59 2450
50 59 100
50 59 2450
49 59 100
49 59 2450
49 59 1225
48 59 100
48 59 2450
48 59 1225
47 59 100
47 59 2450
47 59 1225
46 59 100
46 59 2450
46 59 1225
45 59 100
45 59 2450
45 59 1225
45 59 612
44 59 100
44 59 2450
44 59 1225
44 59 612
43 59 100
43 59 2450
43 59 1225
43 59 612
43 59 306
42 59 100
42 59 2450
42 59 1225
42 59 612
42 59 306
41 59 100
41 59 2450
41 59 1225
41 59 612
41 59 306
40 59 100
40 59 2450
40 59 1225
40 59 612
40 59 306
40 59 153
39 59 100
39 59 2450
39 59 1225
39 59 612
39 59 306
39 59 153
38 59 100
38 59 2450
38 59 1225
38 59 612
38 59 306
38 59 153
37 59 100
37 59 2450
37 59 1225
37 59 612
37 59 306
37 59 153
36 59 100
36 59 2450
36 59 1225
36 59 612
36 59 306
36 59 153
35 59 100
35 59 2450
35 59 1225
35 59 612
35 59 306
34 59 100
34 59 2450
34 59 1225
34 59 612
34 59 306
33 59 100
33 59 2450
33 59 1225
33 59 612
33 59 306
32 59 100
32 59 2450
32 59 1225
32 59 612
31 59 100
31 59 2450
31 59 1225
31 59 612
30 59 100
30 59 2450
30 59 1225
30 59 612
29 59 100
29 59 2450
29 59 1225
28 59 100
28 59 2450
28 59 1225
27 59 100
27 59 2450
27 59 1225
26 59 100
26 59 2450
26 59 1225
25 59 100
25 59 2450
25 59 1225
24 59 100
24 59 2450
24 59 1225
23 59 100
23 59 2450
23 59 1225
22 59 100
22 59 2450
22 59 1225
21 59 100
21 59 2450
21 59 1225
20 59 100
20 59 2450
20 59 1225
19 59 100
19 59 2450
18 59 100
18 59 2450
17 59 100
17 59 2450
16 59 100
16 59 2450
15 59 100
15 59 2450
14 59 100
14 59 2450
13 59 100
13 59 2450
12 59 100
12 59 2450
11 59 100
11 59 2450
10 59 100
10 59 2450
9 59 100
9 59 2450
8 59 100
8 59 2450
146 65 100
145 65 100
144 65 100
143 65 100
142 65 100
141 65 100
140 65 100
139 65 100
138 65 100
137 65 100
136 65 100
135 65 100
134 65 100
133 65 100
132 65 100
131 65 100
130 65 100
129 65 100
128 65 100
127 65 100
126 65 100
125 65 100
124 65 100
123 65 100
122 65 100
121 65 100
120 65 100
119 65 100
118 65 100
117 65 100
116 65 100
115 65 100
114 65 100
113 65 100
112 65 100
111 65 100
110 65 100
109 65 100
108 65 100
107 65 100
106 65 100
105 65 100
104 65 100
103 65 100
102 65 100
101 65 100
100 65 100
99 65 100
98 65 100
97 65 100
96 65 100
95 65 100
94 65 100
93 65 100
92 65 100
91 65 100
90 65 100
89 65 100
88 65 100
87 65 100
86 65 100
85 65 100
84 65 100
83 65 100
82 65 100
81 65 100
80 65 100
79 65 100
78 65 100
77 65 100
76 65 100
75 65 100
74 65 100
73 65 100
72 65 100
71 65 100
71 65 2450
70 65 100
70 65 2450
69 65 100
69 65 2450
68 65 100
68 65 2450
67 65 100
67 65 2450
66 65 100
66 65 2450
65 65 100
65 65 2450
64 65 100
64 65 2450
63 65 100
63 65 2450
62 65 100
62 65 2450
61 65 100
61 65 2450
60 65 100
60 65 2450
59 65 100
59 65 2450
58 65 100
58 65 2450
57 65 100
57 65 2450
56 65 100
56 65 2450
55 65 100
55 65 2450
54 65 100
54 65 2450
53 65 100
53 65 2450
53 65 1225
52 65 100
52 65 2450
52 65 1225
51 65 100
51 65 2450
51 65 1225
50 65 100
50 65 2450
50 65 1225
49 65 100
49 65 2450
49 65 1225
48 65 100
48 65 2450
48 65 1225
47 65 100
47 65 2450
47 65 1225
47 65 612
46 65 100
46 65 2450
46 65 1225
46 65 612
45 65 100
45 65 2450
45 65 1225
45 65 612
44 65 100
44 65 2450
44 65 1225
44 65 612
43 65 100
43 65 2450
43 65 1225
43 65 612
42 65 100
42 65 2450
42 65 1225
42 65 612
41 65 100
41 65 2450
41 65 1225
41 65 612
40 65 100
40 65 2450
40 65 1225
40 65 612
39 65 100
39 65 2450
39 65 1225
39 65 612
38 65 100
38 65 2450
38 65 1225
38 65 612
37 65 100
37 65 2450
37 65 1225
37 65 612
36 65 100
36 65 2450
36 65 1225
36 65 612
35 65 100
35 65 2450
35 65 1225
35 65 612
34 65 100
34 65 2450
34 65 1225
34 65 612
33 65 100
33 65 2450
33 65 1225
33 65 612
32 65 100
32 65 2450
32 65 1225
32 65 612
31 65 100
31 65 2450
31 65 1225
31 65 612
30 65 100
30 65 2450
30 65 1225
30 65 612
29 65 100
29 65 2450
29 65 1225
28 65 100
28 65 2450
28 65 1225
27 65 100
27 65 2450
27 65 1225
26 65 100
26 65 2450
26 65 1225
25 65 100
25 65 2450
25 65 1225
24 65 100
24 65 2450
24 65 1225
23 65 100
23 65 2450
23 65 1225
22 65 100
22 65 2450
22 65 1225
21 65 100
21 65 2450
21 65 1225
20 65 100
20 65 2450
20 65 1225
19 65 100
19 65 2450
19 65 1225
18 65 100
18 65 2450
17 65 100
17 65 2450
16 65 100
16 65 2450
15 65 100
15 65 2450
14 65 100
14 65 2450
13 65 100
13 65 2450
12 65 100
12 65 2450
11 65 100
11 65 2450
10 65 100
10 65 2450
9 65 100
9 65 2450
8 65 100
8 65 2450
