114 19 100
114 19 2450
113 19 100
113 19 2450
112 19 100
112 19 2450
111 19 100
111 19 2450
110 19 100
110 19 2450
109 19 100
109 19 2450
108 19 100
108 19 2450
107 19 100
107 19 2450
106 19 100
106 19 2450
105 19 100
105 19 2450
104 19 100
104 19 2450
103 19 100
103 19 2450
102 19 100
102 19 2450
101 19 100
101 19 2450
100 19 100
100 19 2450
99 19 100
99 19 2450
98 19 100
98 19 2450
97 19 100
97 19 2450
96 19 100
96 19 2450
95 19 100
95 19 2450
95 19 1225
94 19 100
94 19 2450
94 19 1225
93 19 100
93 19 2450
93 19 1225
92 19 100
92 19 2450
92 19 1225
91 19 100
91 19 2450
91 19 1225
90 19 100
90 19 2450
90 19 1225
89 19 100
89 19 2450
89 19 1225
89 19 612
88 19 100
88 19 2450
88 19 1225
88 19 612
87 19 100
87 19 2450
87 19 1225
87 19 612
86 19 100
86 19 2450
86 19 1225
86 19 612
85 19 100
85 19 2450
85 19 1225
85 19 612
84 19 100
84 19 2450
84 19 1225
84 19 612
83 19 100
83 19 2450
83 19 1225
83 19 612
82 19 100
82 19 2450
82 19 1225
81 19 100
81 19 2450
81 19 1225
80 19 100
80 19 2450
80 19 1225
79 19 100
79 19 2450
79 19 1225
78 19 100
78 19 2450
78 19 1225
77 19 100
77 19 2450
77 19 1225
76 19 100
76 19 2450
76 19 1225
75 19 100
75 19 2450
75 19 1225
74 19 100
74 19 2450
74 19 1225
73 19 100
73 19 2450
73 19 1225
72 19 100
72 19 2450
72 19 1225
71 19 100
71 19 2450
71 19 1225
70 19 100
70 19 2450
70 19 1225
69 19 100
69 19 2450
69 19 1225
68 19 100
68 19 2450
68 19 1225
67 19 100
67 19 2450
66 19 100
66 19 2450
65 19 100
65 19 2450
64 19 100
64 19 2450
63 19 100
63 19 2450
62 19 100
62 19 2450
61 19 100
61 19 2450
60 19 100
60 19 2450
59 19 100
59 19 2450
58 19 100
58 19 2450
57 19 100
57 19 2450
56 19 100
56 19 2450
55 19 100
55 19 2450
54 19 100
54 19 2450
53 19 100
53 19 2450
52 19 100
52 19 2450
51 19 100
51 19 2450
50 19 100
50 19 2450
49 19 100
49 19 2450
48 19 100
48 19 2450
47 19 100
47 19 2450
46 19 100
46 19 2450
45 19 100
45 19 2450
44 19 100
44 19 2450
43 19 100
43 19 2450
42 19 100
42 19 2450
41 19 100
41 19 2450
40 19 100
40 19 2450
39 19 100
39 19 2450
38 19 100
38 19 2450
37 19 100
37 19 2450
36 19 100
36 19 2450
35 19 100
35 19 2450
34 19 100
34 19 2450
34 20 100
34 21 100
34 22 100
34 23 100
34 24 100
34 25 100
34 26 100
34 27 100
34 28 100
34 29 100
34 30 100
34 31 100
34 32 100
34 33 100
34 34 100
34 35 100
34 36 100
34 37 100
34 38 100
34 39 100
37 148 100
36 148 100
35 148 100
34 148 100
34 147 100
34 146 100
34 145 100
34 144 100
34 143 100
34 142 100
34 141 100
34 140 100
34 139 100
34 138 100
34 137 100
34 136 100
34 135 100
34 134 100
34 133 100
34 132 100
34 131 100
34 130 100
34 129 100
34 128 100
34 127 100
34 126 100
34 125 100
34 124 100
34 123 100
34 122 100
34 121 100
34 120 100
34 119 100
34 118 100
34 117 100
34 117 2450
34 116 100
34 116 2450
34 115 100
34 115 2450
34 114 100
34 114 2450
34 113 100
34 113 2450
34 112 100
34 112 2450
34 111 100
34 111 2450
34 110 100
34 110 2450
34 109 100
34 109 2450
34 108 100
34 108 2450
34 107 100
34 107 2450
34 106 100
34 106 2450
34 105 100
34 105 2450
34 104 100
34 104 2450
34 103 100
34 103 2450
34 102 100
34 102 2450
34 101 100
34 101 2450
34 100 100
34 100 2450
34 99 100
34 99 2450
34 98 100
34 98 2450
34 97 100
34 97 2450
34 96 100
34 96 2450
34 95 100
34 95 2450
34 94 100
34 94 2450
34 93 100
34 93 2450
34 92 100
34 92 2450
34 91 100
34 91 2450
34 90 100
34 90 2450
34 89 100
34 89 2450
34 88 100
34 88 2450
34 87 100
34 87 2450
34 86 100
34 86 2450
34 85 100
34 85 2450
34 84 100
34 84 2450
34 83 100
34 83 2450
34 82 100
34 82 2450
34 81 100
34 81 2450
34 80 100
34 80 2450
34 79 100
34 79 2450
34 78 100
34 78 2450
34 77 100
34 76 100
34 75 100
34 74 100
34 73 100
34 72 100
34 71 100
34 70 100
34 69 100
34 68 100
34 67 100
34 66 100
34 65 100
34 64 100
34 63 100
34 62 100
34 61 100
34 60 100
34 59 100
34 58 100
34 57 100
34 56 100
34 55 100
34 54 100
34 53 100
34 52 100
34 51 100
34 50 100
34 49 100
34 48 100
34 47 100
34 46 100
34 45 100
34 44 100
34 43 100
34 42 100
34 41 100
34 40 100
54 198 100
53 198 100
52 198 100
51 198 100
50 198 100
49 198 100
48 198 100
47 198 100
46 198 100
45 198 100
44 198 100
43 198 100
42 198 100
41 198 100
40 198 100
39 198 100
38 198 100
38 198 2450
37 198 100
37 198 2450
36 198 100
36 198 2450
35 198 100
35 198 2450
34 198 100
34 198 2450
34 197 100
34 197 2450
34 196 100
34 196 2450
34 195 100
34 194 100
34 193 100
34 192 100
34 191 100
34 190 100
34 189 100
34 188 100
34 187 100
34 186 100
34 185 100
34 184 100
34 183 100
34 182 100
34 181 100
34 180 100
34 179 100
34 178 100
34 177 100
34 176 100
34 175 100
34 174 100
34 173 100
34 172 100
34 171 100
34 170 100
34 169 100
34 168 100
34 167 100
34 166 100
34 165 100
34 164 100
34 163 100
34 162 100
34 161 100
34 160 100
34 159 100
34 158 100
34 157 100
34 156 100
34 155 100
34 154 100
34 153 100
34 152 100
34 151 100
34 150 100
34 149 100
137 74 100
136 74 100
135 74 100
134 74 100
133 74 100
132 74 100
131 74 100
130 74 100
129 74 100
128 74 100
127 74 100
126 74 100
125 74 100
124 74 100
123 74 100
122 74 100
121 74 100
120 74 100
119 74 100
118 74 100
117 74 100
116 74 100
115 74 100
114 74 100
113 74 100
112 74 100
111 74 100
110 74 100
109 74 100
108 74 100
107 74 100
107 74 2450
106 74 100
106 74 2450
105 74 100
105 74 2450
104 74 100
104 74 2450
103 74 100
103 74 2450
102 74 100
102 74 2450
101 74 100
101 74 2450
100 74 100
100 74 2450
99 74 100
99 74 2450
98 74 100
98 74 2450
97 74 100
97 74 2450
96 74 100
96 74 2450
95 74 100
95 74 2450
94 74 100
94 74 2450
93 74 100
93 74 2450
92 74 100
92 74 2450
91 74 100
91 74 2450
90 74 100
90 74 2450
89 74 100
89 74 2450
88 74 100
88 74 2450
87 74 100
87 74 2450
86 74 100
86 74 2450
85 74 100
85 74 2450
84 74 100
84 74 2450
83 74 100
83 74 2450
82 74 100
82 74 2450
81 74 100
81 74 2450
80 74 100
80 74 2450
79 74 100
79 74 2450
78 74 100
78 74 2450
77 74 100
77 74 2450
76 74 100
76 74 2450
75 74 100
75 74 2450
74 74 100
74 74 2450
73 74 100
73 74 2450
72 74 100
72 74 2450
71 74 100
71 74 2450
70 74 100
70 74 2450
69 74 100
69 74 2450
68 74 100
68 74 2450
67 74 100
67 74 2450
66 74 100
66 74 2450
65 74 100
65 74 2450
64 74 100
64 74 2450
63 74 100
63 74 2450
62 74 100
62 74 2450
61 74 100
61 74 2450
60 74 100
60 74 2450
59 74 100
59 74 2450
58 74 100
57 74 100
56 74 100
55 74 100
54 74 100
53 74 100
52 74 100
51 74 100
50 74 100
49 74 100
48 74 100
47 74 100
46 74 100
45 74 100
44 74 100
43 74 100
42 74 100
41 74 100
40 74 100
39 74 100
38 74 100
37 74 100
36 74 100
35 74 100
