365
11 99 18 5 16 44 86 2 41 96 72 17 21 26 81 10 48 11 50 36 93 90 38 21 66 57
14019 9463 14783 8124 9275 16669 9071 16579 2347 6238 11716 3805 19911 9838 1521 8252 9645 8803 507 3683 3736 9231 5563 17567 19145 8685
15515 5365 15098 4065 16079 1548 13536 17565 12765 10144 15243 19238 7241 2006 14057 18230 17931 19924 15051 11688 16742 13927 3617 24 17600 3927
8864 11504 5030 1605 2472 15086 4823 4853 10209 5772 728 4534 4219 14663 5639 18998 2243 15011 2563 3506 13767 1637 16714 11920 6071 15036
902 19241 12350 5103 16718 10321 18931 495 4865 18062 4031 14426 15033 12532 16146 9106 17180 11240 5821 11152 5472 2421 12590 460 19444 3359
9035 15377 7794 18268 3806 11541 7740 12833 11398 2172 16747 3073 13994 3176 3062 10250 18002 1716 9642 17949 1797 904 12336 12521 15860 4686
6677 17829 15141 11696 9503 10651 17178 2529 17912 18293 11681 18726 1099 6442 18299 19160 2577 18108 711 1693 18352 17631 8456 6808 4301 6456
10515 14146 1808 10957 12613 986 19792 18127 2170 5760 14880 5260 2145 8202 16497 7528 10430 18041 5567 13452 15316 7210 11797 5398 3969 1120
15409 10239 6586 7513 4668 16099 7254 6911 717 16997 16242 8936 11246 14706 9897 2353 11404 16116 3376 15160 16853 16301 13162 4153 18712 16549
15174 6748 8865 2020 7566 16498 6032 2798 5182 16156 10716 6325 16078 19089 11902 1032 16168 10628 6736 19228 4106 6570 11237 8731 12172 326
4363 9305 18622 1269 2711 3401 1486 14322 953 2383 13229 13800 5239 2249 16423 10587 12212 18204 15037 19257 687 7668 14888 14800 17805 17600
6274 15416 5415 18654 15239 4766 5268 7590 1526 16374 16841 3483 7718 19334 5706 14428 2783 5894 16143 6472 6067 19984 9010 1161 11578 7927
6321 14509 13921 19011 16907 3468 15602 7777 15092 19117 1800 9364 7028 1476 1957 5690 19811 13469 7742 15972 2289 18797 17365 17054 9827 2291
1326 13601 642 1172 2067 19399 17649 5232 15039 16829 13762 17061 12026 8744 5412 11570 7170 7461 17225 16057 9742 9692 16436 16115 17572 18717
698 12653 15612 7842 13180 5967 6628 18075 17894 4630 3938 11217 1235 14427 16743 511 11398 5045 12570 4940 9436 5800 3469 2954 8132 13357
5193 10240 10554 10821 3970 14336 18681 18268 11693 18009 11176 16301 7382 19804 7214 5582 607 17859 11004 419 19679 18354 6433 5297 5128 14658
3646 7439 9858 13680 15346 9309 17474 11619 11080 6520 16125 5400 6795 2314 5557 15461 15700 7445 19402 1058 8675 14408 17917 7898 1030 7280
8721 455 17221 4130 13446 13448 4210 15554 12043 13614 5103 18597 1028 19018 14590 12647 1342 4365 2739 5014 10193 10869 3243 2165 17455 900
11155 7409 18486 17561 4157 10055 13128 2284 10088 9946 10421 12882 7421 776 18175 10374 5797 18182 6182 18660 12093 15466 16600 13720 19665 19968
480 8221 2799 16919 9740 6727 1221 11433 7263 9498 12024 9553 18250 10923 14651 9917 19125 8831 16106 2614 14554 4951 4017 17132 1809 702
15826 16782 19917 13117 38 6644 8297 6696 14123 18698 3286 2100 6814 19968 10361 165 7851 17199 16335 18591 16871 6743 11929 8100 4323 15943
15670 13044 9871 4458 8713 5456 1932 1813 14540 18138 4815 10451 8652 10476 1446 16206 5898 16527 5490 4694 15753 11935 5832 1409 13678 16128
17964 12744 8053 18920 16414 11110 10538 19848 18809 2321 6703 19722 8740 13976 6567 15265 8657 1463 10470 16196 18864 8689 13777 18526 18789 2010
4315 18308 2488 893 561 7081 16882 16631 13077 12800 9137 6246 11399 18214 12692 1375 12395 9070 7700 18206 9992 1478 455 14174 6428 1591
3634 14776 4035 9675 12313 19734 2397 4795 4948 1450 5920 12401 12356 16851 11570 1072 11581 18045 14811 11184 9738 10462 2341 5467 5760 4055
8954 8814 11926 7698 2163 9465 10657 12957 19126 2648 271 19526 14018 13151 6199 11610 8159 212 7239 17920 964 5210 17443 8255 13038 10507
17005 8235 18126 16673 3972 2544 4723 15052 16673 16263 8307 13759 18154 6386 15409 9036 3577 19574 10138 15641 2694 19674 9717 2576 563 4499
8906 1602 12781 9125 6303 13424 9159 15373 5383 4246 18193 8915 9252 7658 829 5278 11063 19600 14859 7369 6591 1695 12933 19002 12914 1513
13565 1416 17462 13009 766 13376 794 12411 18128 16968 12634 3447 16509 19199 14425 12872 10319 14532 16169 12463 10318 14679 12955 8827 17839 5410
12749 132 15394 18334 13665 5572 13762 18584 18247 2894 10454 12524 13293 13681 8849 6912 12352 10864 19721 7194 6081 17930 10092 19244 19587 9399
2801 16680 9017 16182 3467 10332 0 4388 2762 10221 14376 14695 18031 1375 12768 18813 14934 17003 18013 3996 5177 6793 729 16425 8239 2806
1904 16972 16953 13902 9210 7538 4324 2292 15758 3455 16841 14044 13525 2609 13308 19157 12333 15404 15964 8069 17603 3801 38 8528 15419 13381
6429 3110 8538 14675 1010 9138 16658 13152 13635 13895 6807 5592 2571 589 18833 13798 6328 15142 5606 734 4072 10286 3498 14900 10841 13578
13994 9744 522 11188 6300 7094 18473 13336 18054 1513 14092 7305 1971 485 18620 8154 1649 13577 3051 2240 1009 6340 11034 4608 13467 11138
9114 1115 5190 5888 7708 8619 13370 17646 19583 11860 18640 17747 13932 7063 16338 15120 17692 5703 4749 10068 19947 1312 4678 14574 8167 9792
15019 19684 15851 9861 10129 15961 19361 11479 15387 18585 11298 1648 7948 15693 15580 2796 6305 8938 3163 16344 11168 15774 13795 13704 1234 8354
16825 7438 9734 7655 1713 8883 131 15646 7665 10158 18443 19719 16077 1181 4646 14473 8193 17456 13742 19146 14708 999 17503 12501 9110 337
720 12202 15441 9731 7800 5507 1971 12541 5549 19861 17621 13144 14305 6687 9213 14742 18156 5087 2783 5216 9490 9414 8529 3594 7305 14506
2030 13903 3737 16449 18072 19686 9855 14170 1113 17575 18669 16356 11362 9320 15362 4375 6466 19607 13197 6960 4955 15578 14673 3328 139 14690
8658 3048 5407 12045 3273 5897 6741 6586 969 9250 15204 15499 6271 15157 13426 3816 13477 4619 17580 7148 13560 10535 11276 9905 15055 5455
1597 16893 10427 1958 13606 14258 5434 4137 7210 16422 13777 9206 18135 1016 1862 10281 14396 3625 17592 15968 5446 9656 6628 1854 6561 17476
10290 19215 15916 10870 17250 5271 12277 3095 8300 9087 10827 2924 5573 12073 5359 10583 17125 13216 15924 16113 5382 10854 14157 9280 3792 21
17991 12310 19047 365 13714 11840 5507 4610 10607 15441 11112 8002 1195 16706 10547 19803 14753 12842 2332 14242 15800 3525 3200 4444 6630 4062
5439 4957 4055 8247 7868 13624 254 5941 12357 9953 7477 12995 3768 6722 8842 7320 9515 19792 6426 18579 6458 11372 19187 6766 13757 19565
18422 10956 15845 12052 3196 8424 17178 5994 15164 5005 14353 11790 9770 4566 14985 5116 10216 270 16411 16491 19410 13933 4654 16708 14684 11933
9071 3796 4421 4206 11706 6964 7023 170 8406 9018 4102 17067 1070 11507 1022 1380 11365 15911 4816 3284 1085 16791 19105 2762 1536 16330
17938 14523 19094 7285 9210 15078 7881 19821 14493 16106 19440 7137 19247 12053 8045 8097 17538 16526 19651 17523 3141 509 14774 5158 172 15035
19701 13050 18194 6988 14308 18270 14975 8503 4564 1771 844 14487 3405 7572 4163 10812 14693 17332 3676 4024 13034 1459 9724 15921 1221 4688
15089 8466 7417 19851 5019 7639 12586 19573 8749 277 10695 17521 15198 19426 19153 17238 14869 17827 2666 6768 16014 19264 15555 5883 17610 11514
14256 12737 2023 9837 4547 18547 13579 703 15340 1399 11876 7883 15351 9133 14893 2366 3236 16960 12093 19117 12084 10580 19971 13774 16888 15546
5767 7458 3792 17067 1409 13831 3943 1405 4249 16740 7552 2820 5197 12180 4667 7467 2650 7933 9230 5181 9499 9111 11072 15984 13665 18339
12767 18444 16192 4786 1124 9676 10660 17726 5228 6197 7198 18970 18049 7534 13805 12285 10113 458 9431 3171 11595 7450 7022 16184 4903 3372
8256 16486 1928 17687 3985 18992 8045 11698 1363 9219 5836 7842 16517 200 13107 7182 1800 3470 18466 14615 15040 5016 17295 8886 18250 10199
14052 5129 10997 10635 13788 7011 2030 5801 14883 1763 12717 18402 17934 6327 6006 16870 7205 191 520 14089 7497 17153 13831 9928 17305 12951
17334 2838 1955 17280 6090 6150 7020 17777 321 12614 17677 14350 14134 6175 632 7478 18419 14186 16570 12244 3868 9713 1690 17602 5282 16784
14179 11515 3931 19327 2902 9950 3167 18221 18482 10822 19247 18245 14317 14378 14951 8532 4122 10410 11782 13741 10121 10776 8666 9448 15612 8109
17462 14967 4096 657 14570 15432 7216 7502 18787 15078 10849 11353 14773 10917 11421 12454 19862 11974 3195 9149 8627 7327 18028 3838 2011 18384
19831 14803 17663 9352 17811 19869 15824 17552 1268 1068 593 5639 7197 19164 1474 11762 5221 8616 18764 19749 18498 9550 7438 12102 10985 7793
1586 11624 14347 9801 16150 11834 5966 19053 3919 1676 6170 5969 17 2846 1252 11754 14081 3110 11487 12287 10617 16528 534 7318 10926 8266
4813 3024 1806 12390 221 14885 15532 19820 19403 10502 9395 1468 16081 369 16543 6744 17061 8432 12270 3904 2581 8019 4797 11688 2921 2796
9592 8740 3186 12745 670 14519 14939 11547 4205 6995 4510 4099 11677 8454 16901 12955 13154 4116 13419 10441 18657 17186 4125 7643 5579 451
1124 495 921 15395 6117 5084 3303 11431 2873 8612 18866 14385 11046 4752 17523 6312 16686 868 9550 19502 4392 1267 6149 3328 19555 10887
12162 7066 8907 16130 7290 18351 14518 16961 17596 3792 19367 10704 2164 2170 2266 17112 14399 9328 6882 12303 10551 7720 10091 19430 19823 16562
6072 799 3402 2707 19913 17540 8122 2286 3133 7718 1559 42 18001 5931 7280 19387 11971 4838 4180 11521 7717 16332 17807 675 18828 2065
15799 13841 17348 641 7607 18775 12553 493 839 10313 3001 11452 1649 16122 13243 1925 981 13805 3948 19763 13904 16523 3464 2520 16402 3487
6672 15107 13966 17449 11786 10978 3424 13254 9146 4891 7835 17918 17836 2232 2916 1724 11067 4962 1755 3783 6479 13617 14441 19760 11901 8807
9051 16033 6660 8111 10308 11405 5677 2255 7986 15261 9472 1382 16513 2498 7659 1571 4232 19816 3837 5581 11347 2243 7695 8458 2994 18001
14778 16788 657 5187 8488 17561 14244 5516 11876 5914 19056 3652 10183 9254 6585 10966 8912 12151 16148 12467 4076 5868 12406 16388 16361 8482
2363 4715 5955 16394 8843 19526 1158 2450 5558 14045 13747 13072 14167 4180 19737 18793 16386 10498 8485 19242 10586 5583 17290 18189 7129 19930
6819 4773 9612 12765 16416 17425 13699 15567 4242 13775 1719 9025 4657 620 13113 18111 18161 13730 5262 16196 8846 6610 5989 19804 15225 9127
6979 14596 5217 8638 1494 16221 18643 14741 4106 2486 8053 6244 14668 12371 9194 11850 12660 4802 18261 10104 10517 2167 15679 18948 5551 3214
9542 7141 8649 13788 13857 16855 1532 323 1150 12076 18255 4539 17249 2916 4833 7256 13952 15201 18053 12201 17919 8732 11355 6905 5167 6649
12654 7529 4799 17293 19584 7160 19772 12708 2530 1210 12540 10317 2982 18318 12956 14174 14344 18583 14663 17741 2455 19313 2792 12379 4234 16002
14052 19480 5090 16202 448 18071 19277 5174 11040 10061 9303 2597 13460 8784 6179 16848 17662 1476 2075 6888 11790 10963 11136 16303 19135 15614
2248 15355 844 1026 12954 7557 7784 6258 520 1051 10799 13828 11162 7143 5316 5880 11867 2317 3343 13605 12880 13196 6572 19834 3929 683
3959 5225 16050 16024 2177 9226 7645 7167 7034 5118 14408 19904 4799 8571 18468 2297 1020 15733 4853 5401 18896 19392 18958 6759 12964 11750
19339 5033 4536 13723 9210 1781 17344 10519 18717 1227 17773 19442 8614 16666 15822 17040 1463 6038 1433 11232 13667 3099 2533 15111 3889 7204
4837 8390 13815 14224 9715 11527 11645 10410 17667 15703 13492 444 7489 19191 16183 13624 10470 2451 5239 16089 15266 15943 13719 4615 2754 16694
19622 13938 3575 9322 5119 551 15823 13619 17179 16164 1161 421 18245 12658 10901 16048 1123 11219 10177 4808 16907 4833 16781 10793 1408 11723
13162 2650 190 1697 3445 4118 9112 14789 6178 3612 15660 8788 13273 2418 919 49 4003 19971 15862 13334 4122 1156 8321 3619 3495 7334
4382 19476 18778 15576 17285 4195 8431 17429 19416 5709 9955 7191 11845 3836 10357 1027 18613 14940 10818 6422 7696 2242 19720 14838 5399 10992
1801 19463 12396 11959 10739 3577 1230 13092 15656 12725 18078 7292 14974 19573 12497 5739 3537 17410 19471 9486 1344 2956 11500 3891 2389 16076
16744 4508 19555 12547 2639 3638 19502 8924 11274 9092 6406 1692 12514 5697 2114 13411 11934 13221 16675 18580 7158 12729 12338 17357 16536 19973
18513 11596 4475 11152 11975 17014 11223 16506 17942 5752 17524 11218 15776 12249 16241 19797 5864 14780 3342 13615 6492 12315 13313 15527 2855 3969
9521 3014 10448 19571 5655 9547 15748 14265 15080 4326 1643 12625 93 14040 8927 4935 1330 8517 6168 8767 13839 13504 10246 8221 16806 9377
13694 14962 5612 8149 7577 7550 7275 6106 19773 16320 8722 11195 15660 9045 18423 6473 7679 5089 5794 8819 9221 3522 19869 14992 13443 14972
8682 11140 4380 11314 17347 9862 15971 611 3115 6196 3516 4189 16456 14247 6268 19950 15803 16379 12100 16525 11609 18680 12486 4334 16385 7737
8331 12872 2813 19218 10844 11051 15372 17798 11300 2495 6839 19209 13428 10303 3152 19679 12626 16285 12495 12424 16703 15528 7814 4218 11905 16058
6480 14781 7472 18691 3737 2008 1830 14759 7040 13905 4057 2103 16326 4684 4567 6567 6921 7428 14418 1759 2761 15136 1909 7179 5639 7626
14161 9325 15480 11181 8839 2284 53 1701 13049 367 11975 1556 5814 6411 18933 10796 17873 10061 4817 16153 6734 128 5482 4017 15336 3067
8240 11326 10177 8598 13388 14780 10284 703 9281 5891 2591 19993 11480 816 16813 2294 19214 18628 10228 19408 1498 5689 17184 2549 9168 7413
1138 14704 16129 6451 5348 15486 8617 844 3500 11703 13756 13372 10319 7201 19296 9231 6016 6250 18870 3111 17139 3793 19795 17593 3157 5412
15213 7769 7615 3737 8251 18572 1824 9753 17902 6640 7221 2114 14135 1737 19660 6656 8926 5295 9752 4261 6184 11652 10585 8530 14404 12573
402 497 9365 453 7886 3390 9037 4918 14568 1205 8679 5927 2830 13601 17160 15829 7417 13260 16961 5588 8100 8329 17731 11722 12867 7077
12704 6189 14833 7651 2500 3818 7167 10618 499 16343 8894 12325 9641 5094 5529 6112 13555 3349 3865 17013 13302 3558 4786 5251 1264 9118
18198 11794 7861 11165 6189 7289 4322 5083 11239 2703 4499 5189 12538 13535 1940 1030 8545 12912 19707 13000 1003 11051 10241 54 4646 17482
1841 10897 5094 5675 2856 17992 10146 14711 1871 602 2288 6674 15403 3149 14031 14081 7107 10925 5511 240 12571 12814 9133 18779 4425 4987
8451 15175 12217 7445 15318 3905 1868 7293 8430 10694 18974 18600 7459 15876 897 4343 5543 8978 15258 17944 2834 7821 7133 9543 16589 3588
7604 17105 4173 11898 14579 10506 16979 15615 10581 19705 12360 7335 4493 13255 10508 3445 6749 1202 15574 3988 10221 18019 19546 10174 9339 9071
16083 17674 1221 10888 10076 16243 11901 16263 81 6394 5714 14590 3060 5736 12439 15366 574 3337 7376 14601 4728 2223 1866 1643 7866 12100
2048 10313 16160 9510 5924 7450 2688 8054 8913 3472 18001 19664 180 2686 614 4141 17260 3598 2700 14013 4006 10078 8284 1880 19724 14268
17493 3726 9018 11263 10022 14491 13266 8821 8580 12328 4337 3 8409 4639 8932 6939 5970 2090 16588 12894 853 12831 8918 17637 13813 15069
9501 7634 16927 5613 10437 14456 1760 19460 181 4015 18430 4241 1124 9396 4460 11952 15614 10734 14283 11636 11475 8710 11982 9720 921 13690
10734 8044 18458 2357 13751 11036 7058 14576 853 11078 5178 8304 3593 536 15268 3066 891 3919 12417 14936 57 13937 4266 11039 14409 13508
13377 1260 6000 5879 5958 897 6253 8268 15531 4021 10706 7073 5578 12898 14228 7226 15651 13834 19430 19194 13972 9320 16919 1895 6543 18072
4959 3632 13798 13204 15729 4350 4567 13472 9422 14084 18143 2394 15021 19144 1975 6297 8205 3291 10749 3410 6907 3483 9684 14596 14411 13023
10269 14431 5510 1502 1378 17211 1693 8588 19870 18710 17330 9406 4171 4016 17168 2939 8151 16671 12779 12720 813 9370 8537 2427 4255 2014
6490 2399 4527 8509 3597 11544 2419 8309 19153 19964 10369 10616 10058 5384 19628 16041 11505 8984 4653 13651 12492 5515 2473 11796 7454 13238
488 8627 2425 16801 17852 7488 14772 9195 7488 4685 15498 7995 13347 13345 13823 2546 16316 3267 5141 3782 19313 15317 19198 13257 19703 3653
3007 2045 6537 16992 16206 11491 7613 1354 9271 19301 5922 676 14366 15319 9471 3879 8504 2126 2269 4587 3698 14009 2228 1029 7090 1853
3268 17039 15349 4121 10808 711 2519 19706 12051 1749 6843 10546 3493 3522 18401 10867 8834 16503 7290 19424 9202 17599 17406 15971 19262 5378
9522 15138 5797 12830 2964 15535 17134 1904 5367 10491 3380 8050 4667 16557 10994 13932 5697 9327 3447 8936 4057 19314 6956 14101 10288 1608
5473 19053 8813 16252 14656 10109 5896 11655 19516 10322 3814 19479 4746 13954 13082 13913 12610 17901 4793 12601 11444 4909 93 286 10148 12406
10741 15863 3909 17665 17776 4638 4948 17232 14419 6241 11701 4433 18227 19605 269 7973 17875 3383 4364 198 13532 8304 15247 1384 2071 6173
12098 3170 6460 10351 8949 890 17482 19400 5313 7636 6367 17021 15088 9517 1366 18760 1942 9055 8392 14259 16671 16782 3460 7297 7083 10617
10734 5981 18740 15380 14566 4912 19411 1988 4492 12141 7310 18551 9605 8741 11330 687 15303 4737 17340 2240 18306 2794 2516 4027 6868 18210
1211 16685 19365 13175 17318 6908 3806 19249 14856 6348 13410 16684 2545 9454 14550 2369 1656 1204 451 19133 8591 16295 12207 4220 9676 7291
15104 12660 14226 16591 10807 10744 6154 3351 18322 15876 6194 279 12905 10471 1520 7236 14815 7576 2476 18043 19367 10579 10332 1807 613 4555
5647 11944 2652 17252 19383 14621 16292 17976 6993 5858 10228 3176 5515 7824 13451 19127 10839 3038 9669 13374 19575 9406 8040 3924 11919 8237
17208 272 14968 4832 438 7654 2314 16983 18446 15197 18966 3466 4346 1619 7645 8726 7200 7739 16893 2302 5402 2468 2762 12440 11952 888
15325 10760 8528 4660 5704 6225 4361 14611 8195 5829 5527 17329 12861 4603 4156 19162 51 17929 5869 17925 9075 4990 5212 235 7837 583
18524 13146 16704 11034 7176 15648 8869 16244 5443 19257 13150 18670 8051 997 2364 19978 1741 19176 3028 19567 17036 11936 13132 16446 10904 19653
8734 17900 2977 2702 4042 9564 13917 18492 3442 18834 9383 6385 15864 1369 13789 11907 5960 1065 14003 15774 10872 15241 13547 18216 1487 6887
19427 11215 17326 7988 2793 7513 4501 8011 1620 6544 1990 3681 17141 1777 7744 7893 2742 741 13403 141 3882 17941 19485 14752 17039 4372
6316 17306 14259 107 14593 16788 10838 2067 9437 2844 17156 15229 1890 8665 18202 10901 13112 18209 14055 9149 1958 14683 13001 8520 3417 13211
941 8258 14260 1645 11978 3490 15288 16561 16671 18495 1069 14959 15717 9783 11190 19482 18344 6897 5265 14635 8354 4558 5655 19445 5621 2274
18168 5795 13534 4168 1182 17254 18353 14695 4425 18727 10170 4249 6324 5030 13555 13920 10509 17690 17440 4767 17492 17473 7573 18020 472 622
17071 16403 8144 17241 5827 8332 14817 4143 7328 4548 8162 5804 5999 7671 775 1655 3125 9824 2270 5649 8224 3356 6810 6428 13911 15049
2781 12811 17216 17482 12577 12444 6301 4552 12902 1661 16287 2727 19825 935 6116 16204 10469 46 12648 12390 16379 19417 2963 8113 4538 15602
16542 10632 8049 18480 14081 1472 19125 18553 1136 19258 11737 4065 14124 7260 7585 1772 9974 16446 8795 136 8259 1562 17034 10487 10527 4060
17856 5522 7781 1652 2981 6730 12910 15463 6005 17104 1897 4131 12108 15859 7056 11758 17597 343 2487 432 6009 12231 4854 6997 6498 16624
10521 15633 6661 3339 18901 1599 10350 7884 18087 3187 11053 2663 8676 10726 14747 8337 7762 18789 6038 17271 43 2569 11319 9785 14198 1446
12022 19693 4770 8212 17177 11339 9097 4523 10543 3667 1998 5227 13633 10660 7298 18957 12074 2856 215 4022 12265 13508 6813 3381 9889 9556
1409 13363 18937 3649 13877 17197 19411 2470 15622 16113 11124 13704 13591 16824 14129 7179 7863 10931 14412 9040 5251 7063 448 4025 6382 4811
11153 6639 16015 14900 10908 14341 14246 12171 18 4728 11230 4386 18776 13804 3668 12982 5828 2486 16734 11035 12357 14088 10261 9126 17385 5613
2053 12690 3857 12105 133 3178 2191 7175 9271 9821 15348 2494 3036 1061 8628 15366 526 12711 1724 8955 5694 13182 5331 8954 13842 16281
17266 1086 15591 6232 12123 17749 8138 3001 8955 721 5288 10213 7687 11832 2037 4388 9632 19830 13681 3136 4088 3446 7211 1636 645 5609
8561 19426 3875 9375 19250 6888 8731 12389 3141 4362 8994 15220 18308 17884 8407 422 13202 12697 17829 11253 11828 2694 10758 6372 7545 12853
19051 5385 16154 16535 11528 19673 8916 19327 6273 6768 15715 4316 3404 8791 16042 7014 18228 4046 9281 10564 10261 1944 9216 7531 14354 19234
2194 5325 3785 10652 6688 1962 6469 10449 17248 13353 4540 15425 9131 19198 1857 2432 6669 2221 7848 6328 9239 6151 7480 1198 12390 13829
14634 3441 2428 17914 9047 15590 18345 16027 3344 4342 5934 8436 14896 6418 11807 13879 18795 13316 19987 4388 6434 4087 7068 7499 12601 18944
8261 2707 13789 5953 5450 5249 11816 6187 18753 16160 4312 3746 17499 1595 10017 6167 14285 10314 17772 16376 10875 12179 15059 13790 18639 15584
19276 2165 3351 3829 19778 19923 5237 5738 2989 5908 5295 14225 18595 12954 11814 11428 6040 1925 7306 2832 19592 2451 11725 3233 4830 17902
10743 4914 10853 7284 9705 7787 16958 11956 12332 3342 9334 17753 16183 1039 434 2126 16912 9850 6776 2704 9217 14886 17367 12829 9045 324
17645 14715 5675 6515 13618 565 18489 4177 12205 5125 18024 10397 18945 11782 1941 7013 6638 16090 4777 11448 19543 16852 10781 8768 11368 5454
8437 16561 1109 7400 12080 4109 1423 4003 11927 5790 18970 16633 5665 19309 19235 10225 4227 533 9738 7861 2923 9334 11829 1411 13874 1946
16871 9348 1445 2650 6935 9321 3461 4212 1908 19041 12203 4912 11324 13252 3405 19236 5391 3381 2114 10579 57 8080 12512 14730 19056 19153
1298 5218 10682 10731 2322 18683 3811 9259 7756 15333 10101 498 6370 13353 7953 13143 1396 9263 5112 4788 178 2258 16750 14390 8831 15634
845 10590 5889 11957 1514 3702 16626 8470 6188 8304 18634 17799 6432 17814 18893 8563 15337 15249 19574 10688 4871 10938 1242 17214 13130 11072
3891 4242 10525 18362 18993 6179 17324 15544 3502 8181 11535 15415 15546 1238 16647 19498 6685 1639 12339 7654 5975 11416 4517 6247 14895 101
13346 13786 8035 4993 8042 16062 3173 15195 17625 12339 5674 19818 3728 7498 1734 11659 8761 5530 6990 12363 5847 8397 19827 6058 18233 13068
8008 14488 14345 8712 7985 13266 18220 16829 13120 6960 1416 8805 10001 3740 2889 16574 18408 7646 19019 3984 9157 14313 3886 6229 272 18409
17464 3101 2537 9572 19786 18274 2470 15159 6303 11954 13043 10751 6036 2310 8830 9949 972 14728 12565 16537 12404 5051 9320 8750 4394 4546
13870 17055 15427 18334 6112 8561 5580 15273 14185 11912 14514 3227 7265 593 11213 5035 10145 9527 13469 14014 4581 10479 5734 3179 11345 15824
11299 1447 17200 13095 19693 1624 390 3659 16579 1123 12810 12811 4013 11030 2972 3814 7335 8957 13964 17250 4989 18309 13919 10428 17831 6165
11390 16071 15514 9480 14385 3354 15020 12505 9214 16494 12969 8119 10471 10447 8223 10748 12236 3474 10587 7063 6402 8393 6257 9631 15949 3335
15525 1195 2869 4114 9828 4746 18592 13397 11081 13959 3030 18910 7326 3575 3788 4210 4043 7083 15876 5384 5018 12990 9955 16581 11847 4495
12624 6726 10151 13286 488 19250 12919 1661 8506 4711 19670 12277 15883 18658 1082 10676 1629 18918 4037 11053 3072 19239 12504 14590 17368 11949
13223 16771 3256 6636 8672 12324 4036 16704 5733 16594 4811 13301 19740 10837 1284 12010 930 3038 15253 15023 18013 1290 15251 3547 12872 13379
4949 8902 1794 1661 7008 19345 13109 11437 19482 19821 19574 3800 19537 7462 3083 5013 6880 614 18070 2942 6929 4077 4978 16097 6043 12956
17124 7302 16684 7619 10292 1820 8328 11709 16180 11921 6532 2515 8291 5847 6307 3479 10005 961 1722 15323 4667 5032 415 13229 16080 16219
6666 7056 480 3807 11254 5148 1421 12491 3100 6440 10607 15934 18588 2782 8729 5167 12568 18463 13328 11599 11328 3632 8716 16351 19516 18115
14212 17130 14351 10977 12311 14156 157 7690 10018 13905 12834 827 2958 19890 19037 14441 5039 15686 6575 15153 6484 3221 15135 17348 15803 4412
6676 15525 14556 12156 17805 13932 16508 5300 13588 8067 6497 3383 6735 11518 18189 14564 13503 12200 1651 7688 17721 613 5887 12122 13558 11982
11395 16825 12685 15488 391 459 9521 15793 1877 15565 8006 5834 3623 17683 7995 17057 7818 134 881 18689 1465 13676 5113 15610 5419 11999
8365 7973 17627 7641 1800 14938 1337 6804 7222 13916 2619 12411 15658 19192 7738 18787 19414 9637 9812 3337 11016 14306 11274 7502 6933 15353
17363 6137 3268 3424 8938 17771 8889 12766 16687 4651 16282 5001 6179 12541 17049 12648 19533 1529 7099 18879 11653 3091 5033 14392 2275 8489
13937 5789 6942 5669 11636 17996 2870 7812 19156 18973 6337 5499 10801 17844 8985 13867 10174 4641 1547 2312 3771 6653 19403 13449 6335 10731
6339 910 9260 8971 7961 9172 13945 13545 16194 8404 7930 14275 8708 1575 10130 3186 2980 11005 18674 12145 8179 4562 6947 15422 4066 1128
7738 15032 14153 6752 12476 14363 6605 15062 2985 16178 12960 16926 12686 11857 16439 14893 9398 18741 15513 4899 3635 5789 19833 1492 13442 7
5102 17084 11511 2513 8080 17581 7040 3055 5604 18208 2672 13625 3889 16991 13440 4375 19823 2990 17816 10745 8444 16998 1355 3284 13319 14188
15975 11219 17735 13840 15352 8309 4065 18626 12647 10890 2359 1132 18740 936 3106 8641 13717 18846 350 10866 1779 47 14872 19820 11528 15885
5229 12458 6615 13029 19750 10615 3476 18397 1376 9776 17347 8313 923 15822 10575 16499 4388 17754 2579 6338 7823 7512 11913 13999 13221 1251
13664 10080 16831 12379 5374 16010 7090 4909 5049 11859 13611 4190 13729 3217 15401 2461 7397 18595 2547 1205 7373 5241 15527 17967 3157 14341
17548 8280 18767 1014 16134 14908 5668 1181 7127 149 18953 19337 4596 6373 4244 383 15406 4010 6647 15685 7825 8140 17469 11405 7570 10659
15461 10446 17491 10465 11137 19418 101 7890 17478 9706 18344 19148 3251 16024 5960 5134 9039 9451 9968 10894 9461 16145 10830 3432 1052 2209
18582 4923 14925 14948 14589 11918 2029 13934 19928 16430 12372 3869 12392 6497 6385 18865 12078 3440 15028 7486 3001 15867 9482 8940 3354 14778
10860 7327 1379 8151 9302 12298 2915 12243 12211 4139 9011 3685 13722 4813 2353 3074 9868 18095 16965 1828 12676 4213 5138 9221 11240 7769
14880 4298 7993 8222 9249 11465 7777 19505 1851 16953 18741 1105 4949 14373 10774 13581 9409 6133 1827 5459 8876 18104 1275 5315 10977 6901
3424 3117 12278 10650 6396 281 18416 4241 3497 17383 18259 9298 8844 4070 12600 15359 10967 2360 19897 9141 12855 15844 2165 1947 10580 18589
2279 915 13544 36 4803 1483 7486 10130 17465 11226 280 13357 7187 8742 10859 8830 10146 5093 12184 13039 5963 12183 14815 13717 19978 3269
8736 6769 17174 7472 18801 3462 6430 19454 13274 16363 13237 6898 3011 14651 19836 3406 5711 5173 10423 168 8466 2020 3967 7798 397 19651
9956 3778 19299 7140 10788 42 10426 3365 1870 1690 17582 9618 5958 539 14148 17455 7377 14828 16473 13323 19601 9679 2157 13982 19048 8277
5730 2295 18984 13386 903 10627 19262 17206 15682 7292 4070 704 1243 16700 3479 7959 19538 7298 18640 19634 12865 13201 1297 17871 12328 16598
15250 2410 2132 6869 4430 8562 8465 13280 9122 12384 10815 4126 10985 2288 10484 1580 7254 58 3447 11892 9106 1894 1810 7525 8347 3218
16035 4212 4913 3562 9547 594 13883 777 11858 9813 17418 532 2744 10737 12784 11671 8334 10359 14621 19405 4867 16938 2675 8716 1792 12199
10701 18282 19015 19792 7131 3323 16354 10971 10945 3488 11504 2596 4950 18082 9110 13159 9538 17503 7948 14758 8019 1042 11137 9461 10387 9637
15723 13747 643 19149 1512 9349 7366 4640 17757 15116 16241 8596 3487 17268 1925 19446 15340 10785 18069 5926 9082 2731 9262 3971 12211 12011
2383 10759 15718 9450 16226 16426 477 13622 16411 6098 18 8304 3397 16320 8870 7573 4652 11621 9573 19785 4044 13154 7302 7918 18234 9070
18891 14592 2066 18747 18296 1126 13234 8706 4608 12662 4606 11490 6490 11237 15357 7838 6820 19458 11132 14387 6330 11586 10130 9818 18601 17256
14565 12277 9005 3194 12746 13311 11700 18459 10659 878 15286 18920 14542 5942 4864 4142 1552 9478 6692 11686 4420 18487 16408 5202 2003 1857
12391 1875 11775 18744 4059 15369 11080 5847 262 14603 9550 7224 19399 16734 3890 946 17030 17464 5149 475 10330 18697 11115 12572 8018 17295
4670 5984 15031 6511 3752 12244 2135 352 18645 16575 47 10327 14132 16636 10454 7743 14394 1562 2618 15524 19676 9119 2251 8094 19613 3222
245 15309 10581 2002 7922 7768 1607 18294 8389 9514 3275 15216 13513 10812 706 2654 17751 17438 14016 9337 1637 3510 12435 6458 12590 8944
17412 4626 6319 47 3549 11388 10245 16529 9639 7342 16666 5627 13435 9588 9028 5917 4453 6084 11356 3237 582 6239 1661 14019 12777 1515
5280 12625 17798 18071 11634 10578 1367 2547 6524 19034 17876 19872 10915 5195 14891 6560 4550 1541 13704 16700 18044 1341 2549 19634 14539 3899
19381 8271 19963 15464 13370 19781 12700 3174 3346 18085 3826 11897 10041 13798 3339 14105 13327 6182 2276 8365 8434 13071 9776 5949 3033 18272
16052 16782 12643 11716 19114 6554 4302 18380 8642 9671 11484 9275 2255 9060 1946 15368 19107 16436 14014 11629 9101 366 8514 10555 16331 12149
12839 16869 6556 10828 12750 14808 19443 18312 5313 1726 257 5504 10627 448 4247 18881 12596 1486 169 16138 16177 2678 11673 371 2225 1338
16266 4935 11137 3025 19641 9644 9897 16237 7324 5081 2878 435 9190 17277 2802 1284 16336 10347 12917 2481 12968 1188 9957 10582 1433 8874
4544 7983 1363 979 13468 10051 5737 11406 5391 10240 18442 2155 8656 17261 3615 2720 8606 1365 9461 449 15507 13746 592 13961 14011 4751
7716 7932 2293 16506 17119 3583 15402 18707 9130 9414 10853 5344 19543 4879 4906 7479 4293 12532 15047 12599 10885 15835 5016 14458 4854 12951
8056 1791 11925 4416 3320 2496 12853 15222 495 18008 9523 6113 13275 10327 1996 12799 10870 11249 12272 3734 13280 9567 10041 8995 3203 19753
9576 16382 17373 9351 19475 597 2254 16359 19960 10431 13879 2319 9746 7467 8600 10889 13237 6996 4868 15252 12655 5140 8016 14434 5824 4580
4848 6871 16470 10250 10492 1381 16075 12107 3021 7137 13200 5201 2342 13606 10090 9465 17159 18622 18993 8382 19148 13625 2200 12291 11103 9626
6669 2388 8086 5312 13070 16377 5829 1929 11986 17231 14498 1485 2967 5327 17416 3627 13514 12675 10713 9569 18408 15576 12431 15692 14791 8260
9520 18404 9510 14217 98 6801 14881 3059 17418 7238 6574 15287 7278 8548 6853 12713 14861 674 6544 12553 18511 12239 4294 19461 19648 9670
18708 10050 5555 9080 1738 16007 4865 5388 10875 11902 2213 19318 6080 13603 5347 2678 11867 4290 15213 4814 12755 18991 1903 6252 8498 2909
1943 15880 2230 18891 12618 8464 9190 9161 11490 14475 15369 18187 10350 3801 17933 12281 16548 15927 5444 1660 2602 5525 6439 16736 8465 8485
7380 18676 9983 5429 18859 4103 5944 8289 6852 10051 17391 16273 2544 11011 16874 660 7748 8457 14482 4686 19693 1092 18606 12237 10575 9738
1185 13574 13355 9573 10635 11889 15546 3990 4943 4874 9004 16279 4867 13407 6800 11833 7294 16233 15964 19991 3060 3044 19197 7442 4999 7563
5221 12511 14007 2740 1399 16549 16408 5053 17162 11678 7977 18697 3345 16275 18530 11481 13318 12329 18309 3043 5284 11035 18024 2564 12738 19722
8513 7890 6610 7100 1544 4729 19550 9391 15270 5029 2794 19484 10061 17254 17316 9048 18154 10205 12617 17874 13623 6093 9523 16120 14095 12969
6887 14384 17790 14984 17177 5734 8908 8713 15296 16947 12813 14862 10861 8703 4310 9639 18599 6195 5117 11842 3280 17785 8048 9613 6023 15046
2505 18657 4846 18215 6251 8074 2493 10803 5736 3300 11359 10206 15407 18889 16006 6601 19648 9558 96 4864 17197 6107 11660 18106 10566 1711
9089 13260 1220 7805 3783 9525 12464 12033 10227 1524 2654 9034 3888 2708 4814 8776 158 11554 5233 11632 1875 8897 17885 8997 16868 436
15936 1633 10528 14033 4288 18957 19547 10756 16668 15145 12501 8365 7961 11933 9943 9810 12501 7056 18249 14427 8768 2473 347 4334 17098 15116
11990 1085 1703 6155 16029 13681 19246 19250 3226 3463 18689 1712 14603 8075 12783 7785 614 16190 4750 19096 14666 9390 15459 16365 1480 9777
3564 169 14676 3829 9756 11032 4002 1570 4525 16908 17038 984 1380 14078 11012 1859 16919 9726 3854 222 16188 7180 11167 8010 3299 9925
12690 1504 3891 10846 314 18881 6840 14293 6316 10941 11253 192 12950 15616 16963 5042 3728 963 8508 17148 6394 12968 14425 14653 2665 7986
13668 525 6479 8786 15513 13442 4601 12574 2477 14793 6171 17404 16658 13161 7843 18580 3201 12197 19277 3170 17312 6329 19965 16418 2176 4547
12681 15343 7763 16881 5169 13915 8607 2291 6502 14593 9990 2825 4488 5962 15295 14587 410 1228 4639 7414 11398 527 7307 179 2904 12407
12943 4921 18338 1541 3193 19323 18951 2575 16848 8730 12497 14118 1188 9124 13271 15436 19318 3952 9113 17951 1366 9124 13531 11825 7985 17227
16800 19996 6849 16367 957 18039 5643 18892 4247 2 12128 17919 7614 15207 11508 7380 9802 18811 3373 11362 8734 11978 13651 15749 2860 802
270 15361 14064 6968 5025 765 2408 8486 16535 1001 3559 18283 13395 1246 1215 1544 7370 18030 19437 10889 3978 951 8807 3886 11900 13316
14464 11615 10019 9754 6465 17840 9671 14919 439 5003 7675 11572 13091 3437 9098 6189 5232 14362 1856 7159 3513 1715 17792 11267 7399 19668
2173 18260 3762 3700 3669 16751 2608 18863 5441 14216 5505 3486 8034 16027 14713 1949 5493 223 12474 16678 15096 15866 19541 16671 881 13232
3783 8320 17146 16662 9144 921 10117 17348 673 9360 15021 1539 12307 2062 2021 1418 18839 18157 15861 8961 2234 15674 5039 17502 15694 8178
18775 13308 955 15651 13329 12572 448 18572 3348 4669 14717 18124 4373 486 9324 1610 1662 13508 11364 14070 16131 4945 7562 6746 862 6098
7123 15293 10420 12444 12215 19802 255 11562 15650 11861 16432 5561 13325 15278 18421 8812 1680 505 456 12051 760 2215 2452 17846 186 10384
19682 11673 15849 1221 8146 8526 4171 19365 1439 18962 12288 10611 15306 4062 4930 16853 13445 4976 16946 8661 3493 10353 10443 1530 17356 2970
18812 6813 12464 6133 6678 4821 18201 9388 8678 19773 12138 6349 9282 10879 13932 7167 19734 2025 12421 10228 10422 16077 8526 913 2537 6363
18684 19833 6075 15182 350 4547 15059 1778 12898 17952 17277 248 15463 7007 2959 14820 8512 2426 18350 5994 10282 10984 838 5205 4142 1730
11238 2103 6275 7693 15603 12683 15869 18047 176 13739 7546 9559 17812 9045 15354 4428 9786 8500 18530 7151 1972 1318 3017 6489 19370 8879
14665 3845 6562 935 15656 16380 4975 2568 10773 17810 156 11117 18956 19585 14448 18371 5123 13995 6136 11619 15100 3089 9113 7100 6411 1013
623 6313 10878 7477 1168 5632 1583 10033 18513 8811 13250 4747 2413 1771 19061 6056 14614 4860 18705 11727 13597 18459 595 17354 17324 17879
8116 5397 19049 4616 4410 12548 9203 1441 2264 9399 2865 17301 15580 2524 8194 18867 17497 14861 893 18299 14988 13107 5581 4358 9211 16475
9930 10681 15819 7135 13994 10385 13939 6394 1611 9828 6005 3885 390 5849 12579 8694 7728 4094 11169 18515 19151 14521 204 9409 3249 13632
15577 4873 15145 9761 17409 17674 6914 1274 304 12384 15528 1736 1773 5584 9849 3112 14119 3653 7625 5911 14667 3253 11634 988 7531 19120
9840 13634 17062 11793 6984 1622 3954 10945 812 12767 350 17839 10031 5983 2772 6430 89 9592 960 1836 11939 12228 19431 13874 16661 10403
11711 14601 3589 6064 2418 784 18837 13893 11423 10610 17338 2065 1107 1503 4696 1611 8870 8037 13313 1253 844 9371 9461 2633 17340 9221
19796 12127 8853 19287 5091 10770 8868 9760 4573 15366 13659 2146 10062 16016 17461 14462 16982 11883 7976 8498 17335 3672 11129 16898 15077 14695
18183 6584 6411 15499 2349 18388 3772 14321 2227 9346 5006 1050 9704 12109 12187 2308 13096 1232 16370 13816 5796 6026 14053 16528 10336 18473
2337 2903 4959 18313 18458 18086 16616 8852 5219 7713 58 16889 14240 11643 19526 9187 15003 8770 12972 17757 11596 18702 9761 1848 19881 8190
3922 2852 9818 9210 8585 16457 19822 10392 2954 5059 8741 13064 19043 12617 12585 10233 4000 9343 17942 17125 13148 9093 6729 18557 19838 2297
5457 1412 16172 9702 3709 11333 11184 4108 8821 12210 6474 17471 9725 7442 9459 17538 5871 14719 19556 4882 8474 3204 10360 10602 11915 15237
7537 15629 2506 2090 16470 7803 4352 10355 6905 9583 669 7838 11629 13363 16602 13306 875 3519 19235 15115 4999 10255 19152 7165 2761 12033
16564 9008 17949 12700 5930 7334 3064 11586 8948 16323 7434 3772 11119 14172 846 19865 451 4807 8615 17531 8963 18902 12485 9196 2118 76
15597 15653 6105 18071 10763 11237 19416 3225 12651 1960 11303 11535 5858 7216 6513 13239 13690 1602 2270 10405 6087 11099 9836 8144 17695 17734
4437 8118 17502 8496 16086 4630 19680 18898 13752 11567 18755 6462 15493 4977 3340 17521 1457 13054 14084 16495 14514 16648 17060 10749 6636 3128
19541 10835 7667 16533 3593 630 4371 472 16772 11189 15846 3497 19943 8908 17627 6537 4012 19356 5262 8036 15934 10607 17265 9775 939 6391
7830 900 6723 7857 14240 7122 921 17341 6843 18880 3634 17666 18306 7591 11170 5755 13631 13885 7346 147 17880 10335 9667 7680 19639 6409
15262 13409 13835 12927 5836 1874 11273 8940 7614 7691 9600 2681 11386 1244 15349 16368 39 10448 1579 16085 7553 8634 10755 13105 6167 16237
10154 6299 2893 10175 2395 10165 15654 9299 13018 3691 7850 1190 18800 8956 16236 2319 18718 17873 15390 18444 5316 12039 5669 1454 6670 16508
13422 4011 2433 1012 10944 12740 10266 5853 15469 19669 14044 6173 16021 2582 1091 9121 3481 18033 3083 16133 5215 14947 5835 5523 13476 883
1036 18906 19292 5976 19264 4030 11028 5382 5386 8254 5925 8390 8920 4483 18932 13245 12050 8557 7853 4394 7478 5851 7974 15209 18100 11455
18679 6962 5735 13388 16041 11570 2102 18042 4421 19738 4966 19126 871 16842 14449 3962 5945 11881 1007 17342 6038 1475 12833 8747 13280 5417
1131 2514 11950 17632 15732 9588 8562 8523 11836 2381 19038 5247 13710 1354 7811 12641 11712 16444 5516 7768 9474 13815 19225 14380 17537 2393
2236 8380 7439 9055 9158 17478 13679 5627 19722 19532 18695 8592 11550 17089 19857 6446 17723 8503 2199 17075 9323 322 3529 14314 12216 18005
963 14066 10495 440 4601 15808 16348 19990 11780 912 125 15809 9728 10300 6741 94 17558 6896 17557 9299 14027 9650 16364 18341 6106 9340
8226 10355 13688 1285 9004 2813 12319 9324 14342 13442 1998 5629 2076 13618 4930 5902 3458 602 4982 12349 18030 19070 13840 10220 6399 1989
1300 16528 1192 10473 2699 1624 15062 7 5983 17159 12467 16825 2949 17231 5516 11321 17547 3558 13093 99 16368 14882 10602 12692 11451 12001
19384 8467 1457 15363 1116 17809 14268 3718 17192 4435 10074 2084 5002 2818 10940 15452 16863 8010 2910 14705 2666 12071 19849 5177 12075 18944
3387 10965 19050 17396 20000 1328 19104 8535 4679 13955 14734 18822 18457 19688 1854 9050 6013 16096 16829 3199 10736 4136 8933 9684 14041 1896
19698 10656 15314 15510 10967 9028 9141 1355 10435 1729 13089 488 17627 5367 2513 17381 16763 7172 3272 3424 5086 3637 3421 16231 7577 19951
5927 10581 291 9852 8596 3224 10339 13015 9731 19207 7582 7508 6745 9975 11616 17931 19013 9950 15161 7292 16832 7356 16531 16371 19299 8795
11201 17759 9117 10840 11957 5085 15129 7345 2860 11809 3979 1290 16447 15734 10984 9031 10851 17610 13073 746 9725 7881 9079 13153 16694 16997
17617 827 15133 13635 6162 7688 9383 13123 9104 1426 7907 4818 828 1905 13319 11671 8547 9924 3696 17061 9033 8753 8792 12598 9099 2965
683 19560 12756 11023 11967 17408 9228 6510 4873 9527 16377 9297 10872 13742 13836 2675 2076 12834 16551 18099 11470 14972 2666 7153 13879 12012
2058 17379 9940 2665 18832 18916 1990 11743 10851 14859 6027 2658 17944 19549 14979 9778 14953 8183 4623 6529 2236 490 16827 1537 2983 4926
10715 19535 19383 5136 18324 13855 7997 4879 13686 3614 9860 7734 19142 3450 10614 16302 13629 6245 3155 13209 800 1003 498 7582 4984 3876
7993 11094 14708 5778 3319 3810 15373 11865 3401 17816 14640 13440 6706 14037 13326 9023 6699 18971 19675 7621 9399 7800 10909 14008 7588 1768
8465 12602 7629 6194 1633 9388 6005 6353 14685 6536 18500 16114 16698 811 6751 11922 9014 14060 1277 16098 13327 15954 545 3074 8075 9481
8117 13868 11399 15096 3307 6446 12369 16078 11967 11308 9671 6638 3868 181 16113 13628 1586 12514 6768 7900 6139 7168 4726 11079 7799 16270
11738 16228 2367 10063 10150 6946 16210 2846 4425 7968 15290 12654 5459 9452 4836 8958 8199 18447 10824 10829 18427 123 14308 19337 981 15189
15610 11429 18738 10427 12990 12251 15765 17639 4050 13793 12349 3563 19191 19103 9095 2990 9979 12699 8788 5268 11895 17241 19615 10147 17807 11396
13946 18787 2905 18170 14025 3716 15809 11742 446 5562 19908 6536 7076 6653 7325 17610 7535 15252 9694 284 10269 5220 6491 14955 17576 12696
5971 7907 17386 7240 5645 4959 14255 1697 220 261 11899 2697 1589 13804 16955 9955 14911 4957 11646 15710 13859 640 19679 14893 1092 6183
4763 7079 9776 10460 2624 8446 17092 10096 14809 5425 6399 13003 580 18421 6975 4679 1684 5002 14782 19844 4288 4302 361 11332 12817 18414
11150 9212 16174 15010 6152 3991 18094 11142 17055 6785 1302 14300 7925 11002 11156 10641 2368 680 2372 15781 9960 10412 15811 7782 18753 617
16604 19678 15809 13246 2327 7554 9388 6330 4646 13999 13812 17647 3013 12554 13885 6733 18553 8737 15640 18606 15159 19094 9709 18312 6503 6204
2762 7374 18293 3051 2063 2058 11721 44 14807 16751 3827 11446 16741 11975 13649 3973 12740 15480 9808 15536 7973 4216 12475 19283 12814 5089
18878 2423 16242 14512 5332 15383 19865 2894 9816 11441 7768 9100 10461 15339 16349 14856 16468 10043 467 7147 1978 1146 18721 17367 19103 6426
18100 19584 4317 11222 638 14329 7294 7291 17757 19120 3026 12074 13597 8045 1678 8829 1347 19524 15232 8119 12302 19654 17649 14516 7060 8211
5633 10131 11904 2037 17409 2320 14213 1144 15792 6033 12978 16347 2362 6979 10128 14557 11643 9302 1368 7022 3804 3042 12055 2432 2959 15216
11003 12361 3386 1197 6162 15565 18920 17012 10927 19390 11162 17406 13255 10515 14344 2243 14114 10305 4592 10297 5103 18379 14177 2316 14620 4298
2430 15710 6708 42 12039 14512 7550 15046 4541 8547 15264 16845 3594 2697 17483 13764 16025 10873 4163 11045 14921 1004 10109 16428 10907 16330
6708 12621 10872 356 13253 13612 18581 18988 12217 7268 6705 16750 3686 16388 447 3612 14708 11605 14838 5662 15141 9033 17709 9093 18783 6597
13899 4819 13672 10512 8195 10543 12223 2467 3790 7666 12568 8987 19286 19864 6907 9477 16241 8942 7232 6326 19023 12422 19517 3059 7024 8429
16245 4993 18278 4858 11833 7704 15461 2481 10728 2414 9757 4572 7290 3249 12876 579 19460 7301 17330 5769 5251 14703 19654 15702 16599 14438
2561 7374 10069 15440 18348 10123 12119 14094 9545 13675 11089 8845 14506 6922 3342 19703 8781 13534 5858 8410 5226 9350 17040 8052 12186 10079
16102 7953 15995 6915 13490 11215 8450 13794 6754 866 3541 8240 13056 384 7168 16843 4739 15975 1727 6777 7610 18097 17260 9005 18769 17125
9555 13012 8241 7957 5495 11196 4912 7220 11900 9361 8001 11510 6369 15754 19822 13964 5780 5768 18111 9028 2261 4920 2131 4103 18158 16672
11789 7477 14087 127 16101 9986 2047 11564 7622 12964 6783 4962 7445 19616 7946 522 11924 5821 16057 39 8788 13412 17703 14656 15342 12686
17450 14923 3666 5518 19995 11913 4871 5308 14470 14773 4336 3345 3923 19556 8868 11759 15761 606 12266 1667 16197 5240 4422 17081 14730 9861
987 2103 8335 7841 15717 13249 10191 13538 8462 7172 10519 16507 18410 14144 15998 1606 1071 1358 4143 10905 10579 9611 6294 2867 15879 15119
17445 5066 13146 7836 11485 15057 19961 5346 14693 11985 7382 18816 1706 9583 19087 259 16030 16014 14978 10078 19085 3597 16146 14483 16346 17926
11801 18108 2034 83 4215 8056 1609 18356 9180 6948 8952 3852 8571 8334 16187 8889 815 6300 8423 12529 8203 5356 16432 6850 11149 14323
1986 6748 2850 18606 18049 938 16490 12129 13160 1606 2444 17524 7416 13655 13794 13629 4393 19253 4738 8926 13911 15736 15288 17201 17815 14106
10483 11278 10594 19302 1526 6728 6681 4912 17976 12548 7520 17107 18805 8151 4608 18142 15022 14582 1399 11426 12983 13175 16543 16800 4444 4417
17987 706 3462 3749 3488 5039 9875 11545 12454 13862 26 6788 3325 10878 17494 2563 12674 19650 4377 17170 216 7767 6603 13623 11360 12695
17032 1652 11387 1276 2911 5497 7025 986 6180 12105 6267 15565 1320 16053 16591 14341 16691 11768 2465 5753 18661 4220 9901 16952 16381 18399
5609 19179 3991 543 10748 1365 3885 5702 7541 17225 17257 8359 3483 5457 2545 13027 17015 18780 16302 16796 18892 8611 13155 14219 2593 9252
11039 15433 2420 1524 2977 15789 8664 17517 12927 10500 8765 6311 4671 6453 6992 5040 2762 10933 19877 16771 5277 15500 9546 8160 16733 7383
5971 3128 16339 12822 14846 876 7162 8934 10987 14699 3758 9585 13365 18480 18470 4592 17549 7991 15020 4349 12088 14701 16092 9967 19377 9452
18777 13655 7051 12626 2843 16524 14885 7695 15456 7095 9089 7600 6554 12139 3592 7990 917 2680 10728 12392 6176 5622 4003 4275 18837 9148
7876 15800 15757 13840 9576 15840 13260 11904 13202 3870 9943 14074 2056 2293 16941 251 635 5910 8907 14681 16313 9174 9765 9600 5236 15636
11775 1945 591 3786 12185 3047 3079 8931 2522 7073 11012 4701 18798 11089 3874 2684 9830 2450 1930 4377 16210 11711 19251 16425 11566 7377
7151 12315 16786 17029 7885 7040 675 11903 17904 775 5128 305 4579 15302 17449 3777 10949 11006 17849 12656 2515 15750 19074 11238 9166 18743
7237 17808 10588 7684 2626 2149 7158 9744 13310 9849 676 3913 15903 2205 14834 8717 15959 565 487 1687 8168 1501 13118 13912 6133 8677
6209 11995 9609 6795 14909 17196 2209 19325 15652 8610 4806 5731 8811 18806 4535 18850 2084 5261 10473 14861 5351 2762 2412 4075 7819 11863
61 1755 15949 12696 19303 17897 11605 13193 8226 529 17586 15340 12153 11757 8266 11145 4177 15346 19772 16490 16093 17738 8202 8138 3207 16198
11524 18214 9953 1458 15191 12425 5763 12041 11928 10996 4997 16441 2933 5152 2620 1881 13252 4335 740 18254 6540 18896 13461 10300 14876 3976
1225 5460 9218 5838 16539 9476 15975 19265 12340 15684 9333 17928 2973 2728 8390 8911 6373 17673 3650 7148 16428 4724 6079 16776 4673 12863
11404 385 1430 10312 10208 6751 17558 13337 4412 5338 18908 17226 3727 1309 13805 10632 1354 3866 12649 19870 3773 1913 14835 4469 9929 12203
2797 15886 1351 15170 17206 19868 9670 17290 9029 9487 3430 9808 11552 7610 12674 3240 1688 12948 8524 18787 15190 307 9370 15263 8981 12442
12216 9687 14645 18769 14018 11645 1706 4221 15896 9075 53 687 14607 12229 17710 3884 6422 414 5784 11457 614 533 16327 15754 15265 8842
18269 3751 1612 13727 16483 19752 7213 19615 10995 19923 15705 2806 10678 17739 7436 8080 16621 15957 7829 16404 8618 9669 8057 3174 7437 10771
19919 10029 14184 2195 19880 15175 13530 3354 16195 6211 16046 17699 11486 8626 19078 17250 1558 5513 4080 1915 7260 12667 5600 7860 19992 4433
5641 15311 19450 16778 7763 2248 17931 2361 6519 12621 8819 4786 6489 9497 12935 19380 15396 8423 6876 16571 7851 18429 4747 4970 13236 15746
16337 14180 8908 16240 617 9171 18774 19649 12878 16403 1353 11831 16486 11852 15326 7121 5599 13991 16159 8378 4003 2388 12323 15609 18578 15153
15339 4842 12330 8177 7656 12025 17296 17007 15771 18724 15748 13424 12345 8387 10353 17521 19325 15347 13303 6963 6387 2498 12767 12997 14423 1185
16662 2450 2582 15587 9195 2787 4192 17043 19001 7349 7109 6942 7742 1707 8979 3752 9490 1658 8533 17338 6921 9712 8139 13041 14789 15941
1366 19745 7971 6374 8652 6958 18317 5827 17067 11157 4162 17781 15880 1257 3278 19942 16418 17959 8818 7421 4144 10024 6257 10023 10263 13570
6825 13341 5564 11335 4220 14137 1971 19789 12119 18298 13739 9986 958 17602 19712 2299 14923 19705 16479 9223 782 4356 14065 2641 12024 7940
14013 10002 5384 15557 11905 64 18564 1119 16688 8719 1451 9622 14029 193 11119 16571 11951 10793 8537 8161 10864 4561 8571 18474 13124 14689
2970 5019 5523 5527 10169 5767 14960 9541 1553 452 2969 850 7761 1308 17334 5658 5413 11342 16517 1657 2685 6286 1113 8774 17979 13226
16990 17125 15999 11217 2187 1043 12934 6771 13276 7687 7881 15908 10438 17576 775 15379 3729 7722 12859 14620 13608 3865 13035 8958 6806 14787
15962 12544 4709 10042 8856 10249 14683 2306 18397 11438 2859 9051 14931 13010 18878 16341 15003 6142 16170 11774 1984 286 6847 3293 19863 5492
18066 133 1148 8757 13624 17527 15516 3703 545 4085 7733 16589 16925 5845 11027 12436 19360 2815 11504 14303 14517 18304 17308 6773 19068 14835
19327 19521 8995 9643 3007 12047 13623 16674 4889 6892 15283 12707 2385 13364 1349 11728 13671 3418 16588 11056 12771 6048 9474 6682 7313 12264
18657 13061 2339 18549 19384 2594 6374 5834 10619 5655 12788 744 7043 7282 6047 6739 19238 11390 17854 12697 17855 852 12294 10262 7468 17613
4085 11803 5787 2944 8726 11359 10051 6196 15868 7750 5143 17729 16382 12759 11779 483 12386 19912 10096 6413 3284 16677 9230 8120 1155 2867
19171 507 13411 10450 8450 11694 16438 8472 665 18966 7724 9121 5455 14833 7435 7339 8736 4535 19823 8915 13535 16672 8841 5856 11170 2170
12017 3195 5222 4264 19665 11750 1163 6321 8201 8649 2651 11980 15390 1357 3366 3421 17608 243 3594 19046 14355 6858 14822 4042 2731 9531
2259 2128 17542 3578 5343 9804 14036 316 19116 17652 3584 9049 5350 15060 16638 14425 748 8659 6509 9877 15309 15414 5072 7552 7219 17929
4781 3968 7273 11581 15984 5161 50 13605 9422 13419 1704 3838 14173 4262 11397 17267 9901 5158 10706 189 11403 2999 628 19640 5302 5820
19146 19311 13999 3131 8870 2992 5154 13250 320 19765 9956 18346 13301 11124 861 438 11827 16697 7815 19917 4460 5349 3407 15810 19160 17486
10647 7105 8933 15943 831 1601 16001 12793 4387 3627 1367 10703 4528 5282 5081 17413 11674 13518 18664 11315 1686 8698 19683 13387 13078 329
13302 7689 14165 11696 14888 6588 19769 12865 14267 343 5065 11456 19558 11626 16403 19886 6763 9144 24 4887 19948 16633 13153 1020 13363 19246
16697 13866 15009 11387 13749 2379 11320 5255 18255 8345 17966 95 12937 18667 9547 11334 13911 3848 3576 14393 8889 8847 7970 660 15932 17319
13946 9733 17638 17053 13137 16311 10086 4281 2975 19674 15892 1039 14082 17937 9166 19221 7198 17589 16685 8944 17124 18598 18227 6093 8171 17376
1544 4569 5715 8528 13614 18344 19094 3651 12303 16137 19003 13069 4231 13225 3793 12877 3046 10617 3316 13988 9296 1518 16236 18341 8696 9510
7758 1386 19403 14658 9023 17890 4317 15222 19047 4824 7975 3743 6699 16944 9690 7660 7446 6975 15284 13525 102 3990 6292 8578 31 8188
11154 10243 16558 10232 1512 13387 2019 155 18916 17638 5999 12888 3123 5213 7293 9651 115 6582 373 19198 2348 19970 14209 19214 14415 3045
8497 6053 13487 11834 5860 3239 17887 14114 13571 9866 4316 12269 10840 10977 8710 6257 2076 12268 12149 6103 6777 15104 5914 7559 934 19960
11390 10917 12820 18012 1057 14990 19514 14899 2449 2089 12377 10392 10610 16002 19035 11804 8380 10814 6554 18357 13757 9212 17384 13041 15021 14349
14181 10163 9215 12272 3754 4522 1171 16797 7617 8001 14473 16481 19910 7024 10346 18630 18357 13671 17683 2976 12144 15416 13387 14288 13608 13992
11013 13155 2405 8978 12795 6424 10540 13167 4275 1900 8297 12124 19590 3987 16866 12864 874 11802 14743 7167 3716 3097 17320 4570 2114 6241
18466 13931 15484 3500 15555 17435 12888 1429 1220 13030 11399 241 19431 4961 15137 739 4232 8551 6480 14714 3713 17444 9105 11930 14531 10748
9233 6656 12245 12390 18620 8505 635 11960 4275 11431 10309 15525 18695 9037 3253 19785 15792 15959 249 6116 4681 19859 5640 306 5683 5260
14690 17368 17243 523 13660 13768 18335 18594 2389 13296 11940 19365 824 13484 7655 14007 14041 13280 16785 270 6997 1844 12293 15877 5697 29
11548 4475 5196 14022 2054 17976 4486 436 5735 6584 12293 8979 19856 6581 9933 3153 11739 13995 3481 68 4872 1907 16355 15342 4901 6889
6829 1551 18700 11613 19392 16227 15571 14059 19950 8129 299 11202 16677 700 10415 7664 12993 1116 10417 19713 6340 6994 7211 14981 2031 8578
5339 4841 10040 6112 14257 18630 2379 9872 11642 8534 8216 2795 11124 16082 1668 2578 6656 16809 838 10423 2653 8691 7448 193 4183 6793
18838 11625 18786 7432 4642 17852 18348 18351 1732 16773 16502 7412 14951 16256 18508 2524 11511 8312 16522 15412 12400 2812 3893 4360 18518 5963
19688 5077 15471 2822 14146 10418 14086 17213 11303 10216 4017 18510 5544 18387 19855 19417 11582 15728 10506 11907 18999 18829 1528 8150 5491 9800
8810 12216 19518 18817 18620 6277 10740 7060 19048 8480 14986 16459 13257 7452 4407 13358 18885 8719 7696 3808 13979 7891 18254 18159 4844 14184
628 6477 40 3293 4329 11171 2098 7940 10916 19707 10935 12604 338 9473 6581 6126 17343 18169 8031 16001 16925 14528 19782 51 14765 1242
3819 15528 4065 10219 8358 8378 12897 2337 14327 19844 1612 1606 6822 10764 18674 7009 14043 6057 19719 4751 4049 7552 290 18890 15941 4849
6232 4786 3785 17232 10955 15878 18767 1669 16806 14928 7169 3858 8263 16556 6770 19676 16634 5706 18092 6075 12280 7102 3854 19583 16613 13114
13852 4001 15223 19863 2571 13235 12475 17826 11042 300 5143 11533 15390 2848 14051 9609 10648 820 13511 15539 12189 19299 10399 768 19230 3432
7375 1593 11829 18902 18035 17425 7119 9916 10003 826 6076 1800 6073 8694 5721 11224 13826 14900 4346 5810 3447 6205 9314 9254 8698 14325
1455 5681 8408 2082 7685 10848 17859 7060 19891 7651 1188 7841 13897 19552 19034 4605 12399 3833 19868 3123 16240 6095 2667 11218 6993 19358
6737 17800 12769 18925 644 14515 2091 10148 4273 10842 17926 11295 2722 6293 5847 13310 2089 7029 18848 13276 16517 17058 16439 203 2475 13057
19602 10321 4519 15723 9917 13983 4219 4266 11067 3031 4774 6914 18788 2289 10662 10931 7857 13213 12597 2196 9267 8012 3211 9094 15674 18390
